   1.3347882e-03
   1.2198837e-03
   1.2198390e-03
   1.2901604e-03
   1.2794969e-03
   9.9292282e-04
   8.8249430e-04
   7.4964720e-04
   3.4780630e-04
   1.7543858e-04
   1.9360624e-04
  -2.9596424e-05
   0.0000000e+00
   0.0000000e+00
   0.0000000e+00
   0.0000000e+00
   0.0000000e+00
   0.0000000e+00
   0.0000000e+00
   0.0000000e+00
   0.0000000e+00
   0.0000000e+00
   0.0000000e+00
   0.0000000e+00
   0.0000000e+00
   0.0000000e+00
   0.0000000e+00
   0.0000000e+00
   0.0000000e+00
   0.0000000e+00
   1.0452216e-03
   1.5391405e-03
   2.0435572e-03
   2.0850486e-03
   2.0089174e-03
   1.2884722e-03
   0.0000000e+00
   0.0000000e+00
   0.0000000e+00
   0.0000000e+00
   0.0000000e+00
   0.0000000e+00
   0.0000000e+00
   0.0000000e+00
  -0.0000000e+00
   1.2042886e-03
   3.0671008e-03
   1.7764633e-03
  -1.8657714e-03
  -1.9033307e-03
  -1.8372016e-03
  -3.6935264e-03
  -4.1140963e-03
  -0.0000000e+00
   0.0000000e+00
   0.0000000e+00
   0.0000000e+00
   0.0000000e+00
   0.0000000e+00
   0.0000000e+00
   0.0000000e+00
   0.0000000e+00
   0.0000000e+00
   0.0000000e+00
   0.0000000e+00
   0.0000000e+00
   0.0000000e+00
   0.0000000e+00
   4.2100074e-03
   4.5324239e-03
   8.8048139e-03
   0.0000000e+00
   1.2291636e-02
   1.0986270e-03
  -5.8717020e-03
  -7.8461720e-03
  -9.5531521e-03
  -7.1288706e-03
  -7.0380177e-03
  -8.5169990e-03
  -1.2876803e-02
  -1.2029588e-02
  -4.9428795e-05
  -6.5322872e-03
  -8.7173820e-03
  -5.8265447e-03
  -4.2678062e-03
  -4.4631128e-03
  -4.8138625e-03
  -0.0000000e+00
   0.0000000e+00
   0.0000000e+00
   0.0000000e+00
   0.0000000e+00
   0.0000000e+00
   0.0000000e+00
   0.0000000e+00
   0.0000000e+00
   0.0000000e+00
   0.0000000e+00
   0.0000000e+00
   0.0000000e+00
   0.0000000e+00
   0.0000000e+00
   5.2151969e-03
   4.3682200e-03
   8.8217631e-03
   1.1668640e-02
   4.1194484e-03
  -1.0304963e-02
  -2.0653853e-02
  -2.4724830e-02
  -2.6383070e-02
  -2.1375103e-02
  -2.0253425e-02
  -1.5075391e-02
  -1.8013062e-02
  -1.5893688e-02
  -9.0729777e-03
  -1.7374312e-02
  -0.0000000e+00
   0.0000000e+00
   0.0000000e+00
   0.0000000e+00
   0.0000000e+00
   0.0000000e+00
   0.0000000e+00
   0.0000000e+00
   0.0000000e+00
  -0.0000000e+00
  -1.1248649e-02
   0.0000000e+00
   0.0000000e+00
   0.0000000e+00
   0.0000000e+00
   0.0000000e+00
   0.0000000e+00
   0.0000000e+00
   0.0000000e+00
   0.0000000e+00
   4.9746620e-03
   3.9707010e-03
   4.4748807e-03
   4.2362935e-03
  -7.7800681e-03
  -1.5012462e-02
  -1.8350331e-02
  -2.1264367e-02
  -2.3309594e-02
  -2.1667793e-02
  -2.0344350e-02
  -1.5471433e-02
  -1.4382343e-02
  -1.4146101e-02
  -1.5312821e-02
  -2.7570939e-02
   0.0000000e+00
   0.0000000e+00
   0.0000000e+00
   0.0000000e+00
   0.0000000e+00
   0.0000000e+00
   0.0000000e+00
   0.0000000e+00
   0.0000000e+00
  -8.2397549e-03
  -1.8005709e-02
   0.0000000e+00
   0.0000000e+00
   0.0000000e+00
   0.0000000e+00
  -0.0000000e+00
  -0.0000000e+00
   0.0000000e+00
   0.0000000e+00
   0.0000000e+00
   9.2765205e-03
   1.2656733e-02
   1.4796327e-03
  -3.5645068e-03
  -1.5418083e-02
  -1.4879562e-02
  -1.2888820e-02
  -1.6282698e-02
  -1.9555977e-02
  -1.9944414e-02
  -1.8636009e-02
  -1.5711980e-02
  -1.3497368e-02
  -1.3112826e-02
  -1.6495926e-02
  -2.8624600e-02
  -2.2976744e-02
   0.0000000e+00
   0.0000000e+00
   0.0000000e+00
   0.0000000e+00
   0.0000000e+00
   0.0000000e+00
  -0.0000000e+00
  -8.9173773e-03
  -2.9350867e-02
  -3.3130172e-02
   0.0000000e+00
   0.0000000e+00
   0.0000000e+00
  -0.0000000e+00
  -7.5024774e-03
  -1.1948739e-02
  -0.0000000e+00
   0.0000000e+00
   0.0000000e+00
   2.1200800e-02
   1.8669637e-02
  -2.2466285e-03
  -1.1030388e-02
  -1.4797945e-02
  -1.2495493e-02
  -1.1384890e-02
  -1.4063593e-02
  -1.5872814e-02
  -1.5646135e-02
  -1.4894648e-02
  -1.2766263e-02
  -1.1890226e-02
  -1.2380026e-02
  -1.3408769e-02
  -2.0007441e-02
  -1.0461290e-02
  -0.0000000e+00
   0.0000000e+00
   0.0000000e+00
   0.0000000e+00
   0.0000000e+00
   0.0000000e+00
  -1.8138982e-03
  -2.1406636e-02
  -3.9141957e-02
  -2.9056366e-02
  -0.0000000e+00
  -0.0000000e+00
  -0.0000000e+00
  -3.5023213e-03
  -7.5349147e-03
  -8.8718217e-03
  -9.5226672e-03
   0.0000000e+00
   0.0000000e+00
   1.1385852e-02
   7.7951310e-04
  -1.5733829e-02
  -1.6452264e-02
  -5.6198039e-03
  -5.8614025e-03
  -6.6999141e-03
  -7.4617094e-03
  -6.9839824e-03
  -6.2236805e-03
  -5.1271357e-03
  -4.0848795e-03
  -4.8113391e-03
  -7.3771561e-03
  -9.1631413e-03
  -7.6576304e-03
   3.8793122e-03
   7.9521414e-03
   8.0776123e-03
   0.0000000e+00
   0.0000000e+00
   1.0997777e-03
   6.5840889e-03
   4.4866378e-04
  -2.2371138e-02
  -3.0043529e-02
  -1.1765201e-02
   2.3312727e-03
   1.4500468e-03
   4.7041112e-04
  -4.0066014e-03
   1.9057458e-03
   7.9016183e-03
   7.2182445e-03
   0.0000000e+00
   0.0000000e+00
   5.3311717e-03
  -6.6480748e-03
  -1.3531814e-02
  -8.2387421e-03
   6.9947704e-03
   5.3082281e-03
   4.5781056e-03
   5.3797974e-03
   7.3197233e-03
   7.4062110e-03
   9.5786937e-03
   8.7092910e-03
   6.9872579e-03
   2.3617062e-03
  -2.6609586e-03
   6.4069927e-03
   1.8299941e-02
   2.1500448e-02
   1.8173759e-02
   0.0000000e+00
   0.0000000e+00
   5.8987397e-03
   9.1310821e-03
   6.1925761e-03
  -1.1326975e-02
  -9.9454802e-03
   8.4970249e-03
   1.5206307e-02
   1.4914137e-02
   1.2484034e-02
   6.8101254e-03
   2.3218263e-02
   2.5904162e-02
   2.0018058e-02
   0.0000000e+00
   0.0000000e+00
   9.1970615e-03
   2.5072077e-03
   2.5917776e-03
   8.1729433e-03
   1.8508678e-02
   1.8265069e-02
   1.9110642e-02
   2.0735748e-02
   2.2935783e-02
   2.1639423e-02
   2.4628235e-02
   2.1783225e-02
   1.9539131e-02
   1.3697529e-02
   6.6746422e-03
   2.0421866e-02
   2.5856434e-02
   3.0350006e-02
   3.2834139e-02
   1.2493314e-02
   0.0000000e+00
   1.4468994e-02
   1.5067410e-02
   0.0000000e+00
   3.3258924e-03
   1.1901907e-02
   2.8544826e-02
   2.7489856e-02
   2.7741125e-02
   2.4467785e-02
   2.3249432e-02
   4.4462446e-02
   3.7481735e-02
   0.0000000e+00
   0.0000000e+00
   0.0000000e+00
   0.0000000e+00
   2.0735092e-02
   2.2154868e-02
   2.3994857e-02
   2.3563072e-02
   2.5744852e-02
   2.8398402e-02
   3.0456318e-02
   3.2166034e-02
   2.9559275e-02
   3.1526692e-02
   2.8011838e-02
   2.5265748e-02
   2.0432709e-02
   1.6359927e-02
   3.0033216e-02
   2.5258825e-02
   0.0000000e+00
   4.3179687e-02
   1.4314920e-02
   0.0000000e+00
   0.0000000e+00
   1.7292176e-02
   0.0000000e+00
   1.4461529e-02
   2.9132606e-02
   4.4728059e-02
   3.1908021e-02
   2.7362402e-02
   2.3823822e-02
   3.3153128e-02
   5.2085005e-02
   3.4210311e-02
   0.0000000e+00
   0.0000000e+00
   0.0000000e+00
   0.0000000e+00
   3.4679644e-02
   3.1034857e-02
   2.8678700e-02
   1.6753169e-02
   1.9720079e-02
   2.3128601e-02
   2.5492845e-02
   2.6586529e-02
   2.3653969e-02
   2.3603147e-02
   1.9982448e-02
   1.7547319e-02
   1.4341508e-02
   1.3685766e-02
   2.5396727e-02
   1.8599714e-02
   1.9774348e-02
   3.7986143e-02
   0.0000000e+00
   0.0000000e+00
   0.0000000e+00
   1.4828239e-02
   2.0320811e-02
   1.8191535e-02
   3.4477897e-02
   4.9904510e-02
   3.1818351e-02
   0.0000000e+00
   0.0000000e+00
   2.7763437e-02
   4.1009046e-02
   2.4627896e-02
   8.3616599e-03
   0.0000000e+00
   0.0000000e+00
   0.0000000e+00
   2.7080158e-02
   2.1569679e-02
   1.8855376e-02
   5.9859077e-03
   9.5672067e-03
   1.2627098e-02
   1.5382638e-02
   1.6079009e-02
   1.3602801e-02
   1.2941752e-02
   9.1108428e-03
   7.7856462e-03
   6.0096872e-03
   7.4669896e-03
   1.7261440e-02
   1.2955330e-02
   2.0272691e-02
   2.7156534e-02
   0.0000000e+00
   0.0000000e+00
   0.0000000e+00
   1.2725758e-02
   2.2697991e-02
   2.0028139e-02
   3.3232257e-02
   4.6939712e-02
   2.3161582e-02
   0.0000000e+00
   0.0000000e+00
   0.0000000e+00
   2.8161960e-02
   1.5990432e-02
   2.4967209e-03
   0.0000000e+00
   0.0000000e+00
   1.5674396e-02
   1.2266453e-02
   7.6854220e-03
   6.2551810e-03
  -5.7380018e-03
  -1.7375626e-03
   5.2937394e-04
   3.5023836e-03
   3.6496804e-03
   1.8210504e-03
   1.1187961e-03
  -2.9452117e-03
  -3.0217208e-03
  -3.9011934e-03
  -1.0718619e-03
   6.3240058e-03
   5.2160104e-03
   1.7831247e-02
   1.6478360e-02
   0.0000000e+00
   0.0000000e+00
   0.0000000e+00
   0.0000000e+00
   2.2153255e-02
   2.0131441e-02
   2.8624093e-02
   3.6719322e-02
   1.4343531e-02
   3.8119597e-03
   2.4729299e-03
   0.0000000e+00
   1.5345699e-02
   6.5409299e-03
  -4.4229702e-03
   0.0000000e+00
   0.0000000e+00
   3.3338002e-03
  -4.0638549e-03
  -6.7711850e-03
  -6.6541643e-03
  -1.5173649e-02
  -1.1548757e-02
  -1.0316940e-02
  -7.7644438e-03
  -8.8529550e-03
  -1.0454844e-02
  -1.1000275e-02
  -1.5309780e-02
  -1.4576243e-02
  -1.6620284e-02
  -1.3873762e-02
  -1.0103879e-02
  -8.4566316e-03
   1.1125249e-02
   5.0400426e-03
  -7.9695392e-03
   0.0000000e+00
   0.0000000e+00
   0.0000000e+00
   1.4103858e-02
   1.6984407e-02
   1.9675996e-02
   1.3694623e-02
   3.2143861e-03
  -2.5005280e-03
   1.1083507e-03
   0.0000000e+00
   0.0000000e+00
  -3.1202573e-03
  -1.1707654e-02
  -6.4860348e-03
  -0.0000000e+00
  -7.3484504e-03
  -1.5745806e-02
  -1.6541269e-02
  -1.6080311e-02
  -1.1539341e-02
  -9.1245705e-03
  -8.1932647e-03
  -6.2639005e-03
  -8.7097930e-03
  -9.5867096e-03
  -1.2254617e-02
  -1.5040633e-02
  -1.5211407e-02
  -1.8200971e-02
  -1.5960444e-02
  -1.8019097e-02
  -1.3750620e-02
  -3.8854110e-03
  -4.8840472e-03
  -3.4692421e-03
   0.0000000e+00
   0.0000000e+00
   0.0000000e+00
   6.3742143e-03
   1.3851096e-02
   1.0558475e-02
   3.3714704e-04
  -4.3667183e-04
   5.9745030e-04
  -3.7678340e-04
   5.7081062e-04
   0.0000000e+00
  -7.1265141e-03
  -1.3953766e-02
  -4.0173769e-03
   1.2199882e-03
  -6.2975409e-03
  -1.2389651e-02
  -1.2229444e-02
  -1.3095006e-02
  -6.1881123e-03
  -4.5892904e-03
  -4.3991818e-03
  -2.6693456e-03
  -5.7534659e-03
  -6.2060300e-03
  -9.8907733e-03
  -1.1835259e-02
  -1.2560091e-02
  -1.5667334e-02
  -1.3837249e-02
  -1.8772857e-02
  -1.3881463e-02
  -1.5308722e-02
  -1.3204780e-02
   2.1243691e-03
   0.0000000e+00
   0.0000000e+00
   0.0000000e+00
   1.1970811e-03
   1.3246935e-02
   3.5973650e-03
  -6.2373322e-03
  -7.2375534e-04
   2.3399165e-03
  -2.6940003e-03
  -5.2089144e-03
   0.0000000e+00
  -0.0000000e+00
  -1.3637859e-02
  -2.2614528e-03
   1.8337289e-03
  -2.9783777e-03
  -7.5338613e-03
  -6.9777602e-03
  -7.8081181e-03
   2.6312086e-04
   1.3709231e-03
   6.1999302e-04
   2.3164947e-03
  -7.5744151e-04
  -9.1240800e-04
  -4.5455871e-03
  -5.8629592e-03
  -6.5592066e-03
  -8.9361994e-03
  -7.1257339e-03
  -1.3157499e-02
  -8.7591074e-03
  -2.1318717e-02
  -1.8712742e-02
   8.1497123e-03
   0.0000000e+00
   0.0000000e+00
  -0.0000000e+00
  -3.5398051e-04
   1.2947387e-02
  -1.5172741e-03
  -8.0028316e-03
   2.1745204e-03
   5.5068787e-03
  -2.2643239e-03
  -8.4928243e-03
  -0.0000000e+00
  -0.0000000e+00
  -1.0961883e-02
   5.0565391e-04
   2.2811773e-03
   1.6480137e-03
  -1.6068434e-03
  -9.7497716e-04
  -1.1027788e-03
   9.1586681e-03
   9.3372976e-03
   8.9719398e-03
   9.3888827e-03
   7.0307488e-03
   6.7064352e-03
   3.7781263e-03
   2.8911622e-03
   1.3700401e-03
  -2.4401726e-05
  -3.1504434e-04
  -5.2908952e-03
  -3.9253407e-03
  -2.1810994e-02
  -2.4260914e-02
   6.9348944e-04
   0.0000000e+00
   0.0000000e+00
  -0.0000000e+00
  -1.0292338e-03
   1.1616751e-02
   4.5604608e-04
  -8.2865246e-03
   6.9455011e-05
   9.5813669e-04
  -4.5358990e-03
  -1.1648039e-02
  -6.1271020e-03
  -0.0000000e+00
  -3.2403604e-03
   1.0851152e-03
   4.7223186e-03
   7.3587485e-03
   6.7172400e-03
   7.6664393e-03
   8.2332753e-03
   1.0186540e-02
   1.0081526e-02
   1.0699945e-02
   1.0280649e-02
   8.8476492e-03
   8.3816918e-03
   6.4523504e-03
   6.2296689e-03
   4.1792346e-03
   3.1088470e-03
   1.2867226e-03
  -4.3361918e-03
  -6.7725005e-03
  -2.4923338e-02
  -2.7648959e-02
  -7.5921565e-03
   0.0000000e+00
   0.0000000e+00
  -0.0000000e+00
  -3.4253174e-03
   9.9504795e-03
   4.6091283e-03
  -7.6588951e-03
  -6.4384285e-03
  -7.7651786e-03
  -1.0400194e-02
  -1.5491157e-02
  -1.1581873e-02
  -2.2539797e-03
  -2.0784810e-03
   1.3713476e-04
   4.5882505e-03
   6.4104446e-03
   7.8435466e-03
   8.6202901e-03
   9.0293158e-03
   7.2076470e-03
   7.0939939e-03
   8.2936548e-03
   7.5759110e-03
   7.1042199e-03
   6.9211442e-03
   6.2410701e-03
   6.9364556e-03
   4.9995189e-03
   4.0654456e-03
   1.1523595e-03
  -4.5902762e-03
  -9.6316235e-03
  -2.7240578e-02
  -3.2791583e-02
  -1.7710694e-02
  -0.0000000e+00
   0.0000000e+00
  -0.0000000e+00
  -7.8824684e-03
   6.5270090e-03
   8.1445884e-03
  -0.0000000e+00
  -1.3779148e-02
  -1.7802346e-02
  -1.6107364e-02
  -2.0502962e-02
  -1.7834539e-02
  -6.2090838e-03
  -4.4411640e-03
  -3.6631608e-03
   8.8171766e-04
   2.1453926e-03
   4.8884409e-03
   5.6299753e-03
   5.8254995e-03
  -2.1409341e-03
  -1.5286397e-03
  -6.1561749e-04
  -2.0058404e-04
  -2.4566060e-04
   6.6827144e-04
   8.8456133e-04
   2.8185667e-03
   2.1977199e-03
   7.6944183e-04
  -1.9140176e-03
  -7.2758980e-03
  -1.1373906e-02
  -3.0238613e-02
  -3.8765187e-02
  -2.8410657e-02
  -3.4749192e-02
  -3.1490651e-02
  -2.7135284e-02
  -1.7289799e-02
   8.5499140e-05
   4.0509450e-05
  -0.0000000e+00
  -2.1876870e-02
  -2.9976884e-02
  -2.2081239e-02
  -2.6344147e-02
  -2.3560215e-02
  -1.5080454e-02
  -1.4441153e-02
  -1.2304793e-02
  -8.9221280e-03
  -7.1434584e-03
  -4.9940688e-03
  -3.8465464e-03
  -3.8076083e-03
  -1.8974435e-02
  -1.7276935e-02
  -1.7116459e-02
  -1.5300170e-02
  -1.5665343e-02
  -1.4124773e-02
  -1.4023018e-02
  -1.2037471e-02
  -1.0993436e-02
  -1.2766398e-02
  -1.3433206e-02
  -1.7454207e-02
  -1.8884134e-02
  -3.5453159e-02
  -4.6892863e-02
  -3.6561891e-02
  -4.3908399e-02
  -5.1510256e-02
  -5.0219771e-02
  -3.1668920e-02
  -1.1099346e-02
  -0.0000000e+00
  -1.2115754e-02
  -2.7733047e-02
  -3.5026208e-02
  -2.8743839e-02
  -3.5773460e-02
  -3.0769479e-02
  -2.7784342e-02
  -3.1552393e-02
  -2.9228374e-02
  -2.5835605e-02
  -2.1993505e-02
  -2.2550395e-02
  -2.1082772e-02
  -2.0479420e-02
  -3.3092868e-02
  -3.1839631e-02
  -3.1092780e-02
  -2.9134909e-02
  -2.8681612e-02
  -2.7951885e-02
  -2.7702367e-02
  -2.5974335e-02
  -2.4055503e-02
  -2.4774062e-02
  -2.5281006e-02
  -2.6678437e-02
  -2.7293861e-02
  -3.4918614e-02
  -4.6595518e-02
  -4.5550894e-02
  -4.7229756e-02
  -6.1103269e-02
  -6.4542171e-02
  -4.2915814e-02
  -1.9319386e-02
  -0.0000000e+00
  -2.1158466e-02
  -3.3068512e-02
  -3.6535461e-02
  -3.5971090e-02
  -4.1211117e-02
  -3.9542995e-02
  -3.8559541e-02
  -4.3209773e-02
  -4.4116624e-02
  -3.9805483e-02
  -3.5372246e-02
  -3.5314824e-02
  -3.4270465e-02
  -3.3920486e-02
  -4.5061409e-02
  -4.4979531e-02
  -4.3264385e-02
  -4.1581944e-02
  -3.9901499e-02
  -4.0327225e-02
  -3.9948337e-02
  -3.8477845e-02
  -3.6078848e-02
  -3.4991205e-02
  -3.6141969e-02
  -3.4356367e-02
  -3.3906013e-02
  -3.1130027e-02
  -4.0202338e-02
  -5.3007323e-02
  -4.9601089e-02
  -6.4233109e-02
  -7.4078403e-02
  -5.0981734e-02
  -2.4252556e-02
  -1.9316111e-02
  -3.0919727e-02
  -3.9168394e-02
  -3.7821435e-02
  -4.2577945e-02
  -4.4560302e-02
  -4.7319390e-02
  -4.7578566e-02
  -5.1085148e-02
  -5.6009941e-02
  -5.1152088e-02
  -4.7001336e-02
  -4.5232601e-02
  -4.4666413e-02
  -4.4982139e-02
  -5.3020701e-02
  -5.5022553e-02
  -5.2384038e-02
  -5.1082749e-02
  -4.7974326e-02
  -4.9291018e-02
  -4.9344908e-02
  -4.7792990e-02
  -4.5470741e-02
  -4.1564208e-02
  -4.4364534e-02
  -3.8883001e-02
  -3.4422256e-02
  -2.2378596e-02
  -2.7233966e-02
  -6.0849838e-02
  -5.5560105e-02
  -5.5748258e-02
  -6.7784376e-02
  -4.9856767e-02
  -2.7469125e-02
  -1.4813918e-02
  -3.3537358e-02
  -4.8021898e-02
  -4.0634207e-02
  -4.7395211e-02
  -4.5825031e-02
  -5.2012205e-02
  -5.4158241e-02
  -5.2310705e-02
  -6.0452949e-02
  -5.7562891e-02
  -5.5169258e-02
  -5.1204983e-02
  -5.0419375e-02
  -5.1984541e-02
  -4.1226503e-02
  -4.4000961e-02
  -4.3740209e-02
  -4.1834783e-02
  -3.9402127e-02
  -3.8486458e-02
  -4.0180434e-02
  -3.7988715e-02
  -3.6519650e-02
  -3.3471048e-02
  -3.6305990e-02
  -3.1543233e-02
  -2.1897789e-02
  -1.5986856e-02
  -1.7001802e-02
  -5.1148079e-02
  -5.7655953e-02
  -4.1181327e-02
  -4.4920214e-02
  -2.9213032e-02
  -1.7837582e-02
  -1.0515600e-02
  -1.7537164e-02
  -4.2643379e-02
  -3.7070871e-02
  -3.8430717e-02
  -4.0547352e-02
  -3.8259581e-02
  -4.3276455e-02
  -4.1157600e-02
  -4.4867512e-02
  -4.4286679e-02
  -4.2084150e-02
  -4.1658331e-02
  -3.9460480e-02
  -4.1280929e-02
  -2.4003502e-02
  -2.6404368e-02
  -2.7681602e-02
  -2.5492055e-02
  -2.3735777e-02
  -2.0808844e-02
  -2.2334052e-02
  -2.0410858e-02
  -1.9064128e-02
  -1.7482692e-02
  -1.8702479e-02
  -1.7317766e-02
  -1.0564872e-02
  -1.1185472e-02
  -8.5355481e-03
  -2.8799994e-02
  -4.3565448e-02
  -3.6242880e-02
  -0.0000000e+00
  -1.8693325e-02
  -8.1726359e-03
  -9.6457172e-03
  -4.2452007e-03
  -2.3061177e-02
  -2.3228060e-02
  -2.0655388e-02
  -2.4190120e-02
  -1.9833699e-02
  -2.3223227e-02
  -2.4416311e-02
  -2.6665237e-02
  -2.5427312e-02
  -2.3749897e-02
  -2.6308985e-02
  -2.4618220e-02
  -2.5322814e-02
  -8.7051652e-03
  -9.6375672e-03
  -1.0404294e-02
  -8.9125941e-03
  -7.2533623e-03
  -4.4713197e-03
  -4.3295226e-03
  -2.9032929e-03
  -2.5184751e-03
  -1.2221782e-03
  -3.9635255e-04
  -2.4469132e-03
  -3.5170785e-03
  -4.1004261e-03
   3.3481997e-03
  -5.3800391e-03
  -1.8617108e-02
  -1.6334796e-02
  -0.0000000e+00
  -0.0000000e+00
  -0.0000000e+00
  -1.2248340e-02
   2.9619464e-04
  -3.9168838e-03
  -7.5374199e-03
  -2.5755705e-03
  -2.9936444e-03
  -2.0985273e-03
  -3.6535687e-03
  -5.6548649e-03
  -8.1852628e-03
  -7.4369605e-03
  -7.2551258e-03
  -9.8445844e-03
  -1.0235137e-02
  -1.0679679e-02
   2.9611229e-03
   4.0597883e-03
   5.6483066e-03
   6.2751151e-03
   8.2169455e-03
   8.6838240e-03
   1.0705486e-02
   1.1254198e-02
   1.1040874e-02
   1.3143067e-02
   1.4305552e-02
   1.0528851e-02
   2.8346227e-03
   9.1140475e-03
   1.6824434e-02
   1.1722418e-02
   1.1294441e-02
   1.1115532e-02
   0.0000000e+00
   0.0000000e+00
  -0.0000000e+00
  -1.6572670e-02
  -7.3240423e-03
   4.4142557e-03
   6.5226392e-03
   9.6183876e-03
   1.4648371e-02
   1.2633692e-02
   1.1635719e-02
   1.1061432e-02
   9.7213788e-03
   8.7036919e-03
   6.8965200e-03
   6.2078419e-03
   3.1891020e-03
   2.2379453e-03
   1.0374268e-02
   1.2061972e-02
   1.5287569e-02
   1.5958635e-02
   1.7479185e-02
   1.5676606e-02
   1.6900189e-02
   1.7046070e-02
   1.7608587e-02
   1.9478934e-02
   1.9622911e-02
   1.7349957e-02
   1.2218673e-02
   2.2407379e-02
   2.2233471e-02
   2.0020101e-02
   3.4333196e-02
   0.0000000e+00
   0.0000000e+00
   0.0000000e+00
  -0.0000000e+00
  -1.1001331e-02
  -1.1110432e-02
  -1.5148298e-04
   1.1003011e-02
   1.4061939e-02
   1.9281970e-02
   1.9614549e-02
   1.8437589e-02
   1.8116292e-02
   2.0529799e-02
   2.0078786e-02
   1.7545108e-02
   1.7169800e-02
   1.3059232e-02
   1.1372160e-02
   1.0870856e-02
   1.0925215e-02
   1.3059996e-02
   1.4313441e-02
   1.5338696e-02
   1.4512808e-02
   1.4394486e-02
   1.5226969e-02
   1.5524476e-02
   1.5749101e-02
   1.5850689e-02
   1.5651345e-02
   1.6447091e-02
   1.8766709e-02
   1.3525534e-02
   1.9294210e-02
   2.9461042e-02
   1.6638292e-02
   1.1324120e-02
   3.6993923e-03
  -5.0141281e-03
  -4.2686611e-03
  -7.0342654e-03
  -4.0731397e-03
   7.3190709e-03
   9.5998393e-03
   1.1529283e-02
   1.5364760e-02
   1.5043548e-02
   1.4117074e-02
   1.7818334e-02
   2.0221131e-02
   1.8644374e-02
   1.7489690e-02
   1.4354176e-02
   1.1973011e-02
   6.4580371e-03
   5.6224745e-03
   5.9914934e-03
   6.3491319e-03
   6.8610553e-03
   7.2667082e-03
   7.7233259e-03
   8.7709799e-03
   7.8680748e-03
   7.5314008e-03
   8.9256875e-03
   8.7507172e-03
   8.8838935e-03
   8.1404271e-03
   6.2786788e-03
   1.2332217e-02
   1.6194293e-02
   1.1735035e-02
   9.3052117e-03
   4.2486475e-03
   9.5142241e-05
   5.7707640e-04
  -8.1310311e-04
  -1.1635933e-03
   3.0002163e-03
   4.4019711e-03
   4.3054395e-03
   6.2134149e-03
   6.7405007e-03
   6.2435945e-03
   7.8806570e-03
   1.0277243e-02
   9.6149165e-03
   8.9309989e-03
   8.3128754e-03
   7.0136166e-03
   1.7065747e-03
   1.3625142e-03
   1.6055395e-03
   1.3758861e-03
   1.3290253e-03
   1.4867577e-03
   1.8917738e-03
   2.0271286e-03
   1.3759818e-03
   1.6391779e-03
   2.5913916e-03
   2.1632866e-03
   1.6832218e-03
   1.7956791e-03
   1.8167146e-03
   3.2459602e-03
   3.3914438e-03
   3.3330037e-03
   3.9535216e-03
   3.1397028e-03
   2.7719787e-03
   2.3220349e-03
   1.4127928e-03
  -2.0964204e-05
   2.2110765e-04
   1.2455620e-03
   1.3862653e-03
   9.5700560e-04
   9.8680565e-04
   2.0038635e-03
   2.2716564e-03
   2.4351228e-03
   2.1445728e-03
   2.3862270e-03
   2.5857571e-03
   2.0321393e-03
  -1.3204085e-03
  -1.1839841e-03
  -6.1370572e-04
  -5.1753398e-04
  -4.6367792e-04
  -5.8419700e-04
  -5.8073585e-04
  -9.2300103e-04
  -1.0564043e-03
  -5.3873239e-04
  -2.3389384e-05
  -3.0890666e-04
  -9.1347488e-04
  -8.2572241e-04
  -7.7599491e-04
  -6.9494551e-04
  -7.4650970e-04
   7.1533024e-05
   9.7164884e-04
   1.1884585e-03
   1.2366736e-03
   7.9484511e-04
   3.0159258e-04
  -7.9706142e-04
  -1.0374449e-03
  -4.8182669e-04
  -4.0476391e-04
  -1.1070888e-03
  -1.2261280e-03
  -1.5776761e-05
   6.0033594e-04
   3.7903542e-04
  -1.7950941e-04
  -2.6813350e-04
  -4.8741009e-04
  -9.5270784e-04
  -8.9942681e-04
  -8.8958757e-04
  -6.1987876e-04
  -3.1236210e-04
  -2.7872740e-05
   1.0902926e-04
   1.3730486e-04
   8.8029501e-06
  -1.1534987e-04
  -2.4696911e-04
  -4.6989901e-04
  -8.1723527e-04
  -1.2213790e-03
  -1.3860095e-03
  -1.3951490e-03
  -1.1991221e-03
  -1.0252169e-03
  -7.2109007e-04
  -5.8892264e-04
  -5.6938728e-04
  -5.5842416e-04
  -4.7109651e-04
  -1.7583052e-04
   1.0900482e-04
   3.8765001e-04
   3.9772625e-04
   1.3643503e-04
  -2.4158615e-04
  -3.9680369e-04
  -1.2132018e-04
   2.1529174e-04
   4.1072140e-04
   3.3095360e-04
   1.1136844e-04
  -2.5057141e-04
  -6.3635304e-04
