   2.6551138e-04
   1.5072329e-04
   1.4473561e-04
   2.6355632e-04
  -6.7154689e-06
  -1.0523077e-04
  -6.7408950e-04
  -1.0651231e-03
  -1.1565392e-03
  -1.2056930e-03
  -1.1279615e-03
  -1.0271882e-03
   0.0000000e+00
   0.0000000e+00
   0.0000000e+00
   0.0000000e+00
   0.0000000e+00
   0.0000000e+00
   0.0000000e+00
   0.0000000e+00
   0.0000000e+00
   0.0000000e+00
   0.0000000e+00
   0.0000000e+00
   0.0000000e+00
   0.0000000e+00
   0.0000000e+00
   0.0000000e+00
   0.0000000e+00
   0.0000000e+00
   1.0599093e-03
   1.1769520e-03
   1.0579525e-03
   7.9991095e-04
   5.6567394e-04
   7.7701606e-04
   0.0000000e+00
   0.0000000e+00
  -0.0000000e+00
  -0.0000000e+00
  -0.0000000e+00
  -0.0000000e+00
  -0.0000000e+00
  -0.0000000e+00
  -0.0000000e+00
  -1.5675578e-03
  -7.5439033e-04
   1.3506648e-03
   6.1709054e-03
   7.7458125e-03
   5.9847626e-03
   3.4669986e-03
   2.1917417e-03
   0.0000000e+00
   0.0000000e+00
   0.0000000e+00
   0.0000000e+00
   0.0000000e+00
   0.0000000e+00
   0.0000000e+00
   0.0000000e+00
   0.0000000e+00
   0.0000000e+00
   0.0000000e+00
   0.0000000e+00
   0.0000000e+00
   0.0000000e+00
   0.0000000e+00
   1.0350575e-03
   2.0272543e-03
   5.5067890e-03
   0.0000000e+00
   5.4839581e-02
   5.3989906e-02
   3.8423825e-02
   2.6029592e-02
   2.1254843e-02
   2.0218739e-02
   1.7620705e-02
   1.6683441e-02
   1.4088500e-02
   1.0023307e-02
   7.6268359e-03
   9.6227415e-03
   1.0693108e-02
   1.1029348e-02
   9.7572586e-03
   6.6526033e-03
   4.7600493e-03
   0.0000000e+00
   0.0000000e+00
   0.0000000e+00
   0.0000000e+00
   0.0000000e+00
   0.0000000e+00
   0.0000000e+00
   0.0000000e+00
   0.0000000e+00
   0.0000000e+00
   0.0000000e+00
   0.0000000e+00
   0.0000000e+00
   0.0000000e+00
   0.0000000e+00
   4.0815691e-03
   7.1534305e-03
   1.6902158e-02
   3.1736366e-02
   1.1104442e-01
   1.3211977e-01
   1.1562551e-01
   9.3816370e-02
   7.5075597e-02
   6.5960616e-02
   5.7227496e-02
   5.1642708e-02
   4.2990107e-02
   2.5849683e-02
   2.4930642e-02
   1.8843505e-02
   0.0000000e+00
   0.0000000e+00
   0.0000000e+00
   0.0000000e+00
   0.0000000e+00
   0.0000000e+00
   0.0000000e+00
   0.0000000e+00
   0.0000000e+00
   0.0000000e+00
   5.3957270e-03
   0.0000000e+00
   0.0000000e+00
   0.0000000e+00
   0.0000000e+00
   0.0000000e+00
   0.0000000e+00
   0.0000000e+00
   0.0000000e+00
   0.0000000e+00
   1.0051579e-02
   1.4794467e-02
   2.6173292e-02
   5.2477654e-02
   1.2138078e-01
   1.5082501e-01
   1.4489014e-01
   1.2621494e-01
   1.0215048e-01
   8.8933349e-02
   7.7992208e-02
   7.1899392e-02
   6.6389859e-02
   5.1372346e-02
   5.1352959e-02
   3.4475288e-02
   0.0000000e+00
   0.0000000e+00
   0.0000000e+00
   0.0000000e+00
   0.0000000e+00
   0.0000000e+00
   0.0000000e+00
   0.0000000e+00
   0.0000000e+00
   2.3849957e-02
   1.2926503e-02
   0.0000000e+00
   0.0000000e+00
   0.0000000e+00
   0.0000000e+00
   0.0000000e+00
   0.0000000e+00
   0.0000000e+00
   0.0000000e+00
   0.0000000e+00
   2.2152027e-02
   3.5228908e-02
   4.2561695e-02
   6.5882228e-02
   1.1186793e-01
   1.3107568e-01
   1.3024867e-01
   1.2007610e-01
   1.0390549e-01
   9.3576290e-02
   8.4219269e-02
   7.9985283e-02
   7.7900358e-02
   7.0615537e-02
   7.0867777e-02
   4.5587671e-02
   2.6361645e-02
   0.0000000e+00
   0.0000000e+00
   0.0000000e+00
   0.0000000e+00
   0.0000000e+00
   0.0000000e+00
   0.0000000e+00
   4.9064737e-02
   5.8668885e-02
   3.3434169e-02
   0.0000000e+00
   0.0000000e+00
   0.0000000e+00
   0.0000000e+00
   4.0500313e-02
   2.4407157e-02
   0.0000000e+00
   0.0000000e+00
   0.0000000e+00
   5.5815820e-02
   7.0452057e-02
   7.2634034e-02
   8.6091354e-02
   7.8236587e-02
   8.6371265e-02
   8.7952755e-02
   8.5944921e-02
   7.8891069e-02
   7.3764965e-02
   6.8472952e-02
   6.5506510e-02
   6.5345526e-02
   6.2910840e-02
   6.1995417e-02
   3.9957520e-02
   2.2697670e-02
   0.0000000e+00
   0.0000000e+00
   0.0000000e+00
   0.0000000e+00
   0.0000000e+00
   0.0000000e+00
   5.1189423e-02
   7.5660259e-02
   7.1354069e-02
   3.6381093e-02
   0.0000000e+00
   0.0000000e+00
   0.0000000e+00
   3.9738889e-02
   4.7603969e-02
   2.8690491e-02
   2.0150391e-02
   0.0000000e+00
   0.0000000e+00
   6.3973248e-02
   7.3650688e-02
   7.0310347e-02
   7.1850382e-02
   2.4551019e-02
   2.8543416e-02
   3.3136338e-02
   3.5311624e-02
   3.3476319e-02
   3.2106090e-02
   3.0044571e-02
   2.7746145e-02
   2.8060462e-02
   2.8403629e-02
   2.9388877e-02
   1.9991826e-02
   1.1953807e-02
   1.5495396e-02
   1.0813611e-02
   0.0000000e+00
   0.0000000e+00
   1.4177545e-02
   3.2042651e-02
   4.7162145e-02
   6.0921937e-02
   4.9759850e-02
   1.8052781e-02
   8.9929951e-03
   1.2946529e-02
   1.7944036e-02
   2.9723000e-02
   2.9074548e-02
   1.2913226e-02
   7.4382848e-03
   0.0000000e+00
   0.0000000e+00
   3.4515116e-02
   3.6005728e-02
   3.0109094e-02
   2.5305763e-02
  -3.0186476e-02
  -2.6608149e-02
  -1.9529467e-02
  -1.7262019e-02
  -1.7017789e-02
  -1.6980201e-02
  -1.7584018e-02
  -1.7851349e-02
  -1.9056028e-02
  -1.6048983e-02
  -1.3107320e-02
  -9.7530996e-03
  -5.1048505e-03
   2.9444776e-03
   5.5108177e-03
  -0.0000000e+00
  -0.0000000e+00
   4.2923950e-03
   1.9628134e-02
   2.0589987e-02
   1.4213183e-02
   7.2215670e-03
  -1.0755051e-02
  -1.5359932e-02
  -8.7914784e-03
  -7.2282534e-03
  -4.6544047e-03
  -1.1313068e-02
  -9.4715228e-03
  -4.9114254e-03
   0.0000000e+00
   0.0000000e+00
  -8.7643258e-03
  -1.8745754e-02
  -2.3877801e-02
  -3.0637830e-02
  -6.8595164e-02
  -6.7361847e-02
  -5.9791651e-02
  -5.9552349e-02
  -5.8733057e-02
  -5.8277659e-02
  -5.8819305e-02
  -5.5676337e-02
  -5.9685107e-02
  -5.4316010e-02
  -5.3114273e-02
  -4.0850554e-02
  -2.0935789e-02
  -9.4539661e-03
  -4.0221374e-04
  -6.3767517e-03
  -0.0000000e+00
  -1.1604744e-02
  -3.6904091e-03
  -0.0000000e+00
  -3.7633080e-02
  -4.0179089e-02
  -4.3714441e-02
  -4.0638763e-02
  -3.0394249e-02
  -3.5147917e-02
  -4.4301767e-02
  -4.9596269e-02
  -2.8426868e-02
   0.0000000e+00
   0.0000000e+00
   0.0000000e+00
  -0.0000000e+00
  -6.5090440e-02
  -6.6137575e-02
  -7.2499216e-02
  -7.5536557e-02
  -8.0954470e-02
  -7.6026157e-02
  -7.5703949e-02
  -7.4464738e-02
  -7.2969846e-02
  -7.3964156e-02
  -6.7258619e-02
  -7.0912562e-02
  -6.7630313e-02
  -7.4548766e-02
  -5.9561059e-02
  -2.6981094e-02
  -0.0000000e+00
  -2.5665555e-03
  -1.5541392e-03
  -0.0000000e+00
  -0.0000000e+00
  -1.9162339e-02
  -0.0000000e+00
  -6.4191639e-02
  -7.9878084e-02
  -6.7399479e-02
  -4.3677271e-02
  -3.3264821e-02
  -4.0393081e-02
  -6.2505893e-02
  -6.5060005e-02
  -2.9784716e-02
  -0.0000000e+00
   0.0000000e+00
   0.0000000e+00
  -0.0000000e+00
  -8.1084050e-02
  -7.4356399e-02
  -7.8021094e-02
  -5.3615581e-02
  -6.1035920e-02
  -6.2091496e-02
  -5.9404101e-02
  -5.8082066e-02
  -5.3420145e-02
  -5.2945595e-02
  -4.7532551e-02
  -4.7614653e-02
  -4.8642963e-02
  -5.5792280e-02
  -5.1396172e-02
  -2.3933735e-02
  -1.6672641e-02
  -3.1143041e-03
   0.0000000e+00
   0.0000000e+00
  -0.0000000e+00
  -2.5730725e-02
  -4.0355778e-02
  -5.6325763e-02
  -8.5318573e-02
  -6.7843765e-02
  -3.4697131e-02
  -0.0000000e+00
  -0.0000000e+00
  -4.6235761e-02
  -5.1500145e-02
  -1.8937532e-02
  -6.1213784e-03
   0.0000000e+00
   0.0000000e+00
  -0.0000000e+00
  -5.7123136e-02
  -4.9894772e-02
  -5.1902253e-02
  -3.3410296e-02
  -3.9149489e-02
  -4.3258827e-02
  -3.9731439e-02
  -3.8526017e-02
  -3.3442732e-02
  -3.1322967e-02
  -2.7846847e-02
  -2.6431385e-02
  -3.0540993e-02
  -3.6382530e-02
  -3.8113002e-02
  -1.9517250e-02
  -1.0940348e-02
  -1.5419377e-03
   0.0000000e+00
   0.0000000e+00
  -0.0000000e+00
  -2.4008551e-02
  -4.0009890e-02
  -4.6216559e-02
  -7.1988828e-02
  -5.6479022e-02
  -1.7149282e-02
   0.0000000e+00
   0.0000000e+00
  -0.0000000e+00
  -3.6776289e-02
  -1.1975209e-02
  -4.2672107e-04
   0.0000000e+00
  -0.0000000e+00
  -2.4652699e-02
  -3.2218181e-02
  -2.7250336e-02
  -2.9450106e-02
  -1.6617084e-02
  -1.9306101e-02
  -2.4670349e-02
  -2.0649549e-02
  -1.9644855e-02
  -1.5263271e-02
  -1.1889900e-02
  -1.0434791e-02
  -8.0313710e-03
  -1.3904185e-02
  -1.7469611e-02
  -2.2183366e-02
  -1.2104277e-02
  -8.9239038e-04
   4.2767284e-03
   0.0000000e+00
   0.0000000e+00
   0.0000000e+00
  -0.0000000e+00
  -3.3540446e-02
  -3.4655482e-02
  -5.1183958e-02
  -3.8109247e-02
  -5.5476157e-03
  -3.7628895e-03
  -1.9887406e-03
  -0.0000000e+00
  -2.2581742e-02
  -7.2370637e-03
   3.6927288e-03
   0.0000000e+00
  -0.0000000e+00
  -1.1855522e-02
  -1.1498113e-02
  -8.9925313e-03
  -1.1729874e-02
  -1.2630969e-02
  -1.1304716e-02
  -1.4728353e-02
  -9.8214196e-03
  -8.9154085e-03
  -6.1170766e-03
  -2.9026992e-03
  -3.0212083e-03
   4.5313322e-04
  -3.0809371e-03
  -2.3155871e-03
  -3.3803480e-03
   1.3119155e-03
   1.5164434e-02
   1.4193987e-02
   1.3891906e-02
   0.0000000e+00
   0.0000000e+00
  -0.0000000e+00
  -1.7213645e-02
  -2.4356382e-02
  -2.7503256e-02
  -1.2351106e-02
   5.3715766e-03
   3.3785806e-03
   2.2329873e-03
   0.0000000e+00
  -0.0000000e+00
  -9.3849422e-03
  -1.9746092e-03
  -8.0148120e-03
  -0.0000000e+00
  -1.3703028e-02
  -1.0402376e-02
  -7.7657877e-03
  -9.6930545e-03
  -2.6478358e-02
  -2.3729902e-02
  -2.6645422e-02
  -2.0445133e-02
  -2.0387642e-02
  -1.8384062e-02
  -1.5822472e-02
  -1.8047843e-02
  -1.3537747e-02
  -1.7158654e-02
  -1.2226008e-02
  -7.6158056e-03
   1.8023065e-04
   2.2526477e-02
   2.0026295e-02
   1.5657828e-02
   0.0000000e+00
   0.0000000e+00
  -0.0000000e+00
  -7.5280699e-03
  -2.1172087e-02
  -2.5137346e-02
  -1.0221673e-02
  -1.9353577e-04
  -4.1529704e-03
   5.5304175e-05
  -1.5139162e-05
  -0.0000000e+00
  -1.7710811e-02
  -2.0679759e-02
  -2.6920750e-02
  -3.2592464e-02
  -2.6328705e-02
  -2.7425699e-02
  -2.4951547e-02
  -2.4296835e-02
  -3.7072856e-02
  -3.3855829e-02
  -3.6960915e-02
  -3.0467696e-02
  -3.0977076e-02
  -2.9144866e-02
  -2.7214935e-02
  -3.0620668e-02
  -2.5770888e-02
  -2.9692020e-02
  -2.2550633e-02
  -1.6087169e-02
  -5.8628903e-03
   2.1327119e-02
   2.1964834e-02
   1.7706235e-02
   0.0000000e+00
   0.0000000e+00
  -0.0000000e+00
  -1.7482193e-03
  -1.9448534e-02
  -2.6515011e-02
  -1.4959080e-02
  -7.6997504e-03
  -9.8167183e-03
  -3.9014441e-03
  -4.0836430e-03
   0.0000000e+00
  -0.0000000e+00
  -3.5422686e-02
  -3.5363391e-02
  -3.9282817e-02
  -3.4229551e-02
  -3.8177934e-02
  -3.6377445e-02
  -3.4883764e-02
  -4.2319972e-02
  -3.8389869e-02
  -4.2006139e-02
  -3.5425756e-02
  -3.6276303e-02
  -3.4128048e-02
  -3.2888848e-02
  -3.6606561e-02
  -3.1682275e-02
  -3.5390016e-02
  -2.6774766e-02
  -2.1141903e-02
  -1.1513283e-02
   1.5833037e-02
   2.1794060e-02
   1.9944947e-02
   0.0000000e+00
   0.0000000e+00
   0.0000000e+00
  -3.7510867e-05
  -1.6043720e-02
  -2.7092095e-02
  -2.0145586e-02
  -1.4156023e-02
  -1.2384211e-02
  -6.4543658e-03
  -6.0983847e-03
  -0.0000000e+00
  -0.0000000e+00
  -4.6140477e-02
  -4.0222086e-02
  -4.1060250e-02
  -3.7000820e-02
  -4.2682491e-02
  -4.1511793e-02
  -3.9881669e-02
  -4.1326690e-02
  -3.9191756e-02
  -4.1540720e-02
  -3.7585780e-02
  -3.8862504e-02
  -3.7462462e-02
  -3.7344486e-02
  -4.0109280e-02
  -3.7410788e-02
  -3.9513726e-02
  -3.4194984e-02
  -2.9327739e-02
  -1.9278400e-02
   1.7435706e-03
   1.4244949e-02
   1.3068879e-02
   0.0000000e+00
   0.0000000e+00
   0.0000000e+00
   7.5391489e-03
  -1.6697889e-03
  -1.7905875e-02
  -2.5628220e-02
  -2.0985596e-02
  -1.5789075e-02
  -1.4992218e-02
  -1.4851154e-02
  -1.4730636e-02
  -0.0000000e+00
  -4.5436136e-02
  -3.8525403e-02
  -3.8562100e-02
  -3.6750060e-02
  -4.0843971e-02
  -3.9832849e-02
  -4.0235378e-02
  -3.4910232e-02
  -3.3415601e-02
  -3.4374867e-02
  -3.1892072e-02
  -3.3899002e-02
  -3.3667628e-02
  -3.5632174e-02
  -3.8081981e-02
  -3.8190510e-02
  -4.1114666e-02
  -3.9664857e-02
  -3.8261294e-02
  -3.0482415e-02
  -1.9328596e-02
  -3.7046345e-03
   4.5192301e-03
   0.0000000e+00
   0.0000000e+00
   0.0000000e+00
   1.1377960e-02
   1.0229140e-02
  -9.5301056e-03
  -2.1370763e-02
  -2.5459372e-02
  -2.6097652e-02
  -2.4344180e-02
  -2.9599257e-02
  -3.0777157e-02
  -3.9451529e-02
  -3.9391201e-02
  -3.4909524e-02
  -3.5017692e-02
  -3.3496119e-02
  -3.6110319e-02
  -3.4765776e-02
  -3.5358697e-02
  -2.7086496e-02
  -2.5849517e-02
  -2.5500208e-02
  -2.4058076e-02
  -2.6387673e-02
  -2.7031312e-02
  -3.0337073e-02
  -3.2039344e-02
  -3.4381758e-02
  -3.7661120e-02
  -3.9056465e-02
  -4.0951852e-02
  -3.8530935e-02
  -4.1888110e-02
  -2.7056889e-02
  -5.1745293e-03
  -0.0000000e+00
   0.0000000e+00
   0.0000000e+00
   1.2307730e-02
   1.9561565e-02
   1.4242509e-03
  -0.0000000e+00
  -2.7808893e-02
  -3.4076214e-02
  -3.2101646e-02
  -4.5635484e-02
  -4.6002839e-02
  -4.1248858e-02
  -3.5141155e-02
  -3.1752095e-02
  -3.1353351e-02
  -3.0005645e-02
  -3.1168697e-02
  -2.9130969e-02
  -2.9099271e-02
  -2.1264289e-02
  -1.9981604e-02
  -1.8979659e-02
  -1.7442843e-02
  -1.9808952e-02
  -2.0496489e-02
  -2.3763226e-02
  -2.3899645e-02
  -2.6734378e-02
  -3.0846108e-02
  -3.3564240e-02
  -4.0001545e-02
  -4.4722773e-02
  -6.9260165e-02
  -6.1010713e-02
  -3.1302867e-02
  -2.7417964e-02
  -1.3374406e-02
  -9.4044899e-03
   5.1345644e-03
   2.0151328e-02
   3.9142509e-04
  -0.0000000e+00
  -2.8129363e-02
  -4.1023191e-02
  -4.0325116e-02
  -6.3036926e-02
  -6.1754040e-02
  -4.7226883e-02
  -3.8153891e-02
  -3.3505734e-02
  -3.1626329e-02
  -2.9822761e-02
  -3.0292576e-02
  -2.6496494e-02
  -2.4522388e-02
  -4.2296275e-02
  -4.0644359e-02
  -3.9761793e-02
  -3.8213298e-02
  -3.9848443e-02
  -4.0149499e-02
  -4.0987585e-02
  -4.0344018e-02
  -4.2306822e-02
  -4.6657756e-02
  -4.8531048e-02
  -5.5475578e-02
  -6.4486764e-02
  -9.3372174e-02
  -9.9949174e-02
  -6.2076852e-02
  -5.1607531e-02
  -4.6247110e-02
  -3.0648440e-02
  -1.4982290e-02
  -6.7813881e-03
  -0.0000000e+00
  -2.3702554e-02
  -3.9817039e-02
  -5.2167002e-02
  -6.4124115e-02
  -8.2207076e-02
  -7.6268449e-02
  -6.8195015e-02
  -6.5244645e-02
  -5.8615096e-02
  -5.4639965e-02
  -5.2523844e-02
  -5.2125480e-02
  -4.8125826e-02
  -4.5079134e-02
  -7.5371683e-02
  -7.3395297e-02
  -7.1677595e-02
  -7.0732906e-02
  -7.0744544e-02
  -7.1681328e-02
  -6.9090083e-02
  -6.8834282e-02
  -6.8875566e-02
  -7.1959816e-02
  -7.3652714e-02
  -7.7140607e-02
  -8.7015778e-02
  -1.0244091e-01
  -1.1634583e-01
  -8.6977780e-02
  -6.8815663e-02
  -7.1030028e-02
  -4.7021913e-02
  -3.6479004e-02
  -3.1528569e-02
  -0.0000000e+00
  -5.1149204e-02
  -5.7138074e-02
  -6.7197800e-02
  -9.0554468e-02
  -9.7729705e-02
  -9.4856724e-02
  -9.2400633e-02
  -9.3954273e-02
  -8.9045525e-02
  -8.4567115e-02
  -8.3120205e-02
  -8.0169283e-02
  -7.8319117e-02
  -7.5941056e-02
  -1.1032890e-01
  -1.0828753e-01
  -1.0535154e-01
  -1.0497796e-01
  -1.0341042e-01
  -1.0500445e-01
  -9.9492066e-02
  -9.9743679e-02
  -9.7453006e-02
  -9.8649785e-02
  -9.9567845e-02
  -9.7845592e-02
  -1.0523921e-01
  -1.0346615e-01
  -1.1759079e-01
  -1.0168121e-01
  -7.9733536e-02
  -8.3497040e-02
  -5.6741379e-02
  -5.5813152e-02
  -5.4917221e-02
  -5.5708343e-02
  -8.4569603e-02
  -7.5845726e-02
  -8.4786252e-02
  -1.1365346e-01
  -1.1046576e-01
  -1.1296473e-01
  -1.1416565e-01
  -1.1850682e-01
  -1.1704297e-01
  -1.1318970e-01
  -1.1323614e-01
  -1.0818139e-01
  -1.0915735e-01
  -1.0827290e-01
  -1.4272740e-01
  -1.4118585e-01
  -1.3673759e-01
  -1.3587871e-01
  -1.3387167e-01
  -1.3510081e-01
  -1.2949684e-01
  -1.2936547e-01
  -1.2439305e-01
  -1.2339146e-01
  -1.2132648e-01
  -1.1266050e-01
  -1.0862793e-01
  -9.2190899e-02
  -1.0057973e-01
  -1.0167144e-01
  -8.0643035e-02
  -6.6784859e-02
  -4.9409866e-02
  -6.7258738e-02
  -7.5979449e-02
  -7.7000648e-02
  -1.1092702e-01
  -9.4766781e-02
  -1.0144183e-01
  -1.2803373e-01
  -1.2076123e-01
  -1.2959898e-01
  -1.2952588e-01
  -1.3085604e-01
  -1.3368012e-01
  -1.3447730e-01
  -1.3826007e-01
  -1.3373642e-01
  -1.3711067e-01
  -1.3883249e-01
  -1.0556534e-01
  -1.0509891e-01
  -1.0273816e-01
  -1.0170630e-01
  -1.0181776e-01
  -1.0108671e-01
  -1.0094821e-01
  -9.9349782e-02
  -9.8096244e-02
  -9.6453123e-02
  -9.1675110e-02
  -8.2885303e-02
  -7.0021734e-02
  -6.3480295e-02
  -6.7845896e-02
  -7.0506342e-02
  -5.3294357e-02
  -2.7103476e-02
  -2.0716800e-02
  -3.6394052e-02
  -5.7686370e-02
  -7.0388988e-02
  -7.8294963e-02
  -7.7233225e-02
  -8.3452133e-02
  -9.7979344e-02
  -9.8876573e-02
  -9.7842149e-02
  -9.6192926e-02
  -9.3826346e-02
  -9.4854645e-02
  -9.7785532e-02
  -1.0308073e-01
  -1.0501020e-01
  -1.0510718e-01
  -1.0619358e-01
  -4.1636270e-02
  -4.0937081e-02
  -3.9748259e-02
  -3.9544567e-02
  -4.0097803e-02
  -3.8073834e-02
  -3.9606515e-02
  -3.8613182e-02
  -3.9415523e-02
  -3.7768770e-02
  -3.5118762e-02
  -3.0284736e-02
  -1.9485924e-02
  -2.1633733e-02
  -2.3156876e-02
  -1.9723231e-02
  -1.3171950e-02
  -9.9342904e-03
  -0.0000000e+00
  -1.1705816e-02
  -2.9062390e-02
  -3.8241297e-02
  -2.7321169e-02
  -3.1211985e-02
  -3.0821573e-02
  -3.9211787e-02
  -4.1920640e-02
  -3.6529139e-02
  -3.6649492e-02
  -3.5332773e-02
  -3.6416423e-02
  -3.9183959e-02
  -4.3334011e-02
  -4.6897691e-02
  -4.5332883e-02
  -4.4236455e-02
   2.6647810e-02
   2.7714429e-02
   2.9515935e-02
   2.8718619e-02
   2.8617987e-02
   3.0951580e-02
   3.0027032e-02
   3.1784277e-02
   3.0253161e-02
   3.2826725e-02
   3.3290792e-02
   3.6339063e-02
   4.1857123e-02
   3.4626707e-02
   4.1637823e-02
   4.7672547e-02
   3.3252813e-02
   2.3624759e-02
   0.0000000e+00
   0.0000000e+00
  -0.0000000e+00
  -1.1959305e-03
   2.3753933e-02
   2.2446720e-02
   2.7681845e-02
   3.0844929e-02
   3.0475266e-02
   3.4439277e-02
   3.0933879e-02
   3.1155206e-02
   2.7815700e-02
   2.4873957e-02
   2.1646151e-02
   1.9199375e-02
   2.0578552e-02
   2.2355398e-02
   7.6533251e-02
   7.7868886e-02
   8.1863105e-02
   8.1356503e-02
   8.2699776e-02
   8.4522814e-02
   8.5703224e-02
   8.9116350e-02
   8.8190757e-02
   9.2807770e-02
   9.3139380e-02
   9.7376890e-02
   9.8338068e-02
   9.4536826e-02
   1.1319748e-01
   1.1393225e-01
   7.5726405e-02
   4.9814582e-02
   0.0000000e+00
   0.0000000e+00
   0.0000000e+00
   3.3904960e-02
   6.2181488e-02
   7.0420377e-02
   8.4032901e-02
   8.4622636e-02
   8.7688148e-02
   8.8567577e-02
   8.3799727e-02
   8.4259927e-02
   7.8761332e-02
   7.6079085e-02
   7.1985446e-02
   7.0978098e-02
   7.1163371e-02
   7.2052270e-02
   7.7799954e-02
   7.8871250e-02
   8.2900263e-02
   8.4109791e-02
   8.6629927e-02
   8.7816767e-02
   8.9569606e-02
   9.2552967e-02
   9.3260914e-02
   9.8436050e-02
   1.0146938e-01
   1.0846893e-01
   1.1236645e-01
   1.2004858e-01
   1.3906690e-01
   1.3798307e-01
   1.0461237e-01
   0.0000000e+00
   0.0000000e+00
   0.0000000e+00
   0.0000000e+00
   4.5116872e-02
   6.3138947e-02
   7.3343351e-02
   8.4515512e-02
   8.0531500e-02
   8.3063312e-02
   8.4223099e-02
   8.4479407e-02
   8.6223453e-02
   8.3643988e-02
   8.2995959e-02
   7.8569457e-02
   7.6960139e-02
   7.6576747e-02
   7.5706236e-02
   5.3281996e-02
   5.3445693e-02
   5.4995060e-02
   5.7158478e-02
   5.9412319e-02
   6.0448911e-02
   6.0616110e-02
   6.0153715e-02
   6.0371399e-02
   6.2475175e-02
   6.4223111e-02
   6.6982083e-02
   6.7056641e-02
   7.2938360e-02
   8.0259152e-02
   7.8842983e-02
   6.4052040e-02
   3.2304101e-02
   2.6891823e-02
   2.6037865e-02
   2.7618464e-02
   3.3788931e-02
   3.7172422e-02
   4.0039815e-02
   4.5906059e-02
   4.7921255e-02
   5.0631013e-02
   5.4229032e-02
   5.6397594e-02
   5.8409493e-02
   5.8535345e-02
   5.8769464e-02
   5.6785099e-02
   5.5069365e-02
   5.4440185e-02
   5.3280167e-02
   2.4043715e-02
   2.3359533e-02
   2.3133783e-02
   2.4677617e-02
   2.6454385e-02
   2.7800040e-02
   2.7691942e-02
   2.6717449e-02
   2.6853520e-02
   2.7585654e-02
   2.8273745e-02
   2.8944427e-02
   2.9483743e-02
   3.2914057e-02
   3.3200178e-02
   3.1299729e-02
   3.2721993e-02
   2.8980682e-02
   2.8516598e-02
   2.7166512e-02
   2.2154273e-02
   1.6674619e-02
   1.3951677e-02
   1.2550668e-02
   1.3748862e-02
   1.7057262e-02
   1.8554619e-02
   2.0814449e-02
   2.2529028e-02
   2.3217713e-02
   2.4046138e-02
   2.4688171e-02
   2.6189972e-02
   2.6477681e-02
   2.6061678e-02
   2.4872517e-02
   6.7473208e-03
   6.7055863e-03
   6.5146741e-03
   6.5476741e-03
   6.5850569e-03
   6.9510653e-03
   6.9653173e-03
   7.3209843e-03
   7.3437737e-03
   7.2975988e-03
   7.3807710e-03
   7.4650617e-03
   7.3749530e-03
   8.0008414e-03
   7.9854866e-03
   8.0755604e-03
   9.5807696e-03
   1.0005549e-02
   1.0624495e-02
   9.7565576e-03
   7.9818489e-03
   6.4130500e-03
   6.0830470e-03
   5.3857090e-03
   4.4144983e-03
   4.9306848e-03
   4.6590148e-03
   4.7998782e-03
   5.0369888e-03
   4.9895663e-03
   4.8945169e-03
   4.7768159e-03
   5.7584187e-03
   6.3877651e-03
   6.6607939e-03
   6.5479828e-03
  -5.2592979e-04
  -2.6818234e-04
  -3.9625967e-05
   4.1030802e-05
  -2.0517570e-04
  -4.1744922e-04
  -5.6330574e-04
  -5.2493677e-04
  -7.5611897e-04
  -1.0063818e-03
  -6.7175122e-04
  -3.0136923e-04
  -2.0211641e-04
   2.0562657e-06
   3.0099860e-04
   3.9338053e-04
   1.6035177e-04
  -2.4218112e-04
  -1.9766312e-04
   2.1955397e-04
   7.9980702e-04
   1.3575216e-03
   1.6892334e-03
   1.4480536e-03
   2.5075171e-04
  -4.9319299e-04
  -7.7546138e-04
  -9.3059515e-04
  -1.0974724e-03
  -9.9200662e-04
  -7.7666179e-04
  -1.0023306e-03
  -1.1468253e-03
  -1.1647978e-03
  -1.0143477e-03
  -8.1630534e-04
  -4.5212536e-04
  -4.9048458e-04
  -5.3477637e-04
  -5.6743971e-04
  -6.3693512e-04
  -7.1461743e-04
  -8.0965849e-04
  -8.9506689e-04
  -9.7268325e-04
  -1.0127715e-03
  -9.8966307e-04
  -1.0738479e-03
  -1.2831960e-03
  -1.5211782e-03
  -1.6425190e-03
  -1.5461857e-03
  -1.2632119e-03
  -8.3194161e-04
  -3.6038813e-04
  -4.0887135e-06
   1.0142443e-04
   1.7520575e-05
  -1.5327720e-04
  -3.1188331e-04
  -4.2512090e-04
  -4.0876807e-04
  -3.6836014e-04
  -4.7780265e-04
  -6.9530873e-04
  -9.0377493e-04
  -9.0626726e-04
  -8.3225738e-04
  -7.0647761e-04
  -5.8658497e-04
  -4.7784427e-04
  -4.2446240e-04
