  -3.7807393e-01
  -5.1768672e-01
  -5.2241993e-01
  -4.8209265e-01
  -4.6980539e-01
  -5.2377248e-01
  -6.2267393e-01
  -7.3169169e-01
  -7.8153777e-01
  -7.6295471e-01
  -7.0481590e-01
  -6.2052286e-01
  -5.0785244e-01
  -3.6346896e-01
  -2.3884411e-01
  -1.4275107e-01
  -1.8845779e-02
   1.2007471e-01
   2.0316733e-01
   1.9234551e-01
   1.0235008e-01
   2.6449384e-02
  -6.5843278e-03
  -3.2860748e-03
   3.3058748e-02
   1.0544267e-01
   1.8945776e-01
   2.8397340e-01
   4.2905740e-01
   6.0030854e-01
   7.2640252e-01
   7.5854769e-01
   6.5065920e-01
   4.5667946e-01
   1.7994341e-01
  -1.3135274e-01
  -2.0344619e-01
  -7.5635147e-01
  -1.1114624e+00
  -1.2674512e+00
  -1.2452290e+00
  -1.1101426e+00
  -1.0665960e+00
  -1.0459890e+00
  -9.1085589e-01
  -6.8085021e-01
  -4.3893191e-01
  -1.7786653e-01
   2.3520818e-01
   6.5224993e-01
   7.2868723e-01
   4.8798865e-01
   2.0587431e-01
   1.1451484e-01
   8.7749764e-02
   5.9965968e-02
  -1.1076771e-01
  -2.4991857e-01
  -2.5794664e-01
  -4.0053868e-01
  -4.7802228e-01
  -4.1190299e-01
  -3.2601550e-01
  -1.7415443e-01
  -2.1974269e-02
   2.6308194e-02
   3.6711883e-02
   1.6880694e-01
   3.5156146e-01
   4.8919743e-01
   5.8716303e-01
   3.3033621e-01
   3.0101123e+00
   2.8518407e+00
   2.1961102e+00
   1.5773473e+00
   1.1510441e+00
   1.0762792e+00
   1.0482976e+00
   1.0307238e+00
   1.0481777e+00
   8.8541925e-01
   7.5434214e-01
   8.6813378e-01
   1.0941820e+00
   1.3750321e+00
   1.6011682e+00
   1.4795122e+00
   1.1728629e+00
   1.0344089e+00
   8.0312419e-01
   4.7289085e-01
   4.4572562e-02
  -2.5497022e-01
  -1.3387860e-01
   1.7195375e-01
   4.3934703e-01
   3.8266262e-01
   2.5362068e-01
   3.3201754e-01
   3.1638685e-01
   2.5001633e-01
   6.7464784e-02
   1.8114440e-01
   7.4980211e-01
   1.2706192e+00
   1.9924327e+00
   2.6723225e+00
   4.7622505e+00
   5.5307598e+00
   5.2378149e+00
   4.5922042e+00
   3.7760773e+00
   3.2306690e+00
   3.0257996e+00
   2.7970479e+00
   2.6946249e+00
   2.1305955e+00
   1.7119949e+00
   1.7310052e+00
   1.2507977e+00
   1.0887417e+00
   1.2678225e+00
   1.2367003e+00
   1.0495653e+00
   1.0598624e+00
   1.3693819e+00
   8.0823356e-01
   2.0799915e-01
   3.6555953e-01
   4.0403524e-01
   8.5330927e-01
   1.1921753e+00
   6.2021172e-01
   1.2997322e-01
   1.0847158e-01
   2.2021542e-01
   5.8687329e-01
   7.3440477e-01
   6.3037002e-01
   9.7270358e-01
   1.4871629e+00
   2.2486646e+00
   3.4940865e+00
   5.2148361e+00
   6.3706841e+00
   6.5419044e+00
   6.1559200e+00
   5.4281535e+00
   4.7496090e+00
   4.4877143e+00
   4.1238980e+00
   4.0404263e+00
   3.4901454e+00
   3.1114855e+00
   2.9348068e+00
   1.8993042e+00
   1.6283698e+00
   1.4723115e+00
   1.2415512e+00
   1.1182001e+00
   1.0704319e+00
   2.0561273e+00
   1.6168008e+00
   1.1093180e+00
   2.0622423e+00
   1.8414433e+00
   1.6936674e+00
   1.9633691e+00
   1.3758627e+00
   8.1769657e-01
   9.6384728e-01
   1.2881585e+00
   1.4397633e+00
   1.5787699e+00
   1.3994423e+00
   1.6698928e+00
   2.2966871e+00
   2.8833404e+00
   3.9477961e+00
   4.8630385e+00
   5.6782980e+00
   6.0361204e+00
   5.9977746e+00
   5.7287412e+00
   5.3455744e+00
   5.1317601e+00
   4.8112774e+00
   4.7859516e+00
   4.4859400e+00
   4.2818880e+00
   3.7886357e+00
   2.6424525e+00
   2.5223649e+00
   2.1019731e+00
   1.5525842e+00
   1.4522073e+00
   1.5037525e+00
   2.6568127e+00
   2.6838949e+00
   2.7056668e+00
   3.8366487e+00
   3.1252489e+00
   2.3039560e+00
   2.6120698e+00
   2.4745388e+00
   2.2509472e+00
   2.6901774e+00
   2.7971673e+00
   2.0139170e+00
   1.6439242e+00
   1.7535093e+00
   2.5875473e+00
   3.4155695e+00
   3.7052600e+00
   4.1963701e+00
   3.2683811e+00
   3.6036458e+00
   3.9923353e+00
   4.2455635e+00
   4.3736419e+00
   4.3150344e+00
   4.2299838e+00
   3.9995205e+00
   3.9964857e+00
   3.9127054e+00
   3.8648036e+00
   3.3841502e+00
   2.3989172e+00
   2.4747157e+00
   2.2941993e+00
   1.4685699e+00
   1.1794913e+00
   1.6140737e+00
   2.7803106e+00
   3.2077476e+00
   3.6377813e+00
   4.3057165e+00
   3.0656108e+00
   2.0604050e+00
   2.4098053e+00
   2.5902094e+00
   2.8826631e+00
   3.3433897e+00
   2.8598422e+00
   1.5692648e+00
   9.7390485e-01
   1.3352785e+00
   2.5633198e+00
   3.3176742e+00
   3.1997863e+00
   3.1619486e+00
   4.5075417e-01
   5.9170979e-01
   1.0067754e+00
   1.3942600e+00
   1.6247109e+00
   1.6892782e+00
   1.7012770e+00
   1.5591643e+00
   1.5269034e+00
   1.5442598e+00
   1.6367689e+00
   1.5112561e+00
   9.4468904e-01
   1.2689961e+00
   1.7404104e+00
   8.9843237e-01
   1.1102653e-01
   7.9483216e-01
   2.1884017e+00
   2.7489727e+00
   2.7749564e+00
   2.8525801e+00
   1.5706488e+00
   6.3495008e-01
   1.0002819e+00
   1.2844434e+00
   1.7897986e+00
   1.9387995e+00
   1.1449816e+00
   3.9758917e-01
   8.4681675e-02
   3.7443173e-01
   1.1702224e+00
   1.3714701e+00
   9.5974141e-01
   6.0769699e-01
  -2.6295295e+00
  -2.5001636e+00
  -2.1181927e+00
  -1.7379763e+00
  -1.6276386e+00
  -1.5483844e+00
  -1.5650169e+00
  -1.5694710e+00
  -1.6458895e+00
  -1.6092061e+00
  -1.4012470e+00
  -1.2370145e+00
  -1.0511403e+00
  -3.9538449e-01
   7.2204828e-01
   2.9889375e-01
  -1.1338353e+00
  -6.5247118e-01
   9.5828950e-01
   1.4675355e+00
   5.0325263e-01
   2.5560856e-03
  -7.7433425e-01
  -1.5408782e+00
  -1.0932831e+00
  -7.4751300e-01
  -4.9923784e-01
  -7.6664662e-01
  -1.1910827e+00
  -7.4656755e-01
  -7.7453125e-01
  -7.0209801e-01
  -8.3238786e-01
  -1.5320055e+00
  -1.9906774e+00
  -2.4577038e+00
  -5.0212197e+00
  -4.9421773e+00
  -4.7337027e+00
  -4.4339170e+00
  -4.5126214e+00
  -4.3987617e+00
  -4.5521660e+00
  -4.3611274e+00
  -4.4486070e+00
  -4.4373217e+00
  -4.1898727e+00
  -4.0666080e+00
  -2.8944919e+00
  -1.8533912e+00
  -3.8460189e-01
   3.1782813e-02
  -1.9536457e+00
  -2.1520674e+00
  -6.2555426e-01
  -2.5094265e-01
  -2.1731303e+00
  -3.3035409e+00
  -3.3761444e+00
  -3.7555966e+00
  -3.1218114e+00
  -2.6995482e+00
  -3.0137250e+00
  -3.6139357e+00
  -3.0520732e+00
  -1.3878808e+00
  -1.5255964e+00
  -1.5813341e+00
  -2.5559466e+00
  -4.2208438e+00
  -4.5267687e+00
  -4.9603572e+00
  -5.5484092e+00
  -5.7927845e+00
  -6.0406671e+00
  -5.8479556e+00
  -5.9977088e+00
  -5.7786929e+00
  -5.9679396e+00
  -5.6429729e+00
  -5.5812520e+00
  -5.6655061e+00
  -5.6757627e+00
  -6.0095814e+00
  -4.0532066e+00
  -2.5659098e+00
  -1.2905532e+00
   4.2870272e-01
  -1.5437379e+00
  -3.1605025e+00
  -2.3265089e+00
  -2.2733122e+00
  -4.1554094e+00
  -6.0509507e+00
  -6.0433052e+00
  -5.0073439e+00
  -4.1198156e+00
  -3.8406570e+00
  -4.6773295e+00
  -5.4588793e+00
  -3.4279765e+00
  -1.1422707e+00
  -1.9180362e+00
  -1.9155288e+00
  -3.0510092e+00
  -5.2203198e+00
  -5.3522604e+00
  -5.5482849e+00
  -3.9627509e+00
  -4.3760891e+00
  -4.8874655e+00
  -4.7830501e+00
  -4.7859310e+00
  -4.5652542e+00
  -4.5044212e+00
  -4.2981548e+00
  -4.0554914e+00
  -4.2594695e+00
  -4.6170477e+00
  -5.1597395e+00
  -3.6968088e+00
  -2.1294517e+00
  -1.2536168e+00
   9.9139571e-01
  -2.6069054e-01
  -2.9526401e+00
  -2.7055485e+00
  -2.9350754e+00
  -3.9827666e+00
  -5.7660408e+00
  -6.3018586e+00
  -4.0490799e+00
  -3.0776734e+00
  -3.1797772e+00
  -4.0671310e+00
  -4.8933153e+00
  -2.5482780e+00
  -4.0995765e-01
  -1.1999719e+00
  -1.4999174e+00
  -2.2050664e+00
  -3.6676445e+00
  -3.7875107e+00
  -3.7870607e+00
  -2.5322919e+00
  -2.8804927e+00
  -3.3781886e+00
  -3.3275552e+00
  -3.1834550e+00
  -3.0095792e+00
  -2.7696373e+00
  -2.6672635e+00
  -2.3805656e+00
  -2.6203258e+00
  -3.1054525e+00
  -3.6181605e+00
  -2.8332498e+00
  -1.4336122e+00
  -7.6439959e-01
   1.3508080e+00
   7.1816444e-01
  -2.3373709e+00
  -2.4835322e+00
  -2.7455122e+00
  -3.3283405e+00
  -4.5644693e+00
  -5.1486969e+00
  -2.6721487e+00
  -1.7460331e+00
  -2.0683482e+00
  -2.8857837e+00
  -3.8078465e+00
  -1.9554559e+00
   6.1133005e-02
  -4.4438234e-01
  -1.2235541e+00
  -1.5610099e+00
  -2.1879284e+00
  -2.2708092e+00
  -2.2117109e+00
  -1.4455011e+00
  -1.6322106e+00
  -1.9960625e+00
  -1.9722949e+00
  -1.6895461e+00
  -1.5880582e+00
  -1.2233419e+00
  -1.2114541e+00
  -9.4218016e-01
  -1.1572610e+00
  -1.6545615e+00
  -1.9988182e+00
  -1.8493259e+00
  -6.4571653e-01
  -4.5734473e-02
   1.6252183e+00
   1.5153304e+00
  -1.5727277e+00
  -2.0565536e+00
  -2.2087776e+00
  -2.5569386e+00
  -3.1721468e+00
  -3.5314712e+00
  -1.2625165e+00
  -4.7373930e-01
  -8.9591121e-01
  -1.5622905e+00
  -2.6181300e+00
  -1.5875766e+00
   2.4233857e-01
   5.4686159e-02
  -1.1771312e+00
  -1.1946584e+00
  -1.0591395e+00
  -1.1054137e+00
  -1.0270883e+00
  -1.4414893e+00
  -1.3379595e+00
  -1.4025950e+00
  -1.3404059e+00
  -9.2018396e-01
  -9.5539242e-01
  -5.7597139e-01
  -6.3971412e-01
  -4.6599482e-01
  -4.9632765e-01
  -8.1210379e-01
  -6.6466399e-01
  -8.3000075e-01
   3.8448709e-01
   1.2406543e+00
   1.8969303e+00
   2.1570849e+00
  -5.3641757e-01
  -1.4972248e+00
  -1.2332521e+00
  -1.7848469e+00
  -1.9507016e+00
  -1.5147582e+00
   2.5822387e-02
   4.0798924e-01
   1.7277731e-01
  -1.0761125e-01
  -1.4326887e+00
  -1.7278778e+00
  -4.8627206e-01
  -5.8648651e-01
  -1.9880932e+00
  -1.7235229e+00
  -1.1673824e+00
  -1.2084748e+00
  -1.0726437e+00
  -3.0682042e+00
  -2.8528249e+00
  -2.8510857e+00
  -2.7302685e+00
  -2.2416084e+00
  -2.4212282e+00
  -1.9839320e+00
  -2.2172933e+00
  -1.9954369e+00
  -1.8874447e+00
  -2.0761654e+00
  -1.3015649e+00
  -1.2914224e+00
   8.0811834e-01
   2.3299956e+00
   2.3119373e+00
   2.6966188e+00
  -6.7848146e-02
  -1.3826880e+00
  -6.7817903e-01
  -1.5509793e+00
  -2.2845573e+00
  -1.7000651e+00
  -2.2910328e-01
  -1.3835715e-01
  -6.1590064e-02
   8.4100850e-02
  -1.1484927e+00
  -2.2217753e+00
  -2.4344783e+00
  -2.7081447e+00
  -3.5208461e+00
  -3.1630056e+00
  -2.8764179e+00
  -3.1137092e+00
  -2.7775774e+00
  -4.3188119e+00
  -4.0795212e+00
  -4.0953908e+00
  -3.9628408e+00
  -3.4910865e+00
  -3.7240114e+00
  -3.2657518e+00
  -3.6119785e+00
  -3.3712635e+00
  -3.2491376e+00
  -3.3579047e+00
  -2.2798693e+00
  -2.1251123e+00
   6.4495182e-01
   2.7952890e+00
   2.6187737e+00
   2.9284542e+00
   1.0237561e-01
  -1.2536252e+00
  -2.9280299e-01
  -1.3480862e+00
  -2.5776055e+00
  -2.2533481e+00
  -9.2953920e-01
  -8.1927526e-01
  -5.5035204e-01
  -2.5161052e-01
  -1.2271454e+00
  -2.7488813e+00
  -3.9175897e+00
  -4.1351895e+00
  -4.5005383e+00
  -4.1616039e+00
  -4.0878887e+00
  -4.4465122e+00
  -4.0496788e+00
  -5.5458522e+00
  -5.3209367e+00
  -5.3959178e+00
  -5.2721758e+00
  -4.8593814e+00
  -5.1094296e+00
  -4.6449430e+00
  -5.0912197e+00
  -4.8430624e+00
  -4.7632722e+00
  -4.8043950e+00
  -3.5375746e+00
  -3.2350114e+00
   1.8690606e-01
   3.0249684e+00
   2.9123810e+00
   3.0444106e+00
   1.5358121e-01
  -1.1020001e+00
   6.0101573e-02
  -1.1349390e+00
  -2.8873063e+00
  -3.0465987e+00
  -1.9242372e+00
  -1.6463737e+00
  -1.2179834e+00
  -8.7544293e-01
  -1.4854224e+00
  -3.3558941e+00
  -5.3638197e+00
  -5.4109610e+00
  -5.3406742e+00
  -5.0755187e+00
  -5.2141020e+00
  -5.6737883e+00
  -5.2742558e+00
  -5.3183255e+00
  -5.1385937e+00
  -5.1999626e+00
  -5.1227503e+00
  -4.9700847e+00
  -5.1164546e+00
  -4.9378576e+00
  -5.3181138e+00
  -5.3236856e+00
  -5.4294863e+00
  -5.4449134e+00
  -4.7541866e+00
  -4.3422756e+00
  -1.6343464e+00
   1.4235678e+00
   2.1600983e+00
   1.6531904e+00
   1.8880874e-02
  -2.4009998e-01
   5.6456518e-01
  -2.5331348e-02
  -1.6029812e+00
  -2.8899894e+00
  -2.9001565e+00
  -2.4197156e+00
  -2.0066133e+00
  -2.0589733e+00
  -2.6752751e+00
  -4.3918896e+00
  -5.4198260e+00
  -4.9252486e+00
  -4.8246784e+00
  -4.7467747e+00
  -4.9139857e+00
  -5.2009277e+00
  -5.1117859e+00
  -4.1133075e+00
  -3.9148786e+00
  -3.9358995e+00
  -3.8270564e+00
  -3.8035383e+00
  -3.9405332e+00
  -3.9583092e+00
  -4.2983961e+00
  -4.4058566e+00
  -4.6333003e+00
  -4.7234960e+00
  -4.5205722e+00
  -4.2311149e+00
  -2.7540860e+00
  -6.7093581e-01
   4.5545489e-01
   1.7744526e-03
  -3.7502041e-01
   6.8073601e-02
   4.9952343e-01
   8.7254030e-01
  -3.5298371e-01
  -2.1504078e+00
  -2.5295031e+00
  -2.4681172e+00
  -2.1941605e+00
  -2.5628898e+00
  -3.5813301e+00
  -4.5954504e+00
  -4.5107021e+00
  -3.8944502e+00
  -3.8567748e+00
  -3.7704625e+00
  -3.9185574e+00
  -4.0615845e+00
  -4.0203199e+00
  -3.0682062e+00
  -2.8485525e+00
  -2.8416627e+00
  -2.6970080e+00
  -2.7684507e+00
  -2.9055096e+00
  -3.0675331e+00
  -3.3676770e+00
  -3.5184187e+00
  -3.8523567e+00
  -4.0088544e+00
  -4.2067991e+00
  -4.1055293e+00
  -3.7950523e+00
  -2.8650855e+00
  -1.5256541e+00
  -1.6782724e+00
  -1.0036387e+00
  -2.5656852e-02
   2.4327669e-01
   1.4667502e+00
   4.9309200e-01
  -1.6133434e+00
  -2.1789277e+00
  -2.5233081e+00
  -2.4247470e+00
  -3.1123299e+00
  -4.3921047e+00
  -4.7053285e+00
  -3.8191163e+00
  -3.1611041e+00
  -3.1159732e+00
  -2.9829410e+00
  -3.1145986e+00
  -3.1332982e+00
  -3.0809463e+00
  -2.1991190e+00
  -1.9482566e+00
  -1.9387476e+00
  -1.7409801e+00
  -1.8468207e+00
  -2.0056127e+00
  -2.2169308e+00
  -2.4676084e+00
  -2.5277036e+00
  -2.9567706e+00
  -3.1717735e+00
  -3.6490163e+00
  -3.9411293e+00
  -4.9012424e+00
  -5.8216534e+00
  -4.6535694e+00
  -3.8246533e+00
  -2.3674303e+00
  -1.1417498e+00
  -5.4286636e-01
   1.4422144e+00
   5.2382035e-01
  -1.4717114e+00
  -1.8257687e+00
  -2.6250648e+00
  -2.8322052e+00
  -3.9225932e+00
  -5.1622958e+00
  -4.6241004e+00
  -3.5326132e+00
  -3.0147665e+00
  -2.7810781e+00
  -2.4980880e+00
  -2.6172153e+00
  -2.5306783e+00
  -2.3219592e+00
  -3.6644468e+00
  -3.5153773e+00
  -3.4435577e+00
  -3.3203423e+00
  -3.3454045e+00
  -3.4652491e+00
  -3.5502017e+00
  -3.5869396e+00
  -3.5717711e+00
  -3.8261459e+00
  -4.0082378e+00
  -4.3342409e+00
  -4.8792720e+00
  -6.0985377e+00
  -7.6702256e+00
  -7.1675367e+00
  -5.4270881e+00
  -4.4432569e+00
  -3.4727941e+00
  -1.9081636e+00
  -8.2460827e-01
  -1.6382947e+00
  -3.0596880e+00
  -3.3283467e+00
  -3.4858012e+00
  -4.1723513e+00
  -5.3188906e+00
  -5.8116655e+00
  -5.3860501e+00
  -5.0754929e+00
  -4.8695717e+00
  -4.4335927e+00
  -4.1308641e+00
  -4.1076880e+00
  -3.9552651e+00
  -3.7626305e+00
  -5.5994806e+00
  -5.5769806e+00
  -5.4233513e+00
  -5.3721881e+00
  -5.3251853e+00
  -5.4193687e+00
  -5.4007826e+00
  -5.2850280e+00
  -5.2623620e+00
  -5.2930942e+00
  -5.4537082e+00
  -5.5261393e+00
  -6.0200729e+00
  -6.9350638e+00
  -8.1368914e+00
  -8.1031990e+00
  -6.2820106e+00
  -5.6611090e+00
  -4.6796026e+00
  -2.9496787e+00
  -2.9393945e+00
  -3.4072199e+00
  -4.7019982e+00
  -5.0613585e+00
  -4.5497289e+00
  -5.5796576e+00
  -6.4700823e+00
  -6.5871964e+00
  -6.5099444e+00
  -6.5248613e+00
  -6.5474520e+00
  -6.1508970e+00
  -5.9805183e+00
  -5.8465037e+00
  -5.6932654e+00
  -5.6273847e+00
  -7.5688257e+00
  -7.6632156e+00
  -7.4431481e+00
  -7.4432592e+00
  -7.3410325e+00
  -7.4133029e+00
  -7.3122058e+00
  -7.0979509e+00
  -7.0739722e+00
  -6.9019995e+00
  -7.0251708e+00
  -6.8170071e+00
  -7.1146536e+00
  -7.4930739e+00
  -8.0395193e+00
  -8.3950863e+00
  -6.8268261e+00
  -6.3702855e+00
  -5.2415419e+00
  -3.7833343e+00
  -4.8013005e+00
  -4.9183445e+00
  -6.2483616e+00
  -6.7123680e+00
  -5.6723461e+00
  -6.9437470e+00
  -7.4890041e+00
  -7.3882599e+00
  -7.6511335e+00
  -7.7939725e+00
  -7.9881563e+00
  -7.7306051e+00
  -7.7507210e+00
  -7.5627556e+00
  -7.4435377e+00
  -7.5184669e+00
  -8.8328439e+00
  -8.9623613e+00
  -8.7627629e+00
  -8.7296063e+00
  -8.6379937e+00
  -8.6954819e+00
  -8.5869012e+00
  -8.4395773e+00
  -8.3794984e+00
  -8.1667660e+00
  -8.1930205e+00
  -7.7544622e+00
  -7.6297510e+00
  -7.2239956e+00
  -7.0887623e+00
  -7.6255875e+00
  -6.7610491e+00
  -5.8057257e+00
  -4.2935472e+00
  -3.9546726e+00
  -5.4665226e+00
  -5.4964310e+00
  -7.0616980e+00
  -7.5085783e+00
  -6.5897668e+00
  -7.7952703e+00
  -8.0126921e+00
  -7.9995464e+00
  -8.2980156e+00
  -8.2101701e+00
  -8.4025370e+00
  -8.4098995e+00
  -8.6607988e+00
  -8.6105178e+00
  -8.5891115e+00
  -8.7311075e+00
  -6.6612291e+00
  -6.6311779e+00
  -6.5927124e+00
  -6.5093584e+00
  -6.5264578e+00
  -6.5195751e+00
  -6.4948664e+00
  -6.5336585e+00
  -6.4558463e+00
  -6.4656324e+00
  -6.3056350e+00
  -5.9740534e+00
  -5.4621577e+00
  -4.7369704e+00
  -4.8347297e+00
  -5.1414804e+00
  -4.7136064e+00
  -3.1516070e+00
  -1.7341074e+00
  -2.1938200e+00
  -3.3595183e+00
  -4.2366595e+00
  -5.2507110e+00
  -5.3380804e+00
  -5.3649044e+00
  -5.9343247e+00
  -6.2081957e+00
  -6.2071533e+00
  -6.1258039e+00
  -6.0064487e+00
  -5.9717517e+00
  -6.0983229e+00
  -6.3691816e+00
  -6.5965300e+00
  -6.6522889e+00
  -6.6493483e+00
  -2.9149451e+00
  -2.7588737e+00
  -2.7809696e+00
  -2.7292519e+00
  -2.8184817e+00
  -2.7522666e+00
  -2.7541895e+00
  -2.8225749e+00
  -2.7832527e+00
  -2.8714073e+00
  -2.6524789e+00
  -2.5069745e+00
  -1.9562072e+00
  -1.5269578e+00
  -1.8763236e+00
  -1.7559992e+00
  -1.4948050e+00
  -5.1278257e-01
   2.5076789e-01
  -1.1327771e-01
  -1.1105578e+00
  -2.4738925e+00
  -2.5200944e+00
  -2.1711044e+00
  -2.5383327e+00
  -2.5895705e+00
  -2.8451257e+00
  -2.7564416e+00
  -2.5745347e+00
  -2.5874884e+00
  -2.4840772e+00
  -2.6383944e+00
  -2.8196113e+00
  -3.0765188e+00
  -3.1241508e+00
  -3.0270174e+00
   1.1310630e+00
   1.3432971e+00
   1.3633797e+00
   1.4046526e+00
   1.2868452e+00
   1.3902464e+00
   1.3896296e+00
   1.4083919e+00
   1.4335065e+00
   1.3818858e+00
   1.5960795e+00
   1.6084399e+00
   2.0011547e+00
   1.9714180e+00
   1.7434826e+00
   2.3301499e+00
   2.2602861e+00
   1.9255497e+00
   1.7289183e+00
   1.6032442e+00
   6.9531763e-01
  -5.2792835e-01
   3.3977284e-01
   1.0807036e+00
   9.5242786e-01
   1.2216633e+00
   1.1029346e+00
   1.2858627e+00
   1.3568347e+00
   1.3023520e+00
   1.3531176e+00
   1.1499266e+00
   1.0238471e+00
   8.3489192e-01
   8.3784558e-01
   9.2891592e-01
   4.2730105e+00
   4.4707542e+00
   4.6036260e+00
   4.6992834e+00
   4.6196700e+00
   4.7324470e+00
   4.7359531e+00
   4.8896290e+00
   4.9337972e+00
   4.9792822e+00
   5.1795260e+00
   5.1648143e+00
   5.3265842e+00
   4.9842507e+00
   5.2272957e+00
   6.0566405e+00
   5.4839613e+00
   3.7972002e+00
   2.6173092e+00
   2.5824238e+00
   1.8536130e+00
   1.2732489e+00
   2.6487764e+00
   3.5184867e+00
   3.9404802e+00
   4.3281107e+00
   4.3610504e+00
   4.6320317e+00
   4.5545231e+00
   4.5937288e+00
   4.5500243e+00
   4.3170658e+00
   4.1723988e+00
   4.0138867e+00
   4.0634999e+00
   4.0665634e+00
   5.5106753e+00
   5.6650305e+00
   5.8707708e+00
   6.0357107e+00
   6.0623422e+00
   6.1696333e+00
   6.1782059e+00
   6.3587871e+00
   6.4076251e+00
   6.5266460e+00
   6.7194123e+00
   6.7780952e+00
   6.8162026e+00
   6.5579519e+00
   7.1975049e+00
   7.7574663e+00
   6.8683381e+00
   4.8909357e+00
   3.2540817e+00
   3.1046841e+00
   2.7139980e+00
   2.6436700e+00
   3.8586822e+00
   4.4140466e+00
   5.0281518e+00
   5.4765673e+00
   5.5825671e+00
   5.8781828e+00
   5.8778830e+00
   6.0443376e+00
   5.9707106e+00
   5.8135896e+00
   5.6494430e+00
   5.4261020e+00
   5.4538641e+00
   5.3927573e+00
   5.1316419e+00
   5.2370052e+00
   5.3706999e+00
   5.4706526e+00
   5.5992708e+00
   5.7016573e+00
   5.7608519e+00
   5.7938414e+00
   5.8151121e+00
   5.9645581e+00
   6.0394425e+00
   6.1845045e+00
   6.2063708e+00
   6.2383690e+00
   6.7579937e+00
   6.6814604e+00
   6.1343141e+00
   5.1862197e+00
   4.0499506e+00
   3.9011004e+00
   3.6987479e+00
   3.4972529e+00
   3.9826293e+00
   3.9735751e+00
   4.1129541e+00
   4.6376424e+00
   4.8537192e+00
   4.9955225e+00
   5.2344284e+00
   5.4072142e+00
   5.3340120e+00
   5.3143511e+00
   5.2823114e+00
   5.1441374e+00
   5.1187654e+00
   5.1084933e+00
   4.0841904e+00
   4.1245084e+00
   4.1022110e+00
   4.0452037e+00
   4.1524863e+00
   4.2217174e+00
   4.3312402e+00
   4.2639875e+00
   4.3522887e+00
   4.4676924e+00
   4.3082128e+00
   4.4441934e+00
   4.4114413e+00
   4.5556536e+00
   4.7098026e+00
   4.3057899e+00
   4.4177761e+00
   4.5979319e+00
   4.3934765e+00
   4.3890839e+00
   4.1350579e+00
   3.6474669e+00
   3.4114580e+00
   3.1274235e+00
   2.7872407e+00
   3.1514194e+00
   3.4666491e+00
   3.3847055e+00
   3.6446166e+00
   3.7260811e+00
   3.6185496e+00
   3.6023409e+00
   3.7497828e+00
   3.9342899e+00
   3.9735496e+00
   4.0688210e+00
   2.3286057e+00
   2.3608062e+00
   2.3170772e+00
   2.2490621e+00
   2.2519057e+00
   2.2161832e+00
   2.2688239e+00
   2.3019722e+00
   2.4863997e+00
   2.4766028e+00
   2.2295766e+00
   2.3255670e+00
   2.2948751e+00
   2.3847468e+00
   2.4344692e+00
   2.2697704e+00
   2.5475080e+00
   2.7929029e+00
   2.8453248e+00
   2.8682396e+00
   2.7926614e+00
   2.5846937e+00
   2.3725410e+00
   2.3220851e+00
   1.9713888e+00
   1.7789694e+00
   1.8286009e+00
   1.7381554e+00
   1.8248641e+00
   1.8109123e+00
   1.7415847e+00
   1.6677837e+00
   1.7403817e+00
   1.9818290e+00
   2.0987039e+00
   2.2467420e+00
  -3.1539959e-01
  -2.2350769e-01
  -1.4880720e-01
  -9.8199829e-02
  -1.1559873e-01
  -2.1870692e-01
  -2.8354931e-01
  -2.8850910e-01
  -2.9898599e-01
  -4.2191476e-01
  -4.7537935e-01
  -2.7599528e-01
  -1.3559580e-01
  -6.2826283e-02
  -1.3347268e-03
   4.5521781e-02
   6.2154666e-02
  -9.4558179e-02
  -2.3981106e-01
  -1.8478540e-01
   1.0155655e-01
   3.8423473e-01
   5.9806048e-01
   7.1406490e-01
   4.4919705e-01
  -9.1801990e-02
  -3.6464047e-01
  -3.6900911e-01
  -3.7821223e-01
  -4.5102441e-01
  -4.3803373e-01
  -4.2093022e-01
  -4.8415500e-01
  -5.2903211e-01
  -5.2651888e-01
  -4.2829281e-01
  -1.0050488e-01
  -1.4035366e-01
  -2.0651764e-01
  -2.6213244e-01
  -3.0946918e-01
  -3.4647349e-01
  -3.7526190e-01
  -4.1303691e-01
  -4.6292800e-01
  -4.9730238e-01
  -4.8374501e-01
  -4.3944800e-01
  -4.3896940e-01
  -5.0240758e-01
  -5.6648201e-01
  -5.6371659e-01
  -4.8610374e-01
  -3.7198463e-01
  -2.6570252e-01
  -1.6889740e-01
  -1.1973800e-01
  -1.3073272e-01
  -1.7798578e-01
  -2.2432494e-01
  -2.6003289e-01
  -2.7344372e-01
  -2.3833017e-01
  -2.1078724e-01
  -2.6486047e-01
  -3.7810043e-01
  -4.4341531e-01
  -4.2955416e-01
  -3.5872412e-01
  -2.7488068e-01
  -1.8212087e-01
  -1.1439852e-01
