  6.764986e-01
  6.681582e-01
  6.479644e-01
  5.821593e-01
  4.985800e-01
  4.086030e-01
  3.388961e-01
  2.965379e-01
  2.685209e-01
  2.494984e-01
  2.373304e-01
  2.305126e-01
  2.247539e-01
  2.218386e-01
  2.283512e-01
  2.429970e-01
  2.347368e-01
  2.167294e-01
  2.127793e-01
  2.345875e-01
  2.463462e-01
  2.397217e-01
  2.238474e-01
  2.232990e-01
  2.273653e-01
  2.356610e-01
  2.372708e-01
  2.462261e-01
  2.748793e-01
  3.245293e-01
  3.889185e-01
  4.558854e-01
  5.092027e-01
  5.369759e-01
  5.787416e-01
  5.984541e-01
