   8.9729318e-04
   7.6485903e-04
   6.7446264e-04
   5.9857452e-04
   3.7428841e-04
   1.0089619e-04
  -1.8610507e-04
  -4.6367012e-04
  -6.0946972e-04
  -6.8304285e-04
  -6.3414173e-04
  -7.5734008e-04
  -0.0000000e+00
   0.0000000e+00
   0.0000000e+00
   0.0000000e+00
   0.0000000e+00
   0.0000000e+00
   0.0000000e+00
   0.0000000e+00
   0.0000000e+00
   0.0000000e+00
   0.0000000e+00
   0.0000000e+00
   0.0000000e+00
   0.0000000e+00
   0.0000000e+00
   0.0000000e+00
   0.0000000e+00
   0.0000000e+00
   1.8717461e-03
   1.7259238e-03
   1.6832590e-03
   1.5073563e-03
   1.2552760e-03
   1.0403849e-03
  -0.0000000e+00
  -0.0000000e+00
  -0.0000000e+00
  -0.0000000e+00
  -0.0000000e+00
  -0.0000000e+00
  -0.0000000e+00
  -0.0000000e+00
  -0.0000000e+00
  -1.7626969e-03
  -1.6281735e-03
  -1.3976612e-03
  -1.6159682e-04
   0.0000000e+00
   0.0000000e+00
   0.0000000e+00
   0.0000000e+00
   0.0000000e+00
   0.0000000e+00
   0.0000000e+00
   0.0000000e+00
   0.0000000e+00
   0.0000000e+00
   0.0000000e+00
   0.0000000e+00
   0.0000000e+00
   0.0000000e+00
   0.0000000e+00
   0.0000000e+00
   0.0000000e+00
   0.0000000e+00
   0.0000000e+00
   6.0126607e-04
   5.0281751e-04
   1.0600364e-04
   0.0000000e+00
   1.9201283e-02
   2.4008729e-02
   1.5334489e-02
   7.0814749e-03
   2.5012411e-03
   2.2044769e-03
   2.1244108e-03
   2.5805999e-03
   3.7428704e-03
   4.6149974e-03
   2.3340867e-03
   3.9532278e-03
   7.2535738e-03
   9.1769381e-03
   8.8019138e-03
   6.4847913e-03
   4.1645593e-03
   0.0000000e+00
   0.0000000e+00
   0.0000000e+00
   0.0000000e+00
   0.0000000e+00
   0.0000000e+00
   0.0000000e+00
   0.0000000e+00
   0.0000000e+00
   0.0000000e+00
   0.0000000e+00
   0.0000000e+00
   0.0000000e+00
   0.0000000e+00
   0.0000000e+00
   1.7466473e-03
   2.7124411e-03
   6.6774951e-03
   1.3542265e-02
   6.6842191e-02
   1.0052691e-01
   8.6804911e-02
   6.8136066e-02
   5.1953997e-02
   4.5291271e-02
   4.0736645e-02
   3.5015713e-02
   3.0837236e-02
   2.0193491e-02
   1.3869309e-02
   1.3112495e-02
   0.0000000e+00
   0.0000000e+00
   0.0000000e+00
   0.0000000e+00
   0.0000000e+00
   0.0000000e+00
   0.0000000e+00
   0.0000000e+00
   0.0000000e+00
   0.0000000e+00
   0.0000000e+00
   0.0000000e+00
   0.0000000e+00
   0.0000000e+00
   0.0000000e+00
   0.0000000e+00
   0.0000000e+00
   0.0000000e+00
   0.0000000e+00
   0.0000000e+00
   5.4634470e-03
   7.7767861e-03
   1.4809928e-02
   3.0701952e-02
   8.6385511e-02
   1.4300564e-01
   1.4609753e-01
   1.3046794e-01
   1.0485363e-01
   8.4958181e-02
   7.6140814e-02
   6.5733813e-02
   6.1981577e-02
   4.7363091e-02
   3.5493149e-02
   3.2862376e-02
   0.0000000e+00
   0.0000000e+00
   0.0000000e+00
   0.0000000e+00
   0.0000000e+00
   0.0000000e+00
   0.0000000e+00
   0.0000000e+00
   0.0000000e+00
   1.4371389e-02
   9.3752209e-03
   0.0000000e+00
   0.0000000e+00
   0.0000000e+00
   0.0000000e+00
   0.0000000e+00
   0.0000000e+00
   0.0000000e+00
   0.0000000e+00
   0.0000000e+00
   1.1885804e-02
   1.7457572e-02
   2.6147054e-02
   4.1565306e-02
   9.6765697e-02
   1.3686718e-01
   1.4695372e-01
   1.3792387e-01
   1.1773825e-01
   9.8632574e-02
   8.9670390e-02
   7.8817554e-02
   7.7516071e-02
   6.8035103e-02
   6.3338079e-02
   5.5488952e-02
   3.8287744e-02
   0.0000000e+00
   0.0000000e+00
   0.0000000e+00
   0.0000000e+00
   0.0000000e+00
   0.0000000e+00
   0.0000000e+00
   2.4189313e-02
   3.9062634e-02
   2.9727820e-02
   0.0000000e+00
   0.0000000e+00
   0.0000000e+00
   0.0000000e+00
   3.2630983e-02
   2.2317569e-02
   0.0000000e+00
   0.0000000e+00
   0.0000000e+00
   2.5981750e-02
   4.7349256e-02
   5.5879772e-02
   6.5466769e-02
   9.1686718e-02
   1.0823682e-01
   1.1499996e-01
   1.1190057e-01
   1.0278071e-01
   9.2236497e-02
   8.5836098e-02
   7.8617610e-02
   7.8605048e-02
   7.4742407e-02
   7.3627204e-02
   6.1617538e-02
   3.4170542e-02
   0.0000000e+00
   0.0000000e+00
   0.0000000e+00
   0.0000000e+00
   0.0000000e+00
   0.0000000e+00
   4.2063436e-02
   5.3557586e-02
   7.7780120e-02
   5.1165711e-02
   0.0000000e+00
   0.0000000e+00
   0.0000000e+00
   3.4581428e-02
   4.3517681e-02
   4.1383192e-02
   2.2836999e-02
   0.0000000e+00
   0.0000000e+00
   4.8341680e-02
   7.6797120e-02
   7.7968203e-02
   8.1500277e-02
   5.3882591e-02
   5.6966156e-02
   6.1236467e-02
   6.3382432e-02
   6.2043771e-02
   5.7933975e-02
   5.5833016e-02
   5.1473733e-02
   5.0929379e-02
   5.0502043e-02
   5.0255455e-02
   4.2937353e-02
   2.4709363e-02
   2.0884766e-02
   1.9318514e-02
   0.0000000e+00
   0.0000000e+00
   1.2518303e-02
   2.7427869e-02
   4.8172567e-02
   6.9740459e-02
   8.0102935e-02
   4.7147524e-02
   1.9394256e-02
   1.9462888e-02
   2.3353967e-02
   3.4882583e-02
   4.7678053e-02
   3.8030706e-02
   1.5941203e-02
   0.0000000e+00
   0.0000000e+00
   4.1394334e-02
   6.3159570e-02
   5.9765488e-02
   5.5707775e-02
  -8.5789571e-03
  -6.5607317e-03
  -3.5612349e-04
   4.3043052e-03
   5.2322191e-03
   4.7005909e-03
   4.3533668e-03
   2.7663060e-03
   1.7420487e-03
   2.6995619e-03
   5.0671455e-03
   6.7382012e-03
   2.3404909e-03
   5.1268758e-03
   1.0467524e-02
   0.0000000e+00
  -0.0000000e+00
   3.4005966e-03
   1.8244386e-02
   3.1176463e-02
   3.6959335e-02
   3.6395241e-02
   1.5810570e-02
  -2.6992711e-03
  -3.6754098e-04
   3.1256359e-03
   1.0532411e-02
   1.2574146e-02
   1.9003645e-03
  -2.3632852e-03
   0.0000000e+00
   0.0000000e+00
   9.1212044e-03
   8.6372513e-03
   2.8532664e-03
  -4.8232009e-03
  -5.7613391e-02
  -5.4794654e-02
  -4.9787354e-02
  -4.4621967e-02
  -4.5678366e-02
  -4.3593578e-02
  -4.5373727e-02
  -4.2763431e-02
  -4.4672798e-02
  -4.4323932e-02
  -3.9335068e-02
  -3.5785850e-02
  -2.1904048e-02
  -9.3720877e-03
  -8.0913294e-04
  -1.0852612e-03
  -0.0000000e+00
  -9.9188573e-03
  -5.4681922e-04
   0.0000000e+00
  -1.0555494e-02
  -2.1726139e-02
  -2.5610697e-02
  -3.4858041e-02
  -2.6978552e-02
  -2.3984183e-02
  -2.8089443e-02
  -3.5322040e-02
  -3.0730769e-02
  -0.0000000e+00
   0.0000000e+00
   0.0000000e+00
  -0.0000000e+00
  -4.3380119e-02
  -4.8997488e-02
  -5.6458093e-02
  -7.3492616e-02
  -7.3119506e-02
  -7.2459213e-02
  -6.7130618e-02
  -6.9036737e-02
  -6.5475367e-02
  -6.8017587e-02
  -6.3233398e-02
  -6.3364208e-02
  -6.3995220e-02
  -6.1112165e-02
  -6.1765291e-02
  -3.5757518e-02
  -0.0000000e+00
  -6.6498507e-03
  -1.7248018e-03
   0.0000000e+00
  -0.0000000e+00
  -1.4138679e-02
  -0.0000000e+00
  -3.6696751e-02
  -5.9418242e-02
  -5.9018925e-02
  -4.9749076e-02
  -3.5196889e-02
  -3.3583656e-02
  -4.5848150e-02
  -6.1475862e-02
  -4.3644700e-02
  -0.0000000e+00
   0.0000000e+00
   0.0000000e+00
  -0.0000000e+00
  -6.6915058e-02
  -6.9574967e-02
  -7.3514029e-02
  -6.7279980e-02
  -6.9951147e-02
  -7.4036241e-02
  -6.9406427e-02
  -7.0425160e-02
  -6.6163950e-02
  -6.7299612e-02
  -6.2631711e-02
  -6.0290691e-02
  -6.1623506e-02
  -6.1966658e-02
  -6.7162603e-02
  -3.9648412e-02
  -1.8352244e-02
  -5.3633438e-03
  -1.5792138e-03
   0.0000000e+00
  -0.0000000e+00
  -2.0157425e-02
  -2.6972339e-02
  -4.7552418e-02
  -7.4659668e-02
  -7.8943580e-02
  -5.2227248e-02
  -0.0000000e+00
  -0.0000000e+00
  -4.5915390e-02
  -6.5964960e-02
  -4.3102644e-02
  -1.1038621e-02
   0.0000000e+00
   0.0000000e+00
  -0.0000000e+00
  -6.6560231e-02
  -6.6768818e-02
  -6.6687316e-02
  -4.4273615e-02
  -4.8946586e-02
  -5.6817256e-02
  -5.4340050e-02
  -5.2963071e-02
  -4.8873633e-02
  -4.5996588e-02
  -4.3380372e-02
  -3.8745679e-02
  -4.0558778e-02
  -4.3998543e-02
  -5.1478367e-02
  -3.5960689e-02
  -1.7290032e-02
  -1.1322890e-02
  -1.6538805e-03
   0.0000000e+00
   0.0000000e+00
  -2.0956520e-02
  -3.5969440e-02
  -4.7210012e-02
  -6.9297232e-02
  -8.4521510e-02
  -4.2465311e-02
  -0.0000000e+00
   0.0000000e+00
  -0.0000000e+00
  -4.9783818e-02
  -3.2590225e-02
  -5.3704344e-03
  -0.0000000e+00
   0.0000000e+00
  -3.0555690e-02
  -4.5115851e-02
  -4.4353601e-02
  -4.1296270e-02
  -1.8403526e-02
  -2.1706870e-02
  -2.8206928e-02
  -2.8441610e-02
  -2.5241261e-02
  -2.3346685e-02
  -1.8196382e-02
  -1.6982393e-02
  -1.3088801e-02
  -1.5643464e-02
  -2.1411538e-02
  -2.7121417e-02
  -2.4383690e-02
  -8.3763860e-03
  -2.7199427e-03
   3.4823621e-03
   0.0000000e+00
   0.0000000e+00
  -0.0000000e+00
  -3.1341539e-02
  -3.9093651e-02
  -4.6830460e-02
  -6.1448660e-02
  -2.3165150e-02
  -5.9117592e-03
  -6.9729797e-03
   0.0000000e+00
  -2.8618360e-02
  -2.0148011e-02
   2.3356888e-03
   0.0000000e+00
  -0.0000000e+00
  -1.2212214e-02
  -1.5233776e-02
  -1.4482385e-02
  -1.2825534e-02
  -1.3012736e-02
  -1.3357917e-02
  -1.6839638e-02
  -1.6763264e-02
  -1.2667255e-02
  -1.2065725e-02
  -7.1094218e-03
  -6.8001510e-03
  -3.6225973e-03
  -4.4969609e-03
  -8.5509587e-03
  -9.3042087e-03
  -9.9235177e-03
   3.5215847e-03
   1.0082423e-02
   1.1200246e-02
   0.0000000e+00
   0.0000000e+00
   0.0000000e+00
  -2.0307488e-02
  -2.7249008e-02
  -3.2792330e-02
  -3.5048276e-02
  -7.2689224e-03
   1.7518981e-03
   5.6509839e-04
   0.0000000e+00
  -0.0000000e+00
  -1.5630822e-02
  -1.1706342e-03
   1.6532402e-03
  -0.0000000e+00
  -1.6240569e-02
  -1.1178928e-02
  -9.8032877e-03
  -7.7639292e-03
  -1.7321337e-02
  -1.5765177e-02
  -1.7308209e-02
  -1.6644984e-02
  -1.1973513e-02
  -1.2475446e-02
  -7.7441540e-03
  -8.6339237e-03
  -5.9460681e-03
  -5.5722832e-03
  -8.0516888e-03
  -3.7146541e-03
  -4.1851844e-03
   1.0293548e-02
   1.9504057e-02
   1.5300488e-02
   0.0000000e+00
   0.0000000e+00
   0.0000000e+00
  -1.1015929e-02
  -1.9812280e-02
  -2.6188863e-02
  -2.0978631e-02
  -7.1659125e-04
   2.6110203e-03
   8.9845498e-04
   1.2326150e-03
   0.0000000e+00
  -1.4636539e-02
  -9.6038403e-03
  -1.1275040e-02
  -2.3640289e-02
  -2.3313023e-02
  -1.6535701e-02
  -1.6214600e-02
  -1.2954884e-02
  -3.1627703e-02
  -2.9110471e-02
  -2.9728878e-02
  -2.8389521e-02
  -2.3210559e-02
  -2.5154905e-02
  -2.0305881e-02
  -2.3438901e-02
  -2.1136576e-02
  -2.0298177e-02
  -2.1799499e-02
  -1.1094378e-02
  -8.5356617e-03
   1.1827934e-02
   2.7643697e-02
   1.7771520e-02
   0.0000000e+00
   0.0000000e+00
  -0.0000000e+00
  -3.1542859e-03
  -1.6381223e-02
  -2.5340764e-02
  -1.8355710e-02
  -3.9830268e-03
  -5.5710436e-03
  -4.2201490e-03
   3.2670991e-04
   0.0000000e+00
  -0.0000000e+00
  -2.5544697e-02
  -2.8015448e-02
  -3.4179997e-02
  -3.4590147e-02
  -3.0948985e-02
  -3.4032997e-02
  -2.8531108e-02
  -4.3327581e-02
  -4.0617332e-02
  -4.1470226e-02
  -4.0520389e-02
  -3.5607744e-02
  -3.8053036e-02
  -3.2976728e-02
  -3.7867747e-02
  -3.5563923e-02
  -3.5259396e-02
  -3.5678666e-02
  -2.3812519e-02
  -2.0779850e-02
   2.6326291e-03
   2.4004405e-02
   2.0432011e-02
   0.0000000e+00
   0.0000000e+00
  -0.0000000e+00
   8.5657489e-04
  -1.1635925e-02
  -2.3939293e-02
  -2.6192430e-02
  -1.5045546e-02
  -1.4521396e-02
  -9.8407622e-03
  -6.0322457e-03
  -0.0000000e+00
  -0.0000000e+00
  -4.0803611e-02
  -4.3099161e-02
  -4.1491732e-02
  -4.0410087e-02
  -3.9695494e-02
  -4.5304079e-02
  -3.9846681e-02
  -4.0346708e-02
  -3.7661131e-02
  -3.8471892e-02
  -3.7481401e-02
  -3.3836994e-02
  -3.5805590e-02
  -3.1626999e-02
  -3.5838168e-02
  -3.3945378e-02
  -3.3437703e-02
  -3.2758169e-02
  -2.3678003e-02
  -2.0634891e-02
  -3.2574548e-03
   1.6763907e-02
   1.7869787e-02
   0.0000000e+00
   0.0000000e+00
  -0.0000000e+00
   4.7282241e-03
  -1.9016814e-03
  -1.5539268e-02
  -2.3695232e-02
  -1.8721867e-02
  -1.5352740e-02
  -1.0315236e-02
  -9.8816436e-03
  -1.0390157e-02
  -0.0000000e+00
  -4.1728176e-02
  -4.1349746e-02
  -3.8296759e-02
  -3.7353355e-02
  -3.7033107e-02
  -4.1472320e-02
  -3.7384290e-02
  -4.2156953e-02
  -3.9887801e-02
  -4.1114952e-02
  -4.0130168e-02
  -3.8359292e-02
  -4.0290017e-02
  -3.7756398e-02
  -4.1830290e-02
  -4.1052308e-02
  -4.1490808e-02
  -4.1832857e-02
  -3.5659317e-02
  -3.1561919e-02
  -1.3705451e-02
   4.4500255e-03
   1.1091491e-02
   0.0000000e+00
   0.0000000e+00
   0.0000000e+00
   6.8590148e-03
   5.6252023e-03
  -7.2058337e-03
  -2.3294525e-02
  -2.4619553e-02
  -2.1456830e-02
  -1.7910656e-02
  -1.9319952e-02
  -1.9124554e-02
  -3.0086481e-02
  -4.4313867e-02
  -4.1588314e-02
  -3.9073646e-02
  -3.8118944e-02
  -3.8949978e-02
  -4.1770924e-02
  -3.9637487e-02
  -3.0599015e-02
  -2.8012246e-02
  -2.8378835e-02
  -2.6864117e-02
  -2.7517080e-02
  -2.9297240e-02
  -3.0250456e-02
  -3.4028668e-02
  -3.5106964e-02
  -3.8057480e-02
  -3.9465658e-02
  -4.0572174e-02
  -3.7926495e-02
  -3.3572093e-02
  -2.3325928e-02
  -8.2877483e-03
  -0.0000000e+00
   0.0000000e+00
   0.0000000e+00
   6.8705318e-03
   2.0163188e-02
   8.7913507e-03
  -0.0000000e+00
  -2.2561023e-02
  -3.0969005e-02
  -2.8147571e-02
  -3.3047348e-02
  -3.9490722e-02
  -3.8222808e-02
  -3.7468717e-02
  -3.2331746e-02
  -3.1960201e-02
  -3.0688152e-02
  -3.1143265e-02
  -3.1160424e-02
  -3.0133534e-02
  -2.4681913e-02
  -2.1452211e-02
  -2.1560896e-02
  -1.9467350e-02
  -2.0491064e-02
  -2.2122879e-02
  -2.3714211e-02
  -2.6626740e-02
  -2.7019829e-02
  -3.1480011e-02
  -3.3364035e-02
  -3.8220301e-02
  -3.9654326e-02
  -4.9270138e-02
  -5.9877317e-02
  -4.4996667e-02
  -2.6576600e-02
  -1.8238535e-02
  -9.2396847e-03
  -2.4445513e-03
   1.9147085e-02
   1.0322235e-02
  -0.0000000e+00
  -2.0692494e-02
  -3.6415000e-02
  -3.5005696e-02
  -4.6492249e-02
  -6.0437743e-02
  -4.9286682e-02
  -4.0139556e-02
  -3.3878263e-02
  -3.2118637e-02
  -2.9815111e-02
  -3.0200526e-02
  -2.8755018e-02
  -2.5920261e-02
  -3.1592187e-02
  -2.8396061e-02
  -2.8157748e-02
  -2.6080513e-02
  -2.6884427e-02
  -2.8338732e-02
  -2.9453455e-02
  -3.1120295e-02
  -3.0951682e-02
  -3.5600096e-02
  -3.7733931e-02
  -4.3291625e-02
  -4.7621574e-02
  -6.3795909e-02
  -8.6338982e-02
  -5.6135482e-02
  -4.0464422e-02
  -3.2285184e-02
  -2.2585275e-02
  -1.3061508e-02
   6.9322661e-03
   0.0000000e+00
  -2.2732113e-02
  -2.6435329e-02
  -4.1636806e-02
  -4.5200948e-02
  -6.1240830e-02
  -7.3549315e-02
  -6.0312841e-02
  -5.2066941e-02
  -4.6169270e-02
  -4.2541880e-02
  -3.9557945e-02
  -3.9579060e-02
  -3.7459075e-02
  -3.3568785e-02
  -5.3489592e-02
  -5.1041409e-02
  -4.9959090e-02
  -4.8461098e-02
  -4.8447363e-02
  -4.9628619e-02
  -4.9360789e-02
  -4.9079914e-02
  -4.8679560e-02
  -5.2199692e-02
  -5.4904349e-02
  -5.8684159e-02
  -6.5546997e-02
  -8.2756504e-02
  -1.1253454e-01
  -9.4556123e-02
  -6.2664807e-02
  -5.8892626e-02
  -4.9288058e-02
  -2.7160192e-02
  -1.8618982e-02
  -0.0000000e+00
  -2.6240434e-02
  -3.7915275e-02
  -5.0342083e-02
  -6.3557655e-02
  -8.3227329e-02
  -8.7125555e-02
  -7.7278458e-02
  -7.6042004e-02
  -7.2270133e-02
  -6.6138864e-02
  -6.2759474e-02
  -6.1988417e-02
  -5.9609152e-02
  -5.5550329e-02
  -9.7440131e-02
  -9.8184295e-02
  -9.4069645e-02
  -9.3887664e-02
  -9.2010930e-02
  -9.3157485e-02
  -9.1285318e-02
  -8.7982319e-02
  -8.8800505e-02
  -8.7265186e-02
  -9.1871820e-02
  -9.0346470e-02
  -9.6898168e-02
  -1.0329845e-01
  -1.1379828e-01
  -1.1631655e-01
  -8.1840180e-02
  -8.2400754e-02
  -7.3601514e-02
  -4.6547852e-02
  -5.1808804e-02
  -4.3931975e-02
  -6.0632981e-02
  -7.5634301e-02
  -6.6426680e-02
  -9.5536865e-02
  -1.1092684e-01
  -1.0634671e-01
  -1.0834073e-01
  -1.0988644e-01
  -1.1238894e-01
  -1.0572232e-01
  -1.0437962e-01
  -1.0098291e-01
  -9.8667987e-02
  -9.8125592e-02
  -1.2921718e-01
  -1.3177115e-01
  -1.2655826e-01
  -1.2572864e-01
  -1.2329114e-01
  -1.2402549e-01
  -1.2171873e-01
  -1.1806346e-01
  -1.1769171e-01
  -1.1328021e-01
  -1.1628024e-01
  -1.0953726e-01
  -1.0931363e-01
  -1.0243512e-01
  -1.0003652e-01
  -1.1074262e-01
  -8.8738173e-02
  -7.7272922e-02
  -6.3235335e-02
  -5.2149508e-02
  -7.0988812e-02
  -6.2089734e-02
  -8.5990638e-02
  -1.0088973e-01
  -8.4050515e-02
  -1.1487395e-01
  -1.2234390e-01
  -1.1950997e-01
  -1.2626353e-01
  -1.2441026e-01
  -1.2886472e-01
  -1.2647069e-01
  -1.2909235e-01
  -1.2677361e-01
  -1.2542920e-01
  -1.2806141e-01
  -1.2438733e-01
  -1.2580995e-01
  -1.2224840e-01
  -1.2063558e-01
  -1.1921544e-01
  -1.1928847e-01
  -1.1783765e-01
  -1.1553066e-01
  -1.1410087e-01
  -1.1091368e-01
  -1.1046921e-01
  -1.0266161e-01
  -9.6092932e-02
  -8.4175006e-02
  -8.0077432e-02
  -8.9703456e-02
  -7.8635640e-02
  -5.6447703e-02
  -3.9684568e-02
  -4.0470026e-02
  -6.4313799e-02
  -6.7799158e-02
  -8.5419178e-02
  -9.5103033e-02
  -8.3042324e-02
  -1.0755986e-01
  -1.1331491e-01
  -1.1168905e-01
  -1.1580011e-01
  -1.1268002e-01
  -1.1501511e-01
  -1.1568528e-01
  -1.2012324e-01
  -1.2114690e-01
  -1.2073452e-01
  -1.2331762e-01
  -8.2891844e-02
  -8.1503712e-02
  -8.0741152e-02
  -7.8811415e-02
  -7.9322502e-02
  -7.8502871e-02
  -7.8470580e-02
  -7.8367151e-02
  -7.6773316e-02
  -7.6930590e-02
  -7.3098503e-02
  -6.7975730e-02
  -5.7426132e-02
  -4.8088692e-02
  -4.9558751e-02
  -5.2189849e-02
  -4.8915505e-02
  -2.7094848e-02
  -0.0000000e+00
  -1.7015350e-02
  -4.1404420e-02
  -5.4523826e-02
  -5.9404477e-02
  -6.0029909e-02
  -6.0045791e-02
  -7.1551638e-02
  -7.9103731e-02
  -7.6893166e-02
  -7.4782729e-02
  -7.2993398e-02
  -7.1890399e-02
  -7.4314326e-02
  -7.8329742e-02
  -8.3044179e-02
  -8.3347417e-02
  -8.3412535e-02
  -1.2175444e-02
  -9.4153527e-03
  -9.3722558e-03
  -8.1876563e-03
  -9.7834906e-03
  -7.8662215e-03
  -7.7995146e-03
  -8.4068608e-03
  -8.0596749e-03
  -9.0836501e-03
  -5.6059798e-03
  -5.2879262e-03
   2.6994799e-03
   4.5350250e-03
  -9.1265357e-04
   5.7416563e-03
   6.3694227e-03
   7.4781290e-03
   0.0000000e+00
   0.0000000e+00
  -0.0000000e+00
  -2.4272316e-02
  -1.3168866e-02
  -4.0917230e-03
  -1.1105435e-02
  -6.5568369e-03
  -1.1947305e-02
  -8.3668614e-03
  -5.4915231e-03
  -7.2639757e-03
  -6.4253006e-03
  -9.5266160e-03
  -1.1803292e-02
  -1.6266135e-02
  -1.6738836e-02
  -1.4434996e-02
   5.5385254e-02
   5.8817044e-02
   6.0310416e-02
   6.1683945e-02
   5.9792370e-02
   6.2503256e-02
   6.2402710e-02
   6.4634718e-02
   6.4815730e-02
   6.5117635e-02
   6.8539806e-02
   6.7442425e-02
   7.3989391e-02
   6.8998769e-02
   6.9767214e-02
   8.5375115e-02
   7.3741257e-02
   4.4089887e-02
   0.0000000e+00
   0.0000000e+00
   0.0000000e+00
   9.4946964e-03
   3.4739836e-02
   5.3467172e-02
   5.5828668e-02
   6.5873432e-02
   6.4454727e-02
   6.9317997e-02
   6.5615892e-02
   6.3063197e-02
   6.1520144e-02
   5.6187261e-02
   5.3628195e-02
   5.0587554e-02
   5.1183436e-02
   5.1514145e-02
   8.6049631e-02
   8.7820686e-02
   9.1367818e-02
   9.4600916e-02
   9.4890535e-02
   9.8305307e-02
   9.8921545e-02
   1.0399800e-01
   1.0523525e-01
   1.0810149e-01
   1.1342246e-01
   1.1559612e-01
   1.2239729e-01
   1.1854392e-01
   1.3413176e-01
   1.4940925e-01
   1.2231109e-01
   0.0000000e+00
   0.0000000e+00
   0.0000000e+00
   0.0000000e+00
   2.8293692e-02
   6.2373154e-02
   7.8653775e-02
   9.2612490e-02
   9.7503960e-02
   9.4629206e-02
   9.8979630e-02
   9.4461098e-02
   9.5747091e-02
   9.3846068e-02
   9.0355381e-02
   8.7686040e-02
   8.4098786e-02
   8.5037753e-02
   8.3387524e-02
   6.6242844e-02
   6.7025803e-02
   6.8933390e-02
   7.1416587e-02
   7.3262230e-02
   7.5270064e-02
   7.5204507e-02
   7.6655306e-02
   7.6842330e-02
   7.8968816e-02
   8.1887707e-02
   8.5377805e-02
   8.9848220e-02
   9.3023799e-02
   1.0733080e-01
   1.1327019e-01
   1.0983592e-01
   5.5897567e-02
   2.0897033e-02
   2.0165380e-02
   2.3185040e-02
   3.2608364e-02
   4.7333706e-02
   5.3786810e-02
   6.3002869e-02
   6.6053942e-02
   6.5712102e-02
   7.0342690e-02
   7.1288117e-02
   7.4378438e-02
   7.4819349e-02
   7.4423097e-02
   7.2417207e-02
   6.8622030e-02
   6.7540847e-02
   6.6073053e-02
   3.9244089e-02
   3.8748238e-02
   3.8601279e-02
   3.9815012e-02
   4.2165205e-02
   4.4109274e-02
   4.4896074e-02
   4.3467525e-02
   4.2659555e-02
   4.3648589e-02
   4.4577926e-02
   4.6463631e-02
   4.7367144e-02
   4.9955048e-02
   5.5737920e-02
   5.3782411e-02
   5.1032130e-02
   3.9218239e-02
   3.0025097e-02
   2.9558806e-02
   2.8397107e-02
   2.6221737e-02
   2.4851028e-02
   2.3989173e-02
   2.4536280e-02
   2.9210066e-02
   3.2598592e-02
   3.4939859e-02
   3.8278900e-02
   4.0108301e-02
   4.1266885e-02
   4.1622166e-02
   4.2288978e-02
   4.2003594e-02
   4.1209463e-02
   4.0460728e-02
   1.1785697e-02
   1.1385518e-02
   1.0924825e-02
   1.1238908e-02
   1.1709409e-02
   1.2920412e-02
   1.3420064e-02
   1.3039007e-02
   1.3218979e-02
   1.3480679e-02
   1.3609252e-02
   1.3970466e-02
   1.3881009e-02
   1.4700281e-02
   1.5909253e-02
   1.4906249e-02
   1.7040517e-02
   1.9818461e-02
   2.0717222e-02
   2.1102173e-02
   1.7106894e-02
   1.2148998e-02
   8.1843287e-03
   7.1074581e-03
   5.8629094e-03
   6.6421176e-03
   7.8386525e-03
   7.9852873e-03
   9.1438722e-03
   9.4659301e-03
   9.7444346e-03
   9.7881816e-03
   1.1110437e-02
   1.2597461e-02
   1.2805378e-02
   1.2385049e-02
   2.8451385e-03
   3.1514619e-03
   3.2447935e-03
   3.3516136e-03
   3.0669055e-03
   2.9480574e-03
   2.8798436e-03
   2.9579217e-03
   3.3299103e-03
   2.9781037e-03
   2.7877809e-03
   3.1876885e-03
   3.2713469e-03
   3.3080974e-03
   3.6727153e-03
   3.6316067e-03
   3.7630361e-03
   3.7222106e-03
   3.5111189e-03
   3.5920523e-03
   3.6571959e-03
   3.8909933e-03
   3.9246147e-03
   4.2637242e-03
   3.2524867e-03
   2.2596952e-03
   2.0889747e-03
   1.8429930e-03
   1.8018545e-03
   1.8631363e-03
   2.0956981e-03
   1.7490844e-03
   1.7222154e-03
   2.0468684e-03
   2.2632473e-03
   2.6249012e-03
  -1.9837497e-03
  -1.8555674e-03
  -1.7130314e-03
  -1.5852071e-03
  -1.6168772e-03
  -1.8140541e-03
  -1.9958201e-03
  -2.1985448e-03
  -2.4034292e-03
  -2.6055123e-03
  -2.4704908e-03
  -2.1778827e-03
  -2.0991894e-03
  -2.1373557e-03
  -2.1388226e-03
  -2.0039368e-03
  -1.9161100e-03
  -1.8257576e-03
  -1.5810824e-03
  -1.0198246e-03
  -5.0596229e-04
  -2.1169909e-04
  -1.1751898e-04
  -2.7365470e-04
  -7.7791594e-04
  -1.4365789e-03
  -1.7143650e-03
  -1.8384320e-03
  -2.0847442e-03
  -2.3443885e-03
  -2.3086877e-03
  -2.1967443e-03
  -2.2354485e-03
  -2.2410392e-03
  -2.2108478e-03
  -2.0753292e-03
