   1.0270994e+00
   8.0005898e-01
   6.8736017e-01
   6.9662631e-01
   7.3809359e-01
   7.2950846e-01
   6.4557004e-01
   4.7779247e-01
   2.8946057e-01
   1.6864522e-01
   1.0715690e-01
   4.7722742e-02
  -4.6617519e-02
  -1.6713041e-01
  -2.7705485e-01
  -3.5579467e-01
  -3.7591024e-01
  -2.7980608e-01
  -1.1403073e-01
   3.9928133e-02
   6.4390033e-02
  -2.2939097e-02
  -1.4920136e-01
  -2.3869120e-01
  -2.3669630e-01
  -1.0178364e-01
   9.7149424e-02
   2.2722560e-01
   2.9704803e-01
   3.9157322e-01
   5.8351225e-01
   8.8800855e-01
   1.1645991e+00
   1.3061543e+00
   1.3314151e+00
   1.2257019e+00
   1.9688617e+00
   1.2563014e+00
   9.0048373e-01
   9.0858912e-01
   8.9022267e-01
   8.1043595e-01
   6.8322676e-01
   3.9342535e-01
  -2.5107026e-02
  -2.2388551e-01
   6.2274143e-02
   2.2159456e-01
  -1.0552486e-02
  -1.5156923e-01
  -1.4895162e-01
  -2.2705156e-01
  -3.8236067e-01
  -3.5119390e-01
  -1.2900904e-01
   1.6673474e-01
   3.9387208e-01
   5.3426892e-01
   7.3674941e-01
   5.8886832e-01
   2.3355579e-01
   3.4410071e-01
   6.9165611e-01
   7.0372683e-01
   4.5050812e-01
   3.5511383e-01
   6.7391980e-01
   1.3700110e+00
   1.9538491e+00
   2.1371474e+00
   2.3117421e+00
   2.3863816e+00
   1.2412508e+00
   3.4940353e-01
  -2.8367898e-01
  -4.3882632e-01
  -6.5947843e-01
  -6.9116729e-01
  -6.8009162e-01
  -7.3392963e-01
  -9.9256223e-01
  -1.3526824e+00
  -7.9345173e-01
  -5.6918693e-01
  -1.1167690e+00
  -1.0668845e+00
  -7.5061464e-01
  -4.8853815e-01
  -3.3028868e-01
  -3.0518949e-01
  -9.0244703e-02
   2.8221789e-01
   6.2900597e-01
   7.7085936e-01
   6.9149750e-01
   5.5508524e-02
  -3.8364083e-01
  -1.1088415e-02
   3.9350057e-01
   4.0335777e-01
   1.5919763e-01
   5.4513603e-02
   1.8939522e-01
   6.6400051e-01
   1.2148503e+00
   1.2812195e+00
   1.4640588e+00
   1.6498531e+00
   1.4936519e-01
  -4.9238861e-01
  -1.0161557e+00
  -1.1416853e+00
  -1.3481230e+00
  -1.3237636e+00
  -1.3012643e+00
  -1.2278856e+00
  -1.1848794e+00
  -1.5234492e+00
  -1.1344769e+00
  -1.1415557e+00
  -1.7495455e+00
  -1.2780553e+00
  -8.1288695e-01
  -5.0954390e-01
  -2.1552658e-01
  -5.1188093e-01
  -1.9534891e-01
   4.3122742e-01
   6.3379085e-01
   5.3960395e-01
  -4.5833519e-01
  -1.3018162e+00
  -8.5363714e-01
  -1.7633346e-01
   7.0575409e-02
   7.0171812e-02
  -2.8744701e-01
  -5.6834233e-01
  -6.1852105e-01
  -2.0871224e-01
   5.4397261e-01
   8.0389420e-01
   7.3633057e-01
   5.0708330e-01
  -6.7147040e-01
  -9.4510520e-01
  -1.0157969e+00
  -1.0328815e+00
  -1.2217317e+00
  -1.3495961e+00
  -1.3895786e+00
  -1.3181413e+00
  -1.1531216e+00
  -1.2628205e+00
  -1.1763260e+00
  -1.5466121e+00
  -2.1169653e+00
  -1.3093988e+00
  -7.1295023e-01
  -5.2469981e-01
  -3.3953294e-01
  -8.4828079e-01
  -3.6643484e-01
   1.0090969e-01
  -1.2812755e-01
  -4.3226504e-01
  -1.8459456e+00
  -2.1050835e+00
  -1.0491977e+00
  -5.6973791e-01
  -4.2191797e-01
  -5.5821395e-01
  -1.0562621e+00
  -1.4030693e+00
  -1.3131111e+00
  -7.0537728e-01
   2.3025683e-01
   7.1071267e-01
   2.6763740e-01
  -3.5197443e-01
  -1.0827903e+00
  -1.0646330e+00
  -8.3206993e-01
  -8.2742226e-01
  -1.0617702e+00
  -1.2960973e+00
  -1.3595598e+00
  -1.2871916e+00
  -1.1208897e+00
  -1.1080061e+00
  -1.0764445e+00
  -1.5511475e+00
  -2.0236070e+00
  -1.1705585e+00
  -6.7552054e-01
  -5.6085300e-01
  -5.4163694e-01
  -9.9651998e-01
  -4.3932009e-01
  -4.8584077e-01
  -1.1332468e+00
  -1.6248268e+00
  -2.5966365e+00
  -1.8975146e+00
  -1.0863258e+00
  -1.1133230e+00
  -9.9894178e-01
  -1.2978051e+00
  -1.5091114e+00
  -1.4674816e+00
  -1.3058555e+00
  -8.2774049e-01
  -3.5000250e-02
   3.6362392e-01
  -3.1754053e-01
  -9.2952728e-01
  -9.7463214e-01
  -8.6662306e-01
  -7.0261761e-01
  -7.3082459e-01
  -9.4852836e-01
  -1.0739119e+00
  -1.1139241e+00
  -1.0182347e+00
  -8.9299773e-01
  -9.5912230e-01
  -8.8973076e-01
  -1.1468145e+00
  -1.1798736e+00
  -3.3896663e-01
  -2.6570496e-01
  -3.5292009e-01
  -5.1559079e-01
  -9.3302106e-01
  -4.2224872e-01
  -6.5365342e-01
  -1.5698029e+00
  -2.2283096e+00
  -2.3752291e+00
  -1.0761751e+00
  -7.6365697e-01
  -1.1718355e+00
  -1.2174372e+00
  -1.4846201e+00
  -8.7986346e-01
  -3.7017639e-01
  -7.0976770e-01
  -6.8775789e-01
  -2.0581236e-01
  -1.5348637e-01
  -7.9699662e-01
  -1.1007229e+00
  -4.2023137e-01
  -4.1253561e-01
  -3.9417159e-01
  -4.2206907e-01
  -4.9596936e-01
  -4.7396689e-01
  -4.5204759e-01
  -3.3809781e-01
  -3.3126604e-01
  -4.9492866e-01
  -5.7994741e-01
  -5.3733942e-01
   1.3643341e-01
   1.0822840e+00
   8.7006950e-01
   3.4120971e-01
  -2.7878359e-01
  -6.5565137e-01
  -1.3770387e-01
  -2.4813734e-01
  -1.3070975e+00
  -1.9788767e+00
  -1.3681073e+00
   8.0647026e-03
   2.6219949e-02
  -4.4984031e-01
  -8.0213981e-01
  -7.7245849e-01
   7.4191260e-01
   1.1050900e+00
  -5.8198735e-02
  -3.2292059e-01
  -4.6359847e-02
  -2.9043797e-01
  -7.2234458e-01
  -6.6590897e-01
   3.3747682e-01
   1.8716218e-01
   2.2448264e-01
   2.5850677e-01
   3.7359339e-01
   4.3776143e-01
   5.1380336e-01
   6.3241911e-01
   4.5770311e-01
   2.6778364e-01
  -1.2246934e-01
   1.6208583e-01
   1.4345906e+00
   2.4004788e+00
   2.4080596e+00
   1.4396396e+00
  -1.1213705e-02
  -1.3997728e-01
   4.9932152e-01
   3.8120633e-01
  -6.9379115e-01
  -1.1657238e+00
   5.1765013e-02
   1.2273140e+00
   1.1219625e+00
   7.3949438e-01
   6.6223636e-02
   5.6071228e-01
   2.5647025e+00
   2.1289093e+00
   3.7523311e-01
   1.8245086e-01
   4.3656760e-01
   1.5665336e-01
  -3.4592099e-02
   2.2528797e-01
   1.0661036e+00
   8.1142634e-01
   1.0413650e+00
   1.1835085e+00
   1.4358845e+00
   1.4439405e+00
   1.5162320e+00
   1.6311821e+00
   1.2727324e+00
   1.1021985e+00
   4.3414202e-01
   8.9763510e-01
   2.4231052e+00
   3.1014972e+00
   3.8131812e+00
   2.6663017e+00
   1.7948630e-01
   5.5819899e-01
   1.3490310e+00
   9.1703689e-01
  -3.3478208e-02
  -1.6604412e-01
   1.5599591e+00
   2.4836645e+00
   2.2758269e+00
   1.9462354e+00
   1.0597936e+00
   2.0398657e+00
   3.9078012e+00
   2.4304147e+00
   5.8067262e-01
   6.9297951e-01
   1.0617827e+00
   1.0112408e+00
   1.0063419e+00
   1.2253731e+00
   1.5168568e+00
   1.3110628e+00
   1.7653489e+00
   2.0412590e+00
   2.2937548e+00
   2.2669404e+00
   2.1857748e+00
   2.2842397e+00
   1.8257381e+00
   1.6603713e+00
   1.0040483e+00
   1.6727195e+00
   2.9725379e+00
   2.7033546e+00
   4.3322888e+00
   3.5797036e+00
   2.7649353e-01
   1.3470023e+00
   2.0287769e+00
   1.2249138e+00
   7.1429983e-01
   8.2316909e-01
   3.0468942e+00
   3.7653195e+00
   3.2117175e+00
   2.6961398e+00
   1.9288762e+00
   3.1337283e+00
   4.0229498e+00
   1.9966073e+00
   6.0475924e-01
   9.5064385e-01
   1.5663335e+00
   1.9346243e+00
   1.9542068e+00
   1.7937650e+00
   1.0510187e+00
   1.0233698e+00
   1.4576287e+00
   1.7268648e+00
   1.9741565e+00
   1.9230690e+00
   1.7936189e+00
   1.7914758e+00
   1.3867795e+00
   1.2877147e+00
   8.5366650e-01
   1.6774274e+00
   2.5901799e+00
   1.9885668e+00
   3.6886816e+00
   3.0132873e+00
   6.8830482e-02
   1.3322299e+00
   1.7354357e+00
   1.2801624e+00
   1.3059330e+00
   1.2092925e+00
   3.4117583e+00
   4.0230503e+00
   2.8240228e+00
   2.3495640e+00
   2.1538644e+00
   2.8624017e+00
   2.9916817e+00
   1.4051273e+00
   3.4744120e-01
   5.5360191e-01
   1.3405786e+00
   1.7148002e+00
   1.4838639e+00
   1.2139559e+00
   2.0102087e-01
   3.4135792e-01
   7.0244807e-01
   9.0961200e-01
   1.1848370e+00
   1.0471926e+00
   1.0060073e+00
   8.6633044e-01
   5.4966307e-01
   5.4716587e-01
   2.4015456e-01
   1.1502068e+00
   1.6905732e+00
   1.5384698e+00
   3.1130567e+00
   1.9294295e+00
  -3.4109610e-01
   8.9202905e-01
   1.1979239e+00
   1.2771970e+00
   1.5442495e+00
   1.3409784e+00
   3.1377373e+00
   3.5088871e+00
   1.9402535e+00
   1.6757572e+00
   2.0828402e+00
   2.3046231e+00
   1.9985425e+00
   7.7147973e-01
  -1.0463202e-01
   4.8381299e-02
   7.9881877e-01
   8.9461666e-01
   4.7437724e-01
   3.2923055e-01
  -7.4628812e-01
  -4.6033251e-01
  -1.8731041e-01
  -4.7294565e-02
   2.4407969e-01
   6.5947324e-03
   8.5883901e-02
  -1.9589150e-01
  -4.1086668e-01
  -3.3235553e-01
  -5.5704275e-01
   3.7829590e-01
   5.7186818e-01
   1.1575814e+00
   2.5550628e+00
   7.3891681e-01
  -7.6759403e-01
   2.9815954e-01
   6.0002828e-01
   1.2291228e+00
   1.5623949e+00
   1.3536723e+00
   2.5558373e+00
   2.6091344e+00
   9.5178902e-01
   9.1133612e-01
   1.8286213e+00
   1.7006607e+00
   1.0862343e+00
   8.0911480e-02
  -6.3615167e-01
  -4.3455025e-01
   1.5265565e-01
  -1.2522566e-01
  -6.5251038e-01
  -6.1824012e-01
  -1.8058279e+00
  -1.4237846e+00
  -1.2492252e+00
  -1.1306333e+00
  -9.2758862e-01
  -1.2562937e+00
  -1.0881511e+00
  -1.5142623e+00
  -1.5889947e+00
  -1.5292466e+00
  -1.7089844e+00
  -9.2130454e-01
  -1.0729055e+00
   5.7652983e-01
   1.8168590e+00
  -4.6292083e-01
  -1.0683109e+00
  -5.1144097e-01
  -6.1057856e-02
   1.0463135e+00
   1.1038624e+00
   1.2110217e+00
   1.3697719e+00
   8.5996802e-01
  -1.6587098e-02
   2.6441548e-02
   1.1060499e+00
   1.1668865e+00
   2.4317094e-01
  -1.0050544e+00
  -1.3819654e+00
  -7.7309062e-01
  -6.6454055e-01
  -1.4183807e+00
  -1.7893931e+00
  -1.6403567e+00
  -1.6585104e+00
  -1.2841130e+00
  -1.2371014e+00
  -1.0555080e+00
  -1.0480776e+00
  -1.3389738e+00
  -1.3091917e+00
  -1.8154449e+00
  -1.7799025e+00
  -1.9501239e+00
  -1.9731787e+00
  -1.6071544e+00
  -1.7334400e+00
  -2.8090492e-01
   1.7659308e-01
  -4.5637220e-01
  -3.9542687e-01
  -9.2763114e-01
  -3.5625589e-01
   5.7926154e-01
   8.5451734e-01
   1.0013399e+00
   2.8887174e-01
  -1.1494118e-01
  -2.7888335e-02
  -6.1074011e-02
   1.1750625e-01
   6.6865212e-01
   1.7160855e-02
  -1.6090180e+00
  -1.4654763e+00
  -5.8405977e-01
  -7.0747924e-01
  -1.4172060e+00
  -1.6159320e+00
  -1.5406871e+00
  -1.0456495e+00
  -6.9833398e-01
  -7.4847144e-01
  -5.5016851e-01
  -6.5396887e-01
  -9.1793865e-01
  -9.9330622e-01
  -1.5439739e+00
  -1.4664799e+00
  -1.7965263e+00
  -1.7004778e+00
  -1.6918879e+00
  -1.7620852e+00
  -8.9456207e-01
  -1.3624401e+00
  -4.0052652e-01
   1.5441246e-01
  -1.2263712e+00
  -5.1168454e-01
   1.7465298e-01
   8.8671136e-01
   9.7628009e-01
  -3.0962360e-01
  -3.9378676e-01
   7.3474720e-02
   4.1390520e-02
  -5.6345379e-01
   2.7982756e-02
  -3.9311234e-02
  -1.5704927e+00
  -1.1677920e+00
  -2.9278868e-01
  -3.6817053e-01
  -8.8671887e-01
  -1.0465348e+00
  -9.6340650e-01
  -1.3983002e-01
   1.6799060e-01
   2.3088453e-02
   2.1844934e-01
   2.9379953e-02
  -2.0947575e-01
  -3.8726715e-01
  -9.7102937e-01
  -8.7847814e-01
  -1.3549922e+00
  -1.1429096e+00
  -1.5052955e+00
  -1.4981379e+00
  -1.4689027e+00
  -3.0419157e+00
  -3.1476381e-01
   7.1371752e-01
  -1.5065456e+00
  -6.2059438e-01
  -2.5008861e-01
   1.0547582e+00
   1.0346710e+00
  -7.5513622e-01
  -3.8051235e-01
   2.4000371e-01
   2.4538384e-01
  -1.1834154e+00
  -7.5763825e-01
  -2.3235429e-02
  -1.2262085e+00
  -6.5514830e-01
   8.1946906e-02
   1.9167208e-01
  -4.3447964e-02
  -2.2210041e-01
  -9.1856354e-02
   1.2929960e+00
   1.4136698e+00
   1.3298842e+00
   1.4214659e+00
   1.2225684e+00
   1.0627393e+00
   8.5787088e-01
   4.8856470e-01
   4.3107176e-01
   3.6107931e-02
   1.4784753e-01
  -4.9402499e-01
  -6.9078624e-01
  -1.7535365e+00
  -4.1081924e+00
  -1.4507432e+00
  -3.1684548e-01
  -2.2883337e+00
  -1.0222136e+00
  -4.9139228e-01
   9.6106887e-01
   1.5481366e+00
  -3.8094512e-01
  -3.1620291e-01
   4.2359605e-02
  -1.4598304e-01
  -1.4291344e+00
  -1.8201602e+00
  -2.7731538e-01
   1.2089751e-01
   2.0626658e-01
   6.8644184e-01
   1.0853912e+00
   1.1478517e+00
   1.1253575e+00
   1.2505239e+00
   1.3626559e+00
   1.3878386e+00
   1.3993945e+00
   1.4605253e+00
   1.2822906e+00
   1.2301512e+00
   1.0662335e+00
   9.3080306e-01
   8.3419353e-01
   5.5426365e-01
   5.4290354e-01
  -1.0538481e-01
  -4.5121545e-01
  -1.6509560e+00
  -3.7788343e+00
  -2.4591105e+00
  -1.7959458e+00
  -3.0026557e+00
  -1.6609542e+00
  -7.3245001e-01
   4.4582528e-01
   1.4411944e+00
  -4.4843227e-02
  -6.0675764e-01
  -4.9236292e-01
  -7.6642966e-01
  -1.3769966e+00
  -1.8590773e+00
  -5.5143768e-01
   3.4478542e-01
   1.7976162e-01
   6.5764540e-01
   1.0039339e+00
   1.1033050e+00
   1.2672065e+00
   1.2636802e+00
   1.1053429e+00
   1.0888926e+00
   1.1608135e+00
   1.2103521e+00
   1.0723361e+00
   1.1111990e+00
   1.0130939e+00
   1.0586913e+00
   9.8652589e-01
   7.9835871e-01
   7.0112145e-01
   7.9677852e-02
  -3.4461467e-01
  -1.5508354e+00
  -3.4899697e+00
  -3.2815129e+00
  -3.0877783e+00
  -3.7131171e+00
  -2.4407061e+00
  -1.2228298e+00
  -1.2607433e-01
   1.0377997e+00
   4.3653835e-02
  -9.0198838e-01
  -1.1138569e+00
  -1.3230026e+00
  -1.3748768e+00
  -1.8373136e+00
  -8.0639046e-01
   2.1922356e-01
  -8.2225355e-02
   3.7571427e-01
   6.7872991e-01
   8.0686317e-01
   1.0774238e+00
   9.8982280e-01
  -6.2885832e-03
   5.9334953e-02
   1.1710714e-01
   1.9815326e-01
   1.5851274e-01
   2.6736228e-01
   3.1184460e-01
   4.4800154e-01
   5.6373092e-01
   4.2979721e-01
   3.2051967e-01
  -1.9004239e-01
  -5.3483508e-01
  -1.4417887e+00
  -3.2657552e+00
  -3.8341260e+00
  -4.2053518e+00
  -4.5845511e+00
  -3.7560451e+00
  -2.4581012e+00
  -9.6740007e-01
  -1.9453357e-01
  -4.6970425e-01
  -1.2713121e+00
  -2.0943571e+00
  -1.8460373e+00
  -1.5049670e+00
  -1.6805396e+00
  -1.0733097e+00
  -7.9131197e-01
  -9.7985291e-01
  -5.9681180e-01
  -3.1602481e-01
  -1.6694028e-01
   3.4118683e-02
  -4.2389283e-02
  -1.5130538e+00
  -1.3548533e+00
  -1.3712344e+00
  -1.2550522e+00
  -1.1817534e+00
  -1.1019390e+00
  -9.7709417e-01
  -9.4376124e-01
  -6.4954937e-01
  -7.1627885e-01
  -7.4562076e-01
  -9.9527121e-01
  -1.1080726e+00
  -1.6433576e+00
  -3.3066130e+00
  -3.6954350e+00
  -4.0822320e+00
  -4.8168106e+00
  -5.0474272e+00
  -4.2114639e+00
  -1.9092182e+00
  -1.5625378e+00
  -1.6203232e+00
  -1.7220449e+00
  -2.6990578e+00
  -2.0406532e+00
  -1.8545325e+00
  -2.0126107e+00
  -1.5985568e+00
  -2.0601666e+00
  -2.2753091e+00
  -2.1026106e+00
  -1.6598334e+00
  -1.4983487e+00
  -1.5008962e+00
  -1.4397205e+00
  -2.2944813e+00
  -2.1950126e+00
  -2.2087712e+00
  -2.0839548e+00
  -1.9785886e+00
  -1.9084270e+00
  -1.8434916e+00
  -1.8323843e+00
  -1.5615628e+00
  -1.5219586e+00
  -1.5160704e+00
  -1.5803318e+00
  -1.5311074e+00
  -1.8018304e+00
  -2.8858528e+00
  -3.5448360e+00
  -4.0636349e+00
  -4.6282735e+00
  -5.5411363e+00
  -5.0391316e+00
  -2.5191145e+00
  -1.9163418e+00
  -1.9860233e+00
  -2.2064624e+00
  -2.8244638e+00
  -2.1842947e+00
  -2.1078954e+00
  -2.3223886e+00
  -2.1682525e+00
  -2.5843184e+00
  -2.9354999e+00
  -2.9281836e+00
  -2.4475522e+00
  -2.2912266e+00
  -2.2795484e+00
  -2.2157319e+00
  -2.7824507e+00
  -2.7928259e+00
  -2.7909205e+00
  -2.6652360e+00
  -2.5506823e+00
  -2.4791231e+00
  -2.5166974e+00
  -2.4987104e+00
  -2.3180890e+00
  -2.1630206e+00
  -2.1374760e+00
  -2.0713367e+00
  -1.8528063e+00
  -1.8525734e+00
  -2.1995749e+00
  -3.3176358e+00
  -4.1681757e+00
  -4.3331895e+00
  -5.6655860e+00
  -5.4201880e+00
  -2.8881414e+00
  -1.8340139e+00
  -1.9338751e+00
  -2.6316869e+00
  -2.8122556e+00
  -2.2747707e+00
  -2.3049328e+00
  -2.5452654e+00
  -2.6817238e+00
  -2.8367462e+00
  -3.2863240e+00
  -3.4418774e+00
  -2.9917393e+00
  -2.8477430e+00
  -2.7524545e+00
  -2.7231431e+00
  -2.7138888e+00
  -2.8671838e+00
  -2.8708664e+00
  -2.7502004e+00
  -2.6428887e+00
  -2.5465702e+00
  -2.6998014e+00
  -2.6391900e+00
  -2.6002118e+00
  -2.3550260e+00
  -2.3327210e+00
  -2.3002623e+00
  -1.8636679e+00
  -1.5376717e+00
  -1.0914252e+00
  -2.8721809e+00
  -4.6081689e+00
  -4.0730894e+00
  -5.0992937e+00
  -4.8821651e+00
  -2.5836398e+00
  -1.0472357e+00
  -1.0424187e+00
  -2.7203166e+00
  -2.7099667e+00
  -2.1956899e+00
  -2.3360017e+00
  -2.4227705e+00
  -2.8409206e+00
  -2.6795576e+00
  -2.9764240e+00
  -3.2882334e+00
  -3.0046743e+00
  -2.8814362e+00
  -2.6538529e+00
  -2.6717160e+00
  -1.9535537e+00
  -2.0752568e+00
  -2.2318428e+00
  -2.1144116e+00
  -1.9833418e+00
  -1.8501067e+00
  -1.9305952e+00
  -1.9226426e+00
  -1.8456213e+00
  -1.6797185e+00
  -1.6583177e+00
  -1.8019518e+00
  -1.2477891e+00
  -7.9797769e-01
  -4.2632762e-01
  -1.7335634e+00
  -4.1756358e+00
  -3.9440303e+00
  -3.9019465e+00
  -3.2904191e+00
  -1.1603669e+00
  -1.6124529e-01
   8.9023728e-04
  -1.6410985e+00
  -2.2562945e+00
  -1.5428280e+00
  -1.7612339e+00
  -1.6716932e+00
  -1.8712463e+00
  -1.9961278e+00
  -2.0158699e+00
  -2.2989035e+00
  -2.1017458e+00
  -2.0740166e+00
  -1.9546660e+00
  -1.8927351e+00
  -1.1038254e+00
  -1.1373206e+00
  -1.3570919e+00
  -1.2606183e+00
  -1.1345644e+00
  -9.7863340e-01
  -9.5968366e-01
  -9.7438204e-01
  -8.4539115e-01
  -7.8617316e-01
  -7.4827731e-01
  -9.3562096e-01
  -5.9611011e-01
  -2.9315975e-01
  -8.5344613e-02
  -6.0131216e-01
  -2.7731552e+00
  -3.1854661e+00
  -2.6642482e+00
  -1.7890884e+00
  -1.1265327e-01
   2.1669966e-01
   3.2418752e-01
  -5.0075871e-01
  -1.2917684e+00
  -7.6406223e-01
  -8.4537280e-01
  -7.7920979e-01
  -7.6558518e-01
  -1.0292890e+00
  -1.1068103e+00
  -1.2709178e+00
  -1.0809960e+00
  -1.1442076e+00
  -1.1559783e+00
  -1.0880170e+00
  -2.0509574e-01
  -1.7100997e-01
  -3.0006608e-01
  -2.3764667e-01
  -1.3701556e-01
  -5.6871027e-03
   6.0640484e-02
   8.3783423e-02
   1.7870694e-01
   1.8587862e-01
   2.4102280e-01
   8.1562862e-02
   5.8958605e-02
   1.8953349e-01
   4.7288534e-01
   3.8694334e-01
  -1.0189443e+00
  -1.6139835e+00
  -1.1298634e+00
  -3.6706813e-01
   4.8804975e-01
   3.3873940e-01
   3.4791817e-01
   3.2820606e-01
  -1.3050219e-01
   6.5930895e-02
   1.9601734e-01
   2.2752520e-01
   2.6953548e-01
   8.9552760e-02
  -6.7500755e-02
  -1.6198128e-01
  -6.0477465e-02
  -1.4191917e-01
  -2.3221384e-01
  -2.3848839e-01
   6.3357560e-01
   6.7941614e-01
   7.5595252e-01
   8.0005281e-01
   8.8168238e-01
   9.4104582e-01
   9.8260003e-01
   1.0610480e+00
   1.0551818e+00
   1.0913680e+00
   1.1329096e+00
   1.0368682e+00
   7.3710398e-01
   7.8960976e-01
   1.2432593e+00
   1.0500039e+00
   6.3779719e-01
   5.1761273e-01
   5.6785182e-01
   8.1819961e-01
   6.6807304e-01
   2.9130937e-01
   2.4195193e-01
   5.8360127e-01
   7.7147196e-01
   8.1576059e-01
   1.0767972e+00
   1.1530048e+00
   1.1194616e+00
   1.1049214e+00
   1.0053782e+00
   9.5495593e-01
   8.8102692e-01
   8.4499352e-01
   7.2662082e-01
   6.0244504e-01
   1.2949276e+00
   1.2864085e+00
   1.4945395e+00
   1.5689643e+00
   1.6640977e+00
   1.6727341e+00
   1.6571041e+00
   1.7312536e+00
   1.6813979e+00
   1.7609784e+00
   1.7483552e+00
   1.7186292e+00
   1.4465646e+00
   1.5287187e+00
   1.8596157e+00
   1.3725389e+00
   1.8110123e+00
   2.3561489e+00
   1.9790230e+00
   1.6572293e+00
   7.5707088e-01
   3.0008830e-01
   2.2013038e-01
   3.0973907e-01
   9.8618746e-01
   1.3129680e+00
   1.4970845e+00
   1.6927477e+00
   1.7273904e+00
   1.7316866e+00
   1.7960855e+00
   1.8925848e+00
   1.7174405e+00
   1.6912741e+00
   1.5543175e+00
   1.3393017e+00
   1.6442010e+00
   1.5513743e+00
   1.6538732e+00
   1.7697909e+00
   1.8715914e+00
   1.9292597e+00
   1.9116591e+00
   1.9513690e+00
   1.9946826e+00
   1.9949648e+00
   1.9744368e+00
   2.0154302e+00
   1.9008491e+00
   1.9747028e+00
   1.8650746e+00
   1.5222901e+00
   2.4113691e+00
   2.9919810e+00
   2.5402603e+00
   2.0513613e+00
   1.0156434e+00
   5.5930251e-01
   3.4144589e-01
  -2.9619643e-02
   6.6801149e-01
   1.3866309e+00
   1.4281839e+00
   1.6402397e+00
   1.9081881e+00
   1.8504305e+00
   1.9160959e+00
   2.2505655e+00
   2.2401001e+00
   2.1398718e+00
   2.0049117e+00
   1.7709036e+00
   1.4782244e+00
   1.3426456e+00
   1.2802442e+00
   1.3602450e+00
   1.3824477e+00
   1.4849961e+00
   1.5453475e+00
   1.6315539e+00
   1.7278595e+00
   1.5722505e+00
   1.6830776e+00
   1.7582607e+00
   1.6060902e+00
   1.6355683e+00
   1.3702811e+00
   1.4509081e+00
   2.2109826e+00
   2.3817654e+00
   2.1909118e+00
   1.9055929e+00
   1.2544485e+00
   9.2504853e-01
   5.5290580e-01
  -4.7785819e-02
   2.3016454e-01
   9.4097823e-01
   1.0454081e+00
   1.1013259e+00
   1.3584225e+00
   1.4092101e+00
   1.4275765e+00
   1.7438633e+00
   1.9094932e+00
   1.8195900e+00
   1.7938739e+00
   1.6418557e+00
   6.3406998e-01
   5.4941577e-01
   5.3688383e-01
   5.6848210e-01
   4.7382620e-01
   4.7993234e-01
   5.6427729e-01
   6.4989275e-01
   6.1209589e-01
   4.6619526e-01
   7.6251221e-01
   8.4912473e-01
   6.0798782e-01
   6.3125682e-01
   6.1125857e-01
   7.9596806e-01
   1.0399735e+00
   1.0656708e+00
   1.2519577e+00
   1.3172342e+00
   1.1531729e+00
   9.7745842e-01
   6.3579327e-01
   4.5298543e-02
  -2.5762665e-01
   7.0457108e-02
   3.7864965e-01
   2.7554595e-01
   1.9713926e-01
   4.4977233e-01
   6.7508048e-01
   7.3026669e-01
   7.0575970e-01
   6.8613487e-01
   8.0670846e-01
   7.8292114e-01
  -6.0495591e-01
  -6.3130246e-01
  -4.8002297e-01
  -3.3996764e-01
  -3.2761862e-01
  -3.7139717e-01
  -4.1161919e-01
  -5.1300692e-01
  -6.5291643e-01
  -6.1696869e-01
  -3.1035640e-01
  -2.2237733e-01
  -4.1145352e-01
  -4.9601594e-01
  -4.4111377e-01
  -3.7158114e-01
  -3.3806806e-01
  -1.8870027e-01
   1.1229904e-01
   3.3685928e-01
   3.5572016e-01
   2.6119354e-01
   1.0386639e-01
  -2.1372369e-01
  -5.4832536e-01
  -5.2396553e-01
  -3.4307498e-01
  -5.2416474e-01
  -7.8063854e-01
  -5.1571804e-01
  -7.6937944e-02
   3.3730864e-02
  -1.4405978e-01
  -2.7256298e-01
  -3.2104467e-01
  -4.4231349e-01
  -5.6886196e-01
  -6.4316294e-01
  -5.6505448e-01
  -4.0582073e-01
  -2.2191773e-01
  -9.3213886e-02
  -5.1348127e-02
  -8.0611129e-02
  -1.4232732e-01
  -1.8727949e-01
  -2.4576689e-01
  -3.7549433e-01
  -5.4120976e-01
  -6.6899226e-01
  -6.7519706e-01
  -5.9750533e-01
  -4.9306422e-01
  -4.1952610e-01
  -4.0094692e-01
  -4.3084675e-01
  -4.6274197e-01
  -4.2892510e-01
  -2.9479765e-01
  -1.1727901e-01
   1.6385209e-02
   8.6819497e-02
   2.5981333e-02
  -1.4761767e-01
  -3.2021697e-01
  -3.0827841e-01
  -1.5034713e-01
   1.7792047e-02
   6.7873403e-02
  -4.4974405e-04
  -1.7054902e-01
  -3.9245170e-01
