   1.1012889e-03
   1.0308999e-03
   1.0007131e-03
   1.1008150e-03
   1.0479963e-03
   9.8713813e-04
   7.1952626e-04
   2.9790725e-04
  -4.3061762e-05
  -4.0377917e-04
  -6.4155504e-04
  -6.3605036e-04
  -0.0000000e+00
   0.0000000e+00
   0.0000000e+00
   0.0000000e+00
   0.0000000e+00
   0.0000000e+00
   0.0000000e+00
   0.0000000e+00
   0.0000000e+00
   0.0000000e+00
   0.0000000e+00
   0.0000000e+00
   0.0000000e+00
   0.0000000e+00
   0.0000000e+00
   0.0000000e+00
   0.0000000e+00
   0.0000000e+00
   7.2924924e-04
   8.6823375e-04
   1.1797510e-03
   1.3257633e-03
   1.3063528e-03
   1.2479298e-03
   0.0000000e+00
   0.0000000e+00
   0.0000000e+00
   0.0000000e+00
   0.0000000e+00
   0.0000000e+00
   0.0000000e+00
   0.0000000e+00
   0.0000000e+00
   9.4067825e-04
   1.5573332e-03
   1.8210706e-03
   1.7584706e-03
   0.0000000e+00
   0.0000000e+00
   0.0000000e+00
   0.0000000e+00
   0.0000000e+00
   0.0000000e+00
   0.0000000e+00
   0.0000000e+00
   0.0000000e+00
   0.0000000e+00
   0.0000000e+00
   0.0000000e+00
   0.0000000e+00
   0.0000000e+00
   0.0000000e+00
   0.0000000e+00
   0.0000000e+00
   0.0000000e+00
   0.0000000e+00
   3.0917254e-03
   3.4470202e-03
   2.7961599e-03
   0.0000000e+00
   1.1228493e-02
   6.5714385e-03
   6.7493598e-04
   6.9830354e-04
   5.6984989e-04
   7.8278521e-04
   1.1762914e-03
  -9.0022612e-04
  -5.2346927e-03
  -7.7542109e-03
  -1.1899520e-03
   1.0177856e-03
  -3.8260056e-03
  -4.5488722e-03
  -3.1006040e-03
  -3.3338255e-03
  -4.5379724e-03
  -0.0000000e+00
   0.0000000e+00
   0.0000000e+00
   0.0000000e+00
   0.0000000e+00
   0.0000000e+00
   0.0000000e+00
   0.0000000e+00
   0.0000000e+00
   0.0000000e+00
   0.0000000e+00
   0.0000000e+00
   0.0000000e+00
   0.0000000e+00
   0.0000000e+00
   4.8408555e-03
   4.3278190e-03
   6.3105361e-03
   1.1284038e-02
   1.2123060e-02
   5.1015797e-03
  -1.1902503e-02
  -1.6642766e-02
  -2.1310393e-02
  -1.9078270e-02
  -1.6132487e-02
  -1.4028751e-02
  -1.5174796e-02
  -1.8391576e-02
  -1.0606116e-02
  -6.8467129e-03
  -0.0000000e+00
  -0.0000000e+00
  -0.0000000e+00
  -0.0000000e+00
  -0.0000000e+00
  -0.0000000e+00
   0.0000000e+00
   0.0000000e+00
   0.0000000e+00
   0.0000000e+00
   0.0000000e+00
   0.0000000e+00
   0.0000000e+00
   0.0000000e+00
   0.0000000e+00
   0.0000000e+00
   0.0000000e+00
   0.0000000e+00
   0.0000000e+00
   0.0000000e+00
   5.1686070e-03
   4.3533049e-03
   5.7044586e-03
   8.1282277e-03
  -2.5263143e-04
  -7.7517373e-03
  -1.9244714e-02
  -2.2761179e-02
  -2.6152508e-02
  -2.3804991e-02
  -2.2027655e-02
  -1.8697990e-02
  -1.4284533e-02
  -1.7764132e-02
  -1.2397049e-02
  -1.8156944e-02
  -0.0000000e+00
   0.0000000e+00
   0.0000000e+00
   0.0000000e+00
   0.0000000e+00
   0.0000000e+00
   0.0000000e+00
   0.0000000e+00
   0.0000000e+00
   2.3888627e-03
  -8.6462296e-03
  -0.0000000e+00
   0.0000000e+00
   0.0000000e+00
   0.0000000e+00
   0.0000000e+00
   0.0000000e+00
   0.0000000e+00
   0.0000000e+00
   0.0000000e+00
   4.0923840e-03
   6.7197266e-03
   3.7438370e-03
   7.5627322e-06
  -9.6867410e-03
  -1.4822711e-02
  -1.4680412e-02
  -1.5818506e-02
  -1.9511757e-02
  -2.1162776e-02
  -2.0064363e-02
  -1.7865654e-02
  -1.3558169e-02
  -1.3180538e-02
  -1.3152860e-02
  -2.4671927e-02
  -3.1747835e-02
   0.0000000e+00
   0.0000000e+00
   0.0000000e+00
   0.0000000e+00
   0.0000000e+00
   0.0000000e+00
  -0.0000000e+00
  -4.3327040e-04
  -6.9480161e-03
  -2.5767619e-02
  -0.0000000e+00
   0.0000000e+00
   0.0000000e+00
   0.0000000e+00
  -2.4318021e-03
  -7.8114153e-03
  -0.0000000e+00
   0.0000000e+00
   0.0000000e+00
   8.8191748e-03
   2.3220835e-02
   1.1209688e-02
  -4.5044413e-03
  -1.6917847e-02
  -1.6484283e-02
  -1.1952247e-02
  -1.2992751e-02
  -1.7010227e-02
  -1.8991591e-02
  -1.8329654e-02
  -1.6852463e-02
  -1.4029127e-02
  -1.3663149e-02
  -1.3059750e-02
  -2.1520017e-02
  -2.3783419e-02
   0.0000000e+00
   0.0000000e+00
   0.0000000e+00
   0.0000000e+00
   0.0000000e+00
   0.0000000e+00
   1.5893762e-03
  -9.1777276e-03
  -2.7327368e-02
  -3.9845958e-02
  -0.0000000e+00
   0.0000000e+00
   0.0000000e+00
  -2.0636666e-03
  -4.3300775e-03
  -1.1499564e-02
  -1.5669999e-02
   0.0000000e+00
   0.0000000e+00
   1.1398074e-02
   1.8976832e-02
  -8.8524655e-04
  -1.5182399e-02
  -1.3055899e-02
  -1.0912122e-02
  -1.0192499e-02
  -1.1538082e-02
  -1.2999713e-02
  -1.2770833e-02
  -1.2025143e-02
  -1.0831615e-02
  -9.2124622e-03
  -1.0751111e-02
  -1.0912595e-02
  -1.3523742e-02
  -1.0701194e-02
  -5.2250667e-04
   1.2915714e-03
   0.0000000e+00
  -0.0000000e+00
  -2.5702118e-03
   1.8617346e-03
   4.8049725e-03
  -1.4713218e-02
  -3.4692295e-02
  -3.3199728e-02
  -9.3715422e-03
  -3.0151628e-03
  -5.3067533e-03
  -4.6417649e-03
  -7.4231322e-03
  -3.7535578e-03
  -1.8179248e-03
   0.0000000e+00
   0.0000000e+00
   6.0889941e-03
   2.0740535e-03
  -1.4743249e-02
  -1.8679928e-02
   2.0849593e-03
   4.4532618e-04
  -1.0664290e-03
  -1.8015835e-03
  -5.0159637e-04
   6.0904206e-04
   1.6234578e-03
   2.9851845e-03
   2.0225483e-03
  -9.0522066e-05
  -4.9446304e-03
  -4.6682437e-03
   7.0518297e-03
   1.6327504e-02
   1.3763569e-02
   0.0000000e+00
   0.0000000e+00
   1.8494800e-03
   4.8494797e-03
   8.6540018e-03
  -6.7662266e-03
  -2.1611413e-02
  -1.0619100e-02
   7.0552994e-03
   9.0005528e-03
   8.5817827e-03
   2.6094085e-03
   3.4567891e-03
   2.1181857e-02
   1.7295532e-02
   0.0000000e+00
   0.0000000e+00
   6.8858993e-03
   1.0064502e-03
  -6.7201299e-03
  -2.6064692e-03
   1.7223099e-02
   1.3295164e-02
   1.4197798e-02
   1.4034941e-02
   1.6924722e-02
   1.6912485e-02
   1.8179892e-02
   1.9083478e-02
   1.5815701e-02
   1.4078818e-02
   4.9917102e-03
   7.7643231e-03
   2.0673715e-02
   2.3413192e-02
   2.9111514e-02
   2.1239494e-02
   0.0000000e+00
   7.9735011e-03
   1.2942197e-02
   0.0000000e+00
   3.8062215e-03
  -1.9677582e-03
   1.3359505e-02
   2.4311183e-02
   2.2856783e-02
   2.4171181e-02
   1.6714778e-02
   2.5756180e-02
   4.1130014e-02
   0.0000000e+00
   0.0000000e+00
   0.0000000e+00
   0.0000000e+00
   1.5702644e-02
   1.3742129e-02
   1.8009733e-02
   2.3823719e-02
   2.0529395e-02
   2.3808507e-02
   2.4387058e-02
   2.7665071e-02
   2.6656691e-02
   2.7137214e-02
   2.7614508e-02
   2.3021938e-02
   2.1687809e-02
   1.2433676e-02
   1.8106526e-02
   2.6556322e-02
   0.0000000e+00
   3.5886961e-02
   2.9256178e-02
   0.0000000e+00
   0.0000000e+00
   1.8289945e-02
   0.0000000e+00
   1.1381643e-02
   1.1760795e-02
   3.1467605e-02
   3.4981705e-02
   2.7531140e-02
   2.7179543e-02
   2.3010049e-02
   3.9733727e-02
   4.6585910e-02
   0.0000000e+00
   0.0000000e+00
   0.0000000e+00
   0.0000000e+00
   2.8122213e-02
   2.6600393e-02
   2.7229261e-02
   2.2693699e-02
   2.1169413e-02
   2.5732804e-02
   2.7118351e-02
   3.0160636e-02
   2.8625453e-02
   2.7981246e-02
   2.7725136e-02
   2.2776557e-02
   2.1660067e-02
   1.4449378e-02
   2.2069627e-02
   2.6667007e-02
   1.8807278e-02
   4.2076286e-02
   3.9922277e-02
   0.0000000e+00
   0.0000000e+00
   1.8517781e-02
   1.5334361e-02
   1.7183671e-02
   1.9630188e-02
   4.3062288e-02
   4.0801578e-02
   0.0000000e+00
   0.0000000e+00
   2.3613446e-02
   4.2738840e-02
   4.2853326e-02
   1.7616555e-02
   0.0000000e+00
   0.0000000e+00
   0.0000000e+00
   3.2121457e-02
   2.9001119e-02
   2.6293695e-02
   1.3772343e-02
   1.4556503e-02
   1.9121934e-02
   2.1335006e-02
   2.3877047e-02
   2.2237519e-02
   2.0610053e-02
   1.8991342e-02
   1.4633481e-02
   1.3756244e-02
   1.0003993e-02
   1.8224711e-02
   2.1223459e-02
   1.5783507e-02
   3.1123456e-02
   3.2561845e-02
   0.0000000e+00
   0.0000000e+00
   1.3467551e-02
   1.6993422e-02
   2.2172736e-02
   2.2716049e-02
   4.8825737e-02
   4.1259625e-02
   0.0000000e+00
   0.0000000e+00
   0.0000000e+00
   3.4052737e-02
   3.1715680e-02
   1.0967619e-02
   0.0000000e+00
   0.0000000e+00
   2.1825608e-02
   2.5243828e-02
   1.9673700e-02
   1.5717953e-02
  -2.5747432e-03
   6.8719542e-05
   4.0296949e-03
   6.1670574e-03
   8.6929146e-03
   7.1248384e-03
   6.3599190e-03
   3.7897807e-03
   6.6151383e-04
   1.2410239e-03
   5.1764346e-07
   8.0900341e-03
   1.0422133e-02
   1.1684610e-02
   2.3640204e-02
   1.7569002e-02
   0.0000000e+00
   0.0000000e+00
   0.0000000e+00
   1.7563693e-02
   2.4457948e-02
   2.1394750e-02
   4.1475054e-02
   3.1342480e-02
   1.1313480e-02
   6.8414415e-03
   0.0000000e+00
   1.9758101e-02
   1.6669568e-02
   2.0112609e-03
  -0.0000000e+00
   0.0000000e+00
   6.8355487e-03
   5.0400496e-03
  -1.1923148e-03
  -2.4287694e-03
  -1.2532020e-02
  -9.5417816e-03
  -6.4472957e-03
  -4.7455532e-03
  -2.8500420e-03
  -5.0913980e-03
  -5.1223543e-03
  -8.2978038e-03
  -1.0780437e-02
  -1.0198448e-02
  -1.1709680e-02
  -4.7242576e-03
  -4.5642387e-03
   3.9662165e-03
   1.6694415e-02
   3.8906857e-03
   0.0000000e+00
   0.0000000e+00
   0.0000000e+00
   1.4988376e-02
   1.8836444e-02
   1.9748949e-02
   2.5814138e-02
   1.5584636e-02
   2.5270192e-03
   1.1316486e-04
   0.0000000e+00
   0.0000000e+00
   7.1831271e-03
  -5.9682615e-03
  -9.7745078e-03
   0.0000000e+00
   2.5777999e-04
  -7.2625633e-03
  -1.2604606e-02
  -1.2443649e-02
  -1.5314727e-02
  -1.2208883e-02
  -1.0196912e-02
  -8.5438387e-03
  -7.7252141e-03
  -1.0258224e-02
  -1.0288419e-02
  -1.4064316e-02
  -1.5596258e-02
  -1.6113397e-02
  -1.7519467e-02
  -1.3005846e-02
  -1.4110251e-02
  -2.8622015e-03
   7.0080301e-03
  -3.2479933e-03
  -0.0000000e+00
   0.0000000e+00
   0.0000000e+00
   1.0731740e-02
   1.4294108e-02
   1.7288322e-02
   1.2779920e-02
   4.3016328e-03
  -4.1633743e-04
  -8.6891424e-04
   3.2022475e-03
   0.0000000e+00
   1.1983165e-03
  -1.1047056e-02
  -9.8076907e-03
  -8.7156569e-04
  -2.1582113e-03
  -1.1688113e-02
  -1.5456416e-02
  -1.5032637e-02
  -1.1207641e-02
  -7.9532582e-03
  -7.5147310e-03
  -5.5197747e-03
  -6.4520454e-03
  -8.7350579e-03
  -9.5961224e-03
  -1.4165375e-02
  -1.4014175e-02
  -1.6994866e-02
  -1.7114328e-02
  -1.7513538e-02
  -1.9403305e-02
  -1.0689822e-02
  -9.6593197e-03
  -3.8157805e-03
  -0.0000000e+00
   0.0000000e+00
   0.0000000e+00
   3.5142549e-03
   1.1240641e-02
   1.3231280e-02
  -3.1375280e-04
  -3.8235164e-03
   9.4954006e-04
   1.4343415e-04
  -1.8601455e-03
   0.0000000e+00
  -0.0000000e+00
  -1.4035685e-02
  -9.6211899e-03
   1.8188694e-04
  -7.3192926e-04
  -8.8869156e-03
  -1.0412713e-02
  -1.0603578e-02
  -3.1647116e-03
  -2.7080017e-04
  -1.3092919e-03
   2.5837487e-04
  -9.2222821e-04
  -3.2195069e-03
  -4.1117640e-03
  -8.8867554e-03
  -8.0784336e-03
  -1.1790158e-02
  -1.0755730e-02
  -1.3494596e-02
  -1.4731925e-02
  -1.3801657e-02
  -2.5139628e-02
  -3.2181336e-03
   0.0000000e+00
   0.0000000e+00
   0.0000000e+00
  -2.3164185e-03
   1.0184508e-02
   8.8912109e-03
  -8.7054288e-03
  -3.7902403e-03
   3.3484027e-03
   1.4936524e-03
  -8.0624828e-03
  -0.0000000e+00
  -0.0000000e+00
  -1.2132922e-02
  -6.6784723e-03
   1.3319812e-03
   1.3317496e-03
  -1.7777393e-03
  -3.7320307e-03
  -2.6143743e-03
   3.6003466e-03
   5.5595855e-03
   4.6136053e-03
   5.6104315e-03
   4.4838227e-03
   2.7431117e-03
   1.9067129e-03
  -1.5017630e-03
  -1.0410381e-03
  -3.7047786e-03
  -2.6072548e-03
  -5.5934144e-03
  -6.9434028e-03
  -8.8568693e-03
  -2.6858808e-02
  -6.6559981e-03
   0.0000000e+00
   0.0000000e+00
  -0.0000000e+00
  -3.6918852e-03
   7.1059224e-03
   9.2164977e-03
  -7.2461520e-03
  -3.1031743e-03
   3.3304715e-03
   1.8997734e-03
  -8.0501186e-03
  -7.9217668e-03
  -0.0000000e+00
  -6.3960808e-03
  -3.2088810e-03
   2.4175677e-03
   4.1445699e-03
   3.4650310e-03
   2.4373543e-03
   3.7089856e-03
   9.4033200e-03
   1.0587519e-02
   9.9178953e-03
   1.0690494e-02
   9.1569526e-03
   7.7907564e-03
   6.5432074e-03
   3.8803820e-03
   3.6417875e-03
   8.9996355e-04
   1.5636352e-03
  -2.8102002e-03
  -3.7394508e-03
  -1.0723388e-02
  -2.9450467e-02
  -1.1693259e-02
   0.0000000e+00
   0.0000000e+00
  -0.0000000e+00
  -5.0604116e-03
   5.8400379e-03
   9.7165704e-03
  -6.1260141e-03
  -4.9574291e-03
  -4.5869136e-04
  -2.2182651e-03
  -1.0980275e-02
  -1.0044351e-02
  -3.7940313e-03
  -1.9605637e-03
  -1.3319321e-03
   3.3151745e-03
   6.8134824e-03
   7.6435534e-03
   7.8275073e-03
   8.9659719e-03
   9.6527059e-03
   9.8189050e-03
   1.0275496e-02
   1.0726222e-02
   9.3065416e-03
   9.1364523e-03
   7.9346616e-03
   7.9035256e-03
   6.9272816e-03
   4.9765082e-03
   4.3576914e-03
  -1.3382132e-03
  -4.8006563e-03
  -1.5959032e-02
  -3.1700719e-02
  -2.4211620e-02
  -0.0000000e+00
   0.0000000e+00
   0.0000000e+00
  -7.9002682e-03
   2.4457825e-03
   1.0451691e-02
  -0.0000000e+00
  -1.0209123e-02
  -1.1693197e-02
  -1.3506552e-02
  -1.5367694e-02
  -1.8506359e-02
  -9.0656410e-03
  -3.8549909e-04
  -2.0973911e-03
   1.8925010e-03
   4.9779438e-03
   6.3278615e-03
   8.7781418e-03
   8.3301365e-03
   7.6792069e-04
   1.8927089e-03
   2.3189755e-03
   3.1780961e-03
   2.5956940e-03
   3.1164065e-03
   2.9687907e-03
   3.9094589e-03
   4.5021628e-03
   2.7177767e-03
   1.5966531e-03
  -3.8490626e-03
  -7.1212440e-03
  -1.8073453e-02
  -3.7248243e-02
  -3.6153313e-02
  -3.0199364e-02
  -3.1712954e-02
  -2.8337107e-02
  -2.0417979e-02
  -4.1289269e-03
   3.4617084e-03
  -0.0000000e+00
  -1.3787294e-02
  -2.4707446e-02
  -2.2157552e-02
  -2.1075483e-02
  -2.5237905e-02
  -1.5881075e-02
  -9.9361483e-03
  -1.0436052e-02
  -6.7771925e-03
  -4.0689665e-03
  -2.5498224e-03
  -1.7171547e-04
  -2.4558583e-04
  -1.0260349e-02
  -8.3097173e-03
  -7.9540731e-03
  -6.8259416e-03
  -6.7253346e-03
  -6.1267996e-03
  -5.4863514e-03
  -4.5967405e-03
  -2.6524572e-03
  -4.1842838e-03
  -5.1616174e-03
  -9.4019100e-03
  -1.1947896e-02
  -2.1161057e-02
  -4.1553784e-02
  -3.3848719e-02
  -3.4819605e-02
  -4.0595196e-02
  -3.9040122e-02
  -3.2732114e-02
  -1.1195676e-02
  -0.0000000e+00
  -1.2750757e-02
  -1.8393637e-02
  -3.1600673e-02
  -2.7206684e-02
  -2.6688583e-02
  -3.0513830e-02
  -2.2030333e-02
  -2.0731285e-02
  -2.0939173e-02
  -1.7677903e-02
  -1.4357505e-02
  -1.2933872e-02
  -1.1613664e-02
  -1.0836486e-02
  -2.5698422e-02
  -2.3179600e-02
  -2.2779169e-02
  -2.1437392e-02
  -2.0583797e-02
  -2.0250203e-02
  -1.9114032e-02
  -1.8887678e-02
  -1.5824251e-02
  -1.6775643e-02
  -1.7302750e-02
  -1.9357884e-02
  -2.0760303e-02
  -2.6496593e-02
  -4.6117242e-02
  -4.4412330e-02
  -4.1498989e-02
  -5.2161265e-02
  -5.8908730e-02
  -4.8069153e-02
  -2.1429809e-02
  -0.0000000e+00
  -1.4019927e-02
  -2.0945080e-02
  -3.5963349e-02
  -3.1719770e-02
  -3.4531400e-02
  -3.7533365e-02
  -3.0632181e-02
  -3.4940992e-02
  -3.6166366e-02
  -3.3532254e-02
  -2.8627224e-02
  -2.7410595e-02
  -2.7668444e-02
  -2.5784828e-02
  -4.1780088e-02
  -4.1403692e-02
  -4.0155195e-02
  -3.8682699e-02
  -3.6977414e-02
  -3.6422841e-02
  -3.6482766e-02
  -3.5526406e-02
  -3.3294357e-02
  -3.1689640e-02
  -3.2747075e-02
  -3.2504629e-02
  -3.2667853e-02
  -3.2726906e-02
  -3.8135752e-02
  -4.8881847e-02
  -4.8139375e-02
  -5.4949697e-02
  -7.4064754e-02
  -6.3803717e-02
  -3.2673668e-02
  -1.9292675e-02
  -2.3781655e-02
  -3.3815708e-02
  -3.6916655e-02
  -3.8631126e-02
  -4.2983573e-02
  -4.5076724e-02
  -4.5246668e-02
  -4.6762306e-02
  -5.2572437e-02
  -5.1233258e-02
  -4.5118902e-02
  -4.3009520e-02
  -4.2215154e-02
  -4.1883338e-02
  -4.9320653e-02
  -5.1292460e-02
  -5.0197706e-02
  -4.8393335e-02
  -4.6377502e-02
  -4.4911146e-02
  -4.6519704e-02
  -4.4751357e-02
  -4.3574791e-02
  -3.9762437e-02
  -4.0337220e-02
  -3.9938129e-02
  -3.6061224e-02
  -3.1108158e-02
  -2.5329251e-02
  -4.6476997e-02
  -5.8984704e-02
  -5.2229974e-02
  -6.8937175e-02
  -6.2944397e-02
  -3.5759024e-02
  -1.8917199e-02
  -2.1441504e-02
  -4.2635873e-02
  -4.1607237e-02
  -4.2396281e-02
  -4.6460666e-02
  -4.6751305e-02
  -5.3054646e-02
  -5.0568163e-02
  -5.6115374e-02
  -5.7919495e-02
  -5.3001132e-02
  -5.0931558e-02
  -4.7861736e-02
  -4.9142797e-02
  -4.6756454e-02
  -4.8843153e-02
  -4.9436729e-02
  -4.7523018e-02
  -4.5556843e-02
  -4.3284375e-02
  -4.5175210e-02
  -4.3760736e-02
  -4.2419087e-02
  -3.8827270e-02
  -3.8643096e-02
  -3.9296869e-02
  -3.1862710e-02
  -2.5097152e-02
  -1.6913572e-02
  -3.8366180e-02
  -6.2706508e-02
  -4.8760481e-02
  -5.5402335e-02
  -5.0694801e-02
  -2.9169163e-02
  -1.6902400e-02
  -1.5079369e-02
  -3.9307028e-02
  -4.2339671e-02
  -3.9712403e-02
  -4.4477589e-02
  -4.2691585e-02
  -4.8832025e-02
  -4.7338374e-02
  -4.9997192e-02
  -5.3265192e-02
  -4.9371678e-02
  -4.8389394e-02
  -4.5007218e-02
  -4.6220593e-02
  -3.5187773e-02
  -3.5758384e-02
  -3.8645271e-02
  -3.6954857e-02
  -3.5297297e-02
  -3.2406703e-02
  -3.3335675e-02
  -3.3077341e-02
  -3.0825272e-02
  -2.9115789e-02
  -2.8076198e-02
  -3.0073768e-02
  -2.1413984e-02
  -1.6216522e-02
  -1.1877399e-02
  -2.4663074e-02
  -5.5518642e-02
  -4.4186682e-02
  -0.0000000e+00
  -3.1394728e-02
  -1.7157306e-02
  -1.3484815e-02
  -7.8507494e-03
  -2.5149943e-02
  -3.6745459e-02
  -3.0028412e-02
  -3.5317756e-02
  -3.2357018e-02
  -3.3867303e-02
  -3.6321152e-02
  -3.6013734e-02
  -3.8891807e-02
  -3.5608985e-02
  -3.6423348e-02
  -3.4550212e-02
  -3.4614813e-02
  -1.7808968e-02
  -1.6979400e-02
  -2.0382030e-02
  -1.9275786e-02
  -1.7796196e-02
  -1.4789941e-02
  -1.3717826e-02
  -1.4173004e-02
  -1.1570968e-02
  -1.1330788e-02
  -9.7302273e-03
  -1.1603258e-02
  -8.2432833e-03
  -7.8975819e-03
  -7.3407600e-03
  -6.6718650e-03
  -3.0373231e-02
  -3.3696535e-02
  -0.0000000e+00
  -0.0000000e+00
  -0.0000000e+00
  -1.0119343e-02
  -4.4938922e-03
  -4.8946434e-03
  -1.9530916e-02
  -1.3113583e-02
  -1.4651898e-02
  -1.4167326e-02
  -1.2264546e-02
  -1.6361065e-02
  -1.7739428e-02
  -1.8782059e-02
  -1.5909126e-02
  -1.8185858e-02
  -1.8883966e-02
  -1.8335555e-02
  -3.1359843e-03
  -1.8637636e-03
  -2.2408194e-03
  -1.6509588e-03
  -3.2229500e-04
   1.9798956e-03
   3.2889971e-03
   4.6577738e-03
   5.0350395e-03
   5.0865281e-03
   7.6829377e-03
   6.8062381e-03
   1.7963246e-03
  -1.4814612e-03
   5.7451767e-03
   1.0040293e-02
  -6.5424806e-04
  -4.1522811e-03
   0.0000000e+00
   0.0000000e+00
   0.0000000e+00
  -1.7717626e-02
  -1.0963313e-02
   4.1755821e-03
   2.9183158e-03
   2.8231787e-03
   7.3390822e-03
   7.2766533e-03
   5.4894644e-03
   4.7726771e-03
   2.1907466e-03
   7.0697302e-04
   8.1616285e-04
  -7.3024718e-04
  -2.3905546e-03
  -4.2985077e-03
   8.7127220e-03
   8.6353850e-03
   1.2470802e-02
   1.3366140e-02
   1.4885012e-02
   1.5207018e-02
   1.5259220e-02
   1.7634040e-02
   1.6413059e-02
   1.8556105e-02
   1.9826658e-02
   1.9005880e-02
   1.0886175e-02
   1.0440310e-02
   2.4265656e-02
   1.8283097e-02
   2.2417150e-02
   0.0000000e+00
   0.0000000e+00
   0.0000000e+00
  -0.0000000e+00
  -1.2150130e-02
  -1.4219362e-02
  -4.6153567e-03
   8.3327331e-03
   1.1736961e-02
   1.8236091e-02
   2.0534426e-02
   1.7617336e-02
   1.7947208e-02
   1.8059373e-02
   1.8130317e-02
   1.4810202e-02
   1.4565857e-02
   1.2357067e-02
   8.9376764e-03
   1.2371718e-02
   1.1629126e-02
   1.4675473e-02
   1.6297560e-02
   1.7700823e-02
   1.7534573e-02
   1.6227977e-02
   1.7020764e-02
   1.7001709e-02
   1.8553853e-02
   1.8407134e-02
   1.8196166e-02
   1.6446175e-02
   1.9707490e-02
   2.2704992e-02
   1.4866054e-02
   3.2648988e-02
   3.0396199e-02
   1.1917155e-02
   6.7788591e-03
  -3.3072859e-03
  -7.3784832e-03
  -7.2621871e-03
  -7.5746826e-03
   4.2581288e-03
   1.1771154e-02
   1.4175769e-02
   1.8153971e-02
   1.8998414e-02
   1.7483599e-02
   1.8963637e-02
   2.2640806e-02
   2.1171903e-02
   2.0236783e-02
   1.7365834e-02
   1.3368015e-02
   9.8877968e-03
   8.7490277e-03
   9.1328276e-03
   1.0482863e-02
   1.1287956e-02
   1.1943289e-02
   1.1420771e-02
   1.2210512e-02
   1.2954904e-02
   1.2144524e-02
   1.2440642e-02
   1.3236950e-02
   1.3620003e-02
   1.4648424e-02
   1.1588934e-02
   1.1251159e-02
   2.3314895e-02
   2.0472724e-02
   1.3255792e-02
   8.4772697e-03
  -5.1610440e-04
  -2.2078960e-03
  -2.1924507e-03
  -4.8740138e-03
   4.9402507e-04
   6.8897270e-03
   6.6104941e-03
   9.0814373e-03
   1.1740693e-02
   1.0700362e-02
   1.1268325e-02
   1.5243111e-02
   1.6350970e-02
   1.4860636e-02
   1.3583124e-02
   1.1097227e-02
   3.7641604e-03
   3.2049327e-03
   2.9226609e-03
   2.9080666e-03
   2.6392452e-03
   3.1515565e-03
   3.5009631e-03
   4.3659266e-03
   4.2128507e-03
   3.2063087e-03
   4.2219381e-03
   5.0625489e-03
   4.1595842e-03
   3.9477083e-03
   3.2886181e-03
   4.9044113e-03
   8.1856167e-03
   7.2552292e-03
   6.7913444e-03
   5.4494590e-03
   2.9081858e-03
   2.4433453e-03
   1.7294245e-03
   6.8404694e-04
   4.9510994e-04
   1.9831934e-03
   2.3849281e-03
   2.4000260e-03
   2.5761628e-03
   3.0854100e-03
   3.4411759e-03
   4.2639947e-03
   4.8882696e-03
   4.3013678e-03
   4.6244883e-03
   4.2570583e-03
   2.0954279e-04
  -1.1235369e-04
   2.3601647e-04
   3.5230949e-04
   1.5711192e-04
   1.3439477e-04
   1.7411672e-04
   3.1116817e-04
  -1.7943178e-04
  -1.7482729e-04
   6.8487285e-04
   1.0430908e-03
   2.5786497e-04
   2.0154478e-04
   4.5337572e-04
   6.9671537e-04
   8.7754661e-04
   8.7616738e-04
   1.9991298e-03
   2.3969954e-03
   2.5169435e-03
   2.3126872e-03
   1.5128830e-03
   2.7951674e-04
  -9.4090716e-04
  -3.4146247e-04
   4.1711133e-04
   1.0416935e-04
  -6.3024485e-04
   2.3273655e-04
   1.2197903e-03
   1.1564804e-03
   6.9832790e-04
   4.5711786e-04
   8.0251414e-04
   5.5932871e-04
  -1.4285535e-03
  -1.6134183e-03
  -1.2061893e-03
  -8.1497873e-04
  -4.8638909e-04
  -3.5488489e-04
  -3.8086524e-04
  -5.1687227e-04
  -7.4822630e-04
  -6.1884528e-04
  -4.5039246e-04
  -5.4555881e-04
  -1.0872763e-03
  -1.4820687e-03
  -1.5754639e-03
  -1.5232532e-03
  -1.3412928e-03
  -1.0138189e-03
  -3.9405073e-04
  -1.6832302e-04
  -1.1942502e-04
  -2.6074471e-04
  -3.1488293e-04
  -4.2099057e-04
  -5.3743290e-04
  -2.8221359e-04
  -2.8880817e-04
  -6.6548545e-04
  -1.1734597e-03
  -7.4907840e-04
   2.2585982e-05
   4.1400152e-04
   2.8093831e-04
  -5.8739621e-05
  -4.1255422e-04
  -9.9539803e-04
