   1.0879891e+00
   8.1309094e-01
   6.6441882e-01
   6.3496494e-01
   6.2344407e-01
   5.7425386e-01
   4.8280621e-01
   3.3461734e-01
   1.7974152e-01
   9.8640874e-02
   8.1880783e-02
   4.5023412e-02
  -4.9996961e-02
  -1.6952133e-01
  -2.6424193e-01
  -3.2413945e-01
  -3.2587408e-01
  -2.1535811e-01
  -3.9700635e-02
   1.2918402e-01
   1.7372368e-01
   9.8153956e-02
  -2.8999668e-02
  -1.2733300e-01
  -1.3098265e-01
   7.6956698e-03
   2.1791127e-01
   3.5754794e-01
   4.3759698e-01
   5.6050742e-01
   8.0792725e-01
   1.1804397e+00
   1.4790822e+00
   1.5817032e+00
   1.5296445e+00
   1.3458729e+00
   1.9227276e+00
   1.1141404e+00
   7.6192093e-01
   8.0879557e-01
   8.1092042e-01
   7.5519085e-01
   6.4809734e-01
   3.5457599e-01
  -1.1965089e-01
  -3.1697953e-01
   3.8512792e-02
   1.6722599e-01
  -1.2733644e-01
  -2.2107083e-01
  -9.8322034e-02
  -1.2578809e-01
  -2.8992584e-01
  -2.6185071e-01
  -6.2205590e-02
   2.5215933e-01
   5.6495678e-01
   7.5075912e-01
   9.5392120e-01
   7.6350832e-01
   3.7161016e-01
   4.8739013e-01
   8.3945829e-01
   8.3556485e-01
   5.3815323e-01
   4.0073246e-01
   7.5765926e-01
   1.5459898e+00
   2.1068883e+00
   2.1640100e+00
   2.2795932e+00
   2.3856921e+00
   1.2621870e+00
   1.7723730e-01
  -4.5218691e-01
  -5.4751694e-01
  -7.1264422e-01
  -7.3605931e-01
  -8.3277863e-01
  -9.6025521e-01
  -1.2075323e+00
  -1.4152112e+00
  -7.6244015e-01
  -7.5051701e-01
  -1.4121228e+00
  -1.3076191e+00
  -8.8875937e-01
  -5.6127959e-01
  -3.6189136e-01
  -2.3763233e-01
  -8.0638770e-03
   3.8350776e-01
   7.6972353e-01
   8.9073521e-01
   8.0079585e-01
   8.8269822e-02
  -3.4984899e-01
   1.2567802e-01
   5.3701413e-01
   5.0349247e-01
   1.9016835e-01
   2.0519707e-02
   1.5487376e-01
   6.8505979e-01
   1.2094089e+00
   1.1518235e+00
   1.3629848e+00
   1.7232411e+00
   5.9813704e-02
  -7.1118510e-01
  -1.3028849e+00
  -1.4659224e+00
  -1.6319385e+00
  -1.6096213e+00
  -1.7004163e+00
  -1.6476147e+00
  -1.4469202e+00
  -1.5271927e+00
  -1.1682770e+00
  -1.5039296e+00
  -2.1530013e+00
  -1.5893849e+00
  -1.0709999e+00
  -6.9107195e-01
  -3.2273036e-01
  -5.5686677e-01
  -2.2017206e-01
   4.4229093e-01
   6.4542854e-01
   5.3658611e-01
  -5.0030786e-01
  -1.4209709e+00
  -9.1051077e-01
  -1.7053305e-01
   3.3156276e-02
  -1.9139303e-02
  -4.5317468e-01
  -7.5588673e-01
  -7.9254053e-01
  -3.7377602e-01
   2.9808250e-01
   4.1577204e-01
   4.0652815e-01
   3.9998099e-01
  -7.9019845e-01
  -1.1404768e+00
  -1.4478205e+00
  -1.6165440e+00
  -1.7401094e+00
  -1.7765497e+00
  -1.7845111e+00
  -1.6503023e+00
  -1.3249853e+00
  -1.2525936e+00
  -1.2699393e+00
  -1.9014482e+00
  -2.4508286e+00
  -1.4936490e+00
  -8.2501173e-01
  -5.7697201e-01
  -3.6988154e-01
  -9.2677426e-01
  -4.2786315e-01
   7.4224226e-02
  -1.8022557e-01
  -5.1623505e-01
  -2.0232654e+00
  -2.2678540e+00
  -1.1309590e+00
  -7.2514409e-01
  -6.5454400e-01
  -8.2288051e-01
  -1.3189939e+00
  -1.6169766e+00
  -1.5102341e+00
  -9.2522323e-01
  -2.0564629e-01
   1.0218417e-01
  -1.6943341e-01
  -5.4351616e-01
  -1.0952833e+00
  -1.2291361e+00
  -1.3357954e+00
  -1.4587560e+00
  -1.5440691e+00
  -1.5549538e+00
  -1.5122838e+00
  -1.4117440e+00
  -1.1974115e+00
  -1.0962013e+00
  -1.0908107e+00
  -1.6899278e+00
  -2.0765765e+00
  -1.0867405e+00
  -5.6106931e-01
  -4.2068008e-01
  -4.6927375e-01
  -9.8267144e-01
  -3.8999921e-01
  -4.2929873e-01
  -1.2033117e+00
  -1.8431684e+00
  -2.7966461e+00
  -1.9731152e+00
  -1.1671792e+00
  -1.3145726e+00
  -1.2666292e+00
  -1.5472144e+00
  -1.6462418e+00
  -1.5617760e+00
  -1.4543871e+00
  -1.0133756e+00
  -4.8678717e-01
  -2.1308284e-01
  -5.6895065e-01
  -9.6079803e-01
  -8.8685942e-01
  -1.0526543e+00
  -1.1694451e+00
  -1.1776441e+00
  -1.1651873e+00
  -1.0228032e+00
  -1.0082810e+00
  -1.0104141e+00
  -9.4751006e-01
  -9.3296993e-01
  -8.2711568e-01
  -1.0619315e+00
  -8.6267209e-01
   1.0583456e-02
  -6.0157485e-04
  -1.0104147e-01
  -3.8135047e-01
  -8.0466971e-01
  -2.5346124e-01
  -5.1906299e-01
  -1.7236242e+00
  -2.5313456e+00
  -2.3816032e+00
  -9.8533082e-01
  -8.0730861e-01
  -1.3131184e+00
  -1.3731736e+00
  -1.5290282e+00
  -7.9284480e-01
  -3.4627904e-01
  -8.1639260e-01
  -8.1390467e-01
  -5.3752375e-01
  -5.1237166e-01
  -7.6345679e-01
  -9.1977297e-01
  -3.3236030e-01
  -6.3884211e-01
  -7.5588350e-01
  -6.4264280e-01
  -4.6222985e-01
  -2.2533855e-01
  -2.1261317e-01
  -2.8563789e-01
  -4.1095340e-01
  -5.1083618e-01
  -5.8851510e-01
  -3.1219645e-01
   7.2844285e-01
   1.5730889e+00
   1.2179278e+00
   6.2083185e-01
  -1.1528964e-01
  -4.8368558e-01
   5.8313847e-02
  -1.4818950e-01
  -1.5908887e+00
  -2.1509280e+00
  -1.0479493e+00
   2.5446738e-01
   6.1819524e-02
  -5.2594900e-01
  -8.0096577e-01
  -5.8859307e-01
   9.6668565e-01
   1.1640576e+00
  -1.2935068e-01
  -3.7092248e-01
  -2.7913292e-01
  -4.8953614e-01
  -5.3167957e-01
  -3.9978423e-01
   3.5028976e-01
  -4.4359319e-02
  -1.7606795e-02
   1.7733434e-01
   5.1202953e-01
   7.1125376e-01
   7.6719403e-01
   6.9538933e-01
   3.3898774e-01
   1.1278237e-01
  -2.8152731e-01
   4.9928766e-01
   2.1482015e+00
   2.9042928e+00
   2.7935071e+00
   1.7002339e+00
   1.5213135e-01
   1.4291551e-02
   6.6520673e-01
   3.7783322e-01
  -1.0302744e+00
  -1.0288210e+00
   6.6931444e-01
   1.5670565e+00
   1.2341266e+00
   7.0004833e-01
   1.9763716e-01
   8.7624997e-01
   2.7963598e+00
   2.1735494e+00
   3.5464603e-01
   2.0027365e-01
   2.0860432e-01
  -2.3717910e-02
   1.7591944e-01
   4.5922205e-01
   9.9172908e-01
   6.3152921e-01
   9.0334100e-01
   1.1452566e+00
   1.5479375e+00
   1.6326517e+00
   1.7183838e+00
   1.6986425e+00
   1.1112739e+00
   7.4315792e-01
   1.7765339e-01
   1.3811773e+00
   3.1506214e+00
   3.5484776e+00
   4.1888027e+00
   2.8826745e+00
   3.1068262e-01
   6.8003643e-01
   1.4918324e+00
   8.3099443e-01
  -2.6826274e-01
   3.2338518e-01
   2.3517418e+00
   2.8497837e+00
   2.4237628e+00
   1.9322351e+00
   1.2688838e+00
   2.3760209e+00
   4.0669398e+00
   2.4639113e+00
   6.2521732e-01
   7.2456473e-01
   7.7113271e-01
   7.7443886e-01
   1.1914855e+00
   1.3912623e+00
   1.4513545e+00
   1.2807878e+00
   1.7252969e+00
   2.0401538e+00
   2.3564537e+00
   2.3573450e+00
   2.3179278e+00
   2.3299560e+00
   1.6012107e+00
   1.1455524e+00
   9.3201315e-01
   2.4424873e+00
   3.7233278e+00
   3.1069919e+00
   4.5958302e+00
   3.7002054e+00
   3.2849463e-01
   1.4794264e+00
   2.2291562e+00
   1.2203798e+00
   8.5425368e-01
   1.5781134e+00
   3.8212607e+00
   4.0937007e+00
   3.3466521e+00
   2.7444148e+00
   2.1461829e+00
   3.4318846e+00
   4.1340239e+00
   2.0770878e+00
   6.9410893e-01
   8.6414661e-01
   1.2731465e+00
   1.8023348e+00
   2.2408134e+00
   1.9716466e+00
   1.1523991e+00
   1.1374523e+00
   1.5072354e+00
   1.8412619e+00
   2.0929625e+00
   2.0164211e+00
   1.8904839e+00
   1.7846599e+00
   1.1645387e+00
   9.1601324e-01
   1.1443643e+00
   2.6856208e+00
   3.4154487e+00
   2.4240934e+00
   3.8751338e+00
   3.0646338e+00
   7.9020550e-02
   1.4903778e+00
   2.0020769e+00
   1.4482542e+00
   1.7582893e+00
   2.0403361e+00
   4.0806961e+00
   4.3303485e+00
   3.0078821e+00
   2.4732944e+00
   2.3544273e+00
   3.1571274e+00
   3.1613546e+00
   1.5438532e+00
   4.0386176e-01
   3.8234706e-01
   1.2476522e+00
   1.9487985e+00
   1.9828140e+00
   1.5019417e+00
   4.3857798e-01
   5.3148329e-01
   8.1761658e-01
   1.0971932e+00
   1.3262399e+00
   1.1446038e+00
   1.0679673e+00
   8.2350326e-01
   3.9751738e-01
   3.9389625e-01
   7.8698140e-01
   2.2421107e+00
   2.5193527e+00
   2.0003841e+00
   3.3138151e+00
   1.9813747e+00
  -3.4068748e-01
   1.0519090e+00
   1.4723773e+00
   1.5312514e+00
   2.1377940e+00
   2.1946337e+00
   3.7701902e+00
   3.8488412e+00
   2.2106006e+00
   1.8931559e+00
   2.2897630e+00
   2.5777307e+00
   2.2020168e+00
   9.3939960e-01
  -6.2026173e-02
  -9.2226028e-02
   9.2930984e-01
   1.4189957e+00
   1.0944617e+00
   6.9404471e-01
  -4.2436853e-01
  -2.4579403e-01
  -4.0047213e-02
   1.6035075e-01
   3.6455052e-01
   8.7459646e-02
   1.0496619e-01
  -2.6296474e-01
  -4.6872866e-01
  -2.5978467e-01
   1.6448236e-01
   1.4523311e+00
   1.3480756e+00
   1.6301168e+00
   2.8048348e+00
   8.1973678e-01
  -7.6546298e-01
   4.5236742e-01
   8.5348654e-01
   1.5209543e+00
   2.2072039e+00
   2.1890354e+00
   3.1853768e+00
   3.0074956e+00
   1.3185681e+00
   1.2349380e+00
   2.0549030e+00
   1.9337147e+00
   1.2947975e+00
   2.6673228e-01
  -5.8686376e-01
  -4.9309537e-01
   4.8791561e-01
   5.9778553e-01
   1.1593957e-02
  -2.1641579e-01
  -1.5732475e+00
  -1.3142360e+00
  -1.1814818e+00
  -1.0821731e+00
  -9.8720112e-01
  -1.2962948e+00
  -1.1623898e+00
  -1.5828179e+00
  -1.5197379e+00
  -1.2531256e+00
  -9.8076219e-01
  -1.0561991e-01
  -5.1702840e-01
   9.9650336e-01
   2.1481678e+00
  -3.2228410e-01
  -1.0604939e+00
  -3.6132840e-01
   1.2206267e-01
   1.2959356e+00
   1.6604663e+00
   1.9140773e+00
   2.0449536e+00
   1.3694926e+00
   4.6069956e-01
   5.1628018e-01
   1.3819353e+00
   1.2901833e+00
   3.6140975e-01
  -8.0358847e-01
  -1.2572676e+00
  -6.6681521e-01
  -1.9314839e-01
  -7.5618021e-01
  -1.2897453e+00
  -1.3272842e+00
  -1.6988320e+00
  -1.4250084e+00
  -1.4144447e+00
  -1.3044770e+00
  -1.3422461e+00
  -1.5687927e+00
  -1.5041405e+00
  -1.8927207e+00
  -1.7220920e+00
  -1.6746953e+00
  -1.4422008e+00
  -1.1388125e+00
  -1.4118640e+00
   3.0270070e-03
   4.2344204e-01
  -4.0331841e-01
  -3.7691432e-01
  -7.5003475e-01
  -1.8376642e-01
   8.4474325e-01
   1.2254829e+00
   1.4580522e+00
   8.3801335e-01
   3.7056845e-01
   4.8888585e-01
   4.5607176e-01
   4.5339566e-01
   7.4684048e-01
   5.8638349e-02
  -1.3667121e+00
  -1.3109803e+00
  -4.3290347e-01
  -3.5589504e-01
  -1.0885930e+00
  -1.4250687e+00
  -1.4762938e+00
  -1.2663298e+00
  -1.0215628e+00
  -1.1003367e+00
  -9.7809219e-01
  -1.0654135e+00
  -1.2494991e+00
  -1.2605636e+00
  -1.6350905e+00
  -1.4460737e+00
  -1.5601791e+00
  -1.3386757e+00
  -1.4383656e+00
  -1.5699265e+00
  -7.2582763e-01
  -1.2442653e+00
  -4.6104118e-01
   1.9258639e-01
  -1.0447116e+00
  -3.3067650e-01
   4.7609919e-01
   1.0871967e+00
   1.2302866e+00
   4.5452036e-02
  -3.3554733e-02
   5.6095576e-01
   4.9645972e-01
  -1.7934124e-01
   1.5723945e-01
   8.4774429e-03
  -1.3064969e+00
  -1.0215064e+00
  -1.4739968e-01
  -1.5398526e-01
  -7.8415370e-01
  -1.0638340e+00
  -1.0896349e+00
  -5.1952292e-01
  -3.2791543e-01
  -4.9153861e-01
  -3.5476073e-01
  -4.5870271e-01
  -6.1392742e-01
  -7.1298044e-01
  -1.0800765e+00
  -9.1220533e-01
  -1.1804853e+00
  -9.5778334e-01
  -1.4307193e+00
  -1.4020489e+00
  -1.4196615e+00
  -3.0888411e+00
  -5.1488723e-01
   7.7815406e-01
  -1.3313010e+00
  -4.2105465e-01
   1.0113316e-01
   1.0710549e+00
   1.0816736e+00
  -6.4969255e-01
  -2.0830079e-01
   6.6238642e-01
   5.8891524e-01
  -7.5071303e-01
  -5.2601283e-01
   7.0560790e-02
  -9.4684785e-01
  -5.3588495e-01
   1.9713201e-01
   2.4344272e-01
  -1.4413510e-01
  -4.2582474e-01
  -4.0477187e-01
   9.8459947e-01
   1.0100980e+00
   9.3424308e-01
   1.0023466e+00
   9.0293133e-01
   8.0899376e-01
   6.4920771e-01
   4.4195709e-01
   4.4375178e-01
   1.7035812e-01
   2.2028445e-01
  -4.7592452e-01
  -6.3096774e-01
  -1.7779921e+00
  -4.2941532e+00
  -1.6868336e+00
  -2.2286135e-01
  -2.2299538e+00
  -9.0472382e-01
  -2.1762279e-01
   7.5235999e-01
   1.3273342e+00
  -5.8661306e-01
  -5.1514632e-01
   1.4169626e-01
   1.2695078e-02
  -9.6641839e-01
  -1.3252325e+00
  -4.1033521e-02
   3.5136494e-01
   4.2602530e-01
   8.4890378e-01
   1.0644450e+00
   1.0508355e+00
   9.1894376e-01
   9.5510328e-01
   1.2576718e+00
   1.2482365e+00
   1.2770411e+00
   1.3065463e+00
   1.1773777e+00
   1.1674343e+00
   1.0446641e+00
   1.0095676e+00
   9.5690918e-01
   7.3554045e-01
   6.5723771e-01
  -6.0245380e-02
  -4.0844518e-01
  -1.6489060e+00
  -3.8931606e+00
  -2.5881445e+00
  -1.7187322e+00
  -3.0197742e+00
  -1.6303344e+00
  -5.9353596e-01
   1.8360919e-01
   1.1298397e+00
  -3.0732986e-01
  -8.9620924e-01
  -5.7553256e-01
  -6.7518818e-01
  -9.4511670e-01
  -1.3233132e+00
  -3.1706446e-01
   5.5840683e-01
   5.7198322e-01
   9.6417081e-01
   1.0857998e+00
   1.1310534e+00
   1.2147131e+00
   1.1672136e+00
   1.2094504e+00
   1.2059435e+00
   1.3044706e+00
   1.3171173e+00
   1.1783146e+00
   1.2310421e+00
   1.1708136e+00
   1.2629031e+00
   1.2129134e+00
   1.0359089e+00
   8.6966062e-01
   1.5818848e-01
  -3.1778518e-01
  -1.5272872e+00
  -3.5267431e+00
  -3.3182954e+00
  -3.0380683e+00
  -3.7793202e+00
  -2.4547799e+00
  -1.1896275e+00
  -4.1908597e-01
   6.7065164e-01
  -2.6908457e-01
  -1.2363607e+00
  -1.3144210e+00
  -1.3004004e+00
  -9.9545062e-01
  -1.3194460e+00
  -6.0807657e-01
   4.2631435e-01
   4.6384385e-01
   8.3378881e-01
   8.7707202e-01
   9.5845794e-01
   1.1832715e+00
   1.0953165e+00
   3.6803265e-01
   4.7185690e-01
   5.6831156e-01
   6.1417677e-01
   5.1490508e-01
   5.9099446e-01
   6.7030751e-01
   8.0630461e-01
   9.0101270e-01
   7.5835034e-01
   5.8369739e-01
  -5.6141487e-02
  -5.2538513e-01
  -1.4064952e+00
  -3.1963404e+00
  -3.7972056e+00
  -4.2156918e+00
  -4.6459139e+00
  -3.7190928e+00
  -2.4810690e+00
  -1.2451846e+00
  -5.4718418e-01
  -8.3384243e-01
  -1.5527723e+00
  -2.2793995e+00
  -1.9140921e+00
  -1.2435764e+00
  -1.3277867e+00
  -1.0024265e+00
  -5.6704104e-01
  -2.9181853e-01
   6.5580257e-02
   5.7000775e-02
   1.3295230e-01
   3.4362413e-01
   3.1664518e-01
  -1.0628531e+00
  -9.1669751e-01
  -8.8807917e-01
  -7.6675957e-01
  -7.4924836e-01
  -7.4025810e-01
  -6.2057948e-01
  -5.8719872e-01
  -3.3521309e-01
  -3.8927341e-01
  -4.1727088e-01
  -7.7191603e-01
  -1.0646724e+00
  -1.6723538e+00
  -3.3593249e+00
  -3.7991347e+00
  -4.1674228e+00
  -4.7839823e+00
  -4.7588105e+00
  -4.0364938e+00
  -2.0838876e+00
  -1.8508960e+00
  -2.0820992e+00
  -1.9740515e+00
  -2.7347143e+00
  -2.1570127e+00
  -1.7596207e+00
  -1.8768985e+00
  -1.6611556e+00
  -1.9017584e+00
  -1.6837943e+00
  -1.4128106e+00
  -1.2165167e+00
  -1.1691080e+00
  -1.1839152e+00
  -1.0467081e+00
  -1.9139359e+00
  -1.8381476e+00
  -1.8159709e+00
  -1.6636263e+00
  -1.5947872e+00
  -1.6052500e+00
  -1.5708222e+00
  -1.5477065e+00
  -1.3236296e+00
  -1.2703513e+00
  -1.1665735e+00
  -1.2775158e+00
  -1.4312116e+00
  -1.8599069e+00
  -3.0990014e+00
  -3.8154550e+00
  -4.2108841e+00
  -4.5557213e+00
  -5.1085148e+00
  -4.6723185e+00
  -2.5746512e+00
  -2.1847727e+00
  -2.4977958e+00
  -2.4866962e+00
  -2.8281083e+00
  -2.2820530e+00
  -2.0845304e+00
  -2.2856936e+00
  -2.2966189e+00
  -2.5393295e+00
  -2.4989462e+00
  -2.3129013e+00
  -2.0199947e+00
  -2.0102766e+00
  -2.0604045e+00
  -1.9204068e+00
  -2.5252616e+00
  -2.5464177e+00
  -2.5206022e+00
  -2.3537006e+00
  -2.2571361e+00
  -2.2636218e+00
  -2.3480368e+00
  -2.3057709e+00
  -2.1708107e+00
  -2.0180211e+00
  -1.7926443e+00
  -1.6888249e+00
  -1.6790168e+00
  -1.9042439e+00
  -2.5527546e+00
  -3.7540352e+00
  -4.3888311e+00
  -4.2643442e+00
  -5.1591420e+00
  -4.8879948e+00
  -2.8190715e+00
  -2.0899184e+00
  -2.4695816e+00
  -2.9522142e+00
  -2.8313560e+00
  -2.3326695e+00
  -2.3033094e+00
  -2.5613937e+00
  -2.8547707e+00
  -2.9176643e+00
  -3.0267897e+00
  -2.9335480e+00
  -2.6048992e+00
  -2.6413157e+00
  -2.6616530e+00
  -2.5724628e+00
  -2.6244712e+00
  -2.7221694e+00
  -2.7090302e+00
  -2.5528306e+00
  -2.4647393e+00
  -2.4234987e+00
  -2.6160613e+00
  -2.5304405e+00
  -2.5301045e+00
  -2.3439129e+00
  -2.0478739e+00
  -1.8461663e+00
  -1.5881371e+00
  -1.4853917e+00
  -1.4473768e+00
  -3.4116066e+00
  -4.9382150e+00
  -4.1185874e+00
  -4.6986053e+00
  -4.3117070e+00
  -2.4109702e+00
  -1.2825657e+00
  -1.5426413e+00
  -3.0671573e+00
  -2.8138378e+00
  -2.2020708e+00
  -2.2511252e+00
  -2.4126328e+00
  -3.0297856e+00
  -2.8637840e+00
  -2.8856259e+00
  -2.8946753e+00
  -2.6672045e+00
  -2.7625470e+00
  -2.6846485e+00
  -2.6927245e+00
  -1.9278294e+00
  -1.9489691e+00
  -2.0456626e+00
  -1.8836846e+00
  -1.7872624e+00
  -1.6835819e+00
  -1.8039665e+00
  -1.8198735e+00
  -1.7346313e+00
  -1.6982216e+00
  -1.5105451e+00
  -1.3553807e+00
  -8.7283432e-01
  -5.5374348e-01
  -4.8384768e-01
  -2.1071658e+00
  -4.6153283e+00
  -4.2191877e+00
  -3.7715788e+00
  -2.9629169e+00
  -1.0363730e+00
  -2.7271593e-01
  -3.4533247e-01
  -1.9132547e+00
  -2.3506505e+00
  -1.5150365e+00
  -1.5614849e+00
  -1.5565151e+00
  -1.9975067e+00
  -2.1224780e+00
  -1.9609094e+00
  -1.9653182e+00
  -1.7307522e+00
  -1.9196796e+00
  -1.9434004e+00
  -1.9158267e+00
  -1.0551143e+00
  -1.0160416e+00
  -1.1376359e+00
  -9.7600335e-01
  -8.6297911e-01
  -7.3119062e-01
  -7.6384306e-01
  -8.5994589e-01
  -6.8152666e-01
  -7.3775047e-01
  -6.8943024e-01
  -5.8421940e-01
  -2.1113908e-01
   5.0518088e-02
   1.0367054e-01
  -7.0490944e-01
  -3.1619899e+00
  -3.5977426e+00
  -2.7272935e+00
  -1.7039539e+00
  -8.6680464e-02
   2.4514921e-01
   1.7238735e-01
  -6.5510267e-01
  -1.3120847e+00
  -6.8917382e-01
  -6.0306108e-01
  -5.8023924e-01
  -7.7208471e-01
  -1.0453377e+00
  -1.0153681e+00
  -9.8595417e-01
  -6.8172669e-01
  -8.9532101e-01
  -1.0449995e+00
  -1.0102463e+00
  -1.2127174e-01
  -7.0095933e-02
  -1.0369477e-01
   2.6763260e-02
   1.5621532e-01
   2.6488644e-01
   2.9106107e-01
   1.9571618e-01
   3.4463114e-01
   3.1801254e-01
   2.6723280e-01
   2.8194362e-01
   3.5322517e-01
   5.4566127e-01
   7.9422927e-01
   5.3976369e-01
  -1.1864865e+00
  -2.0388637e+00
  -1.3342036e+00
  -4.5540453e-01
   4.3225268e-01
   4.6042955e-01
   3.6634703e-01
   3.1916162e-01
  -7.3357373e-02
   1.8035663e-01
   4.5975310e-01
   4.7201738e-01
   3.9504741e-01
   1.8584831e-01
   6.9499478e-02
   7.0898450e-02
   2.9419455e-01
   1.5693074e-01
  -5.4883112e-02
  -7.9997554e-02
   7.3061465e-01
   7.4604675e-01
   8.6366992e-01
   9.4772893e-01
   1.0930562e+00
   1.1384595e+00
   1.1823674e+00
   1.1524993e+00
   1.1624561e+00
   1.2643334e+00
   1.1808553e+00
   1.0837234e+00
   8.5826438e-01
   1.0675546e+00
   1.5532409e+00
   1.3551477e+00
   8.1231669e-01
   2.5625362e-01
   3.1911032e-01
   6.7014714e-01
   5.5598870e-01
   3.7462532e-01
   3.0715737e-01
   7.0198469e-01
   8.9489781e-01
   9.3447369e-01
   1.3336466e+00
   1.3908354e+00
   1.3367539e+00
   1.2951105e+00
   1.1924833e+00
   1.1533667e+00
   1.1119335e+00
   1.0867798e+00
   8.8319860e-01
   7.5806700e-01
   1.3660218e+00
   1.3252691e+00
   1.5081778e+00
   1.5815433e+00
   1.7407283e+00
   1.7564707e+00
   1.7825122e+00
   1.8084533e+00
   1.7232801e+00
   1.8922229e+00
   1.8372535e+00
   1.7039584e+00
   1.4297690e+00
   1.6887696e+00
   2.0707871e+00
   1.6938193e+00
   2.2712231e+00
   2.4093486e+00
   1.8476056e+00
   1.5576274e+00
   5.7584194e-01
   1.5716797e-01
   1.3020675e-01
   4.3609324e-01
   1.1473096e+00
   1.3989106e+00
   1.6941552e+00
   1.8884760e+00
   1.9563146e+00
   1.9888537e+00
   2.0583800e+00
   2.1138036e+00
   1.8346652e+00
   1.7947328e+00
   1.6145079e+00
   1.4090753e+00
   1.6857246e+00
   1.5957034e+00
   1.6672592e+00
   1.7807332e+00
   1.9349747e+00
   2.0196731e+00
   2.0201292e+00
   2.0680454e+00
   2.0535331e+00
   2.0728426e+00
   2.1038902e+00
   2.0775359e+00
   1.9263710e+00
   2.0661831e+00
   1.9972906e+00
   1.8166913e+00
   2.9351275e+00
   3.3576841e+00
   2.6997907e+00
   2.0655127e+00
   7.3153657e-01
   1.1037097e-01
  -3.4180120e-02
  -1.1541012e-01
   7.6850581e-01
   1.4392960e+00
   1.5196102e+00
   1.7993791e+00
   2.0987556e+00
   2.1366007e+00
   2.2779329e+00
   2.5725248e+00
   2.3992882e+00
   2.2009943e+00
   2.0279632e+00
   1.7834268e+00
   1.5284953e+00
   1.4194467e+00
   1.3619182e+00
   1.4753081e+00
   1.5706478e+00
   1.7192721e+00
   1.7448761e+00
   1.8357430e+00
   1.8814824e+00
   1.7047582e+00
   1.8766607e+00
   1.9283115e+00
   1.7770170e+00
   1.7405005e+00
   1.4846621e+00
   1.7450036e+00
   2.6405647e+00
   2.8739991e+00
   2.6189995e+00
   2.0589235e+00
   9.6482885e-01
   3.6424574e-01
  -2.5776159e-02
  -4.7393250e-01
   9.2820004e-02
   9.2108047e-01
   1.0553210e+00
   1.2305201e+00
   1.4986554e+00
   1.6397979e+00
   1.8004897e+00
   2.1569676e+00
   2.2252066e+00
   2.0214891e+00
   1.9297476e+00
   1.6949031e+00
   6.7179286e-01
   5.9669638e-01
   5.7019550e-01
   6.2492412e-01
   6.2355709e-01
   7.1287799e-01
   7.7839392e-01
   8.4632164e-01
   8.0068851e-01
   6.8270808e-01
   9.7443479e-01
   9.8907262e-01
   7.7467650e-01
   7.3896992e-01
   7.0519531e-01
   1.0131971e+00
   1.2952001e+00
   1.3988569e+00
   1.6283745e+00
   1.5202407e+00
   1.0380747e+00
   6.2258893e-01
   1.1636211e-01
  -5.4521143e-01
  -6.8256038e-01
  -1.5860674e-01
   2.6865405e-01
   2.9138559e-01
   2.1760304e-01
   4.8487508e-01
   8.2389987e-01
   9.9550843e-01
   9.9481606e-01
   9.5304173e-01
   1.0136620e+00
   8.5938030e-01
  -7.2292030e-01
  -7.6809755e-01
  -6.7812634e-01
  -5.7802051e-01
  -5.3405016e-01
  -5.1423287e-01
  -5.3431809e-01
  -6.2928460e-01
  -7.1507818e-01
  -6.0171103e-01
  -2.9422786e-01
  -2.5531811e-01
  -4.2305037e-01
  -5.0498140e-01
  -4.9100363e-01
  -4.3934143e-01
  -4.3178336e-01
  -2.7337003e-01
   7.2528072e-02
   3.1467628e-01
   2.9004756e-01
   1.1178060e-01
  -1.7486342e-01
  -6.2525570e-01
  -1.0185677e+00
  -9.8102653e-01
  -7.1370888e-01
  -7.8536439e-01
  -9.9302244e-01
  -7.4361229e-01
  -2.9658782e-01
  -1.3248932e-01
  -2.4636719e-01
  -3.2320112e-01
  -3.6779438e-01
  -5.3966892e-01
  -6.6143900e-01
  -7.4026476e-01
  -6.8730164e-01
  -5.6626630e-01
  -4.3022608e-01
  -3.4972006e-01
  -3.4513468e-01
  -3.8633945e-01
  -4.0893143e-01
  -3.7806395e-01
  -3.3860811e-01
  -3.7696412e-01
  -4.7792879e-01
  -5.7669518e-01
  -6.0245031e-01
  -5.6535792e-01
  -5.0495443e-01
  -4.6327707e-01
  -4.6382114e-01
  -5.1133224e-01
  -5.6192207e-01
  -5.4654825e-01
  -4.3730366e-01
  -2.9653296e-01
  -2.0460746e-01
  -1.6458502e-01
  -2.1172994e-01
  -3.3547291e-01
  -4.4808671e-01
  -4.0213072e-01
  -2.3875453e-01
  -7.6879111e-02
  -3.1909578e-02
  -1.0023729e-01
  -2.6902534e-01
  -4.8875850e-01
