   1.4967915e-03
   1.3261199e-03
   1.2028744e-03
   1.1650349e-03
   9.8288001e-04
   7.4926490e-04
   4.3137753e-04
   3.5939029e-05
  -2.5182945e-04
  -5.1103239e-04
  -6.6651167e-04
  -5.9369784e-04
  -0.0000000e+00
   0.0000000e+00
   0.0000000e+00
   0.0000000e+00
   0.0000000e+00
   0.0000000e+00
   0.0000000e+00
   0.0000000e+00
   0.0000000e+00
   0.0000000e+00
   0.0000000e+00
   0.0000000e+00
   0.0000000e+00
   0.0000000e+00
   0.0000000e+00
   0.0000000e+00
   0.0000000e+00
   0.0000000e+00
   1.2218387e-03
   1.3825895e-03
   1.7415915e-03
   1.8867426e-03
   1.8117245e-03
   1.6839135e-03
   0.0000000e+00
   0.0000000e+00
   0.0000000e+00
   0.0000000e+00
   0.0000000e+00
   0.0000000e+00
   0.0000000e+00
   0.0000000e+00
   0.0000000e+00
   1.2361579e-03
   1.9465574e-03
   1.8754305e-03
   9.2238288e-04
   0.0000000e+00
   0.0000000e+00
   0.0000000e+00
   0.0000000e+00
   0.0000000e+00
   0.0000000e+00
   0.0000000e+00
   0.0000000e+00
   0.0000000e+00
   0.0000000e+00
   0.0000000e+00
   0.0000000e+00
   0.0000000e+00
   0.0000000e+00
   0.0000000e+00
   0.0000000e+00
   0.0000000e+00
   0.0000000e+00
   0.0000000e+00
   3.5303275e-03
   3.6976636e-03
   2.9317025e-03
   0.0000000e+00
   1.4400507e-02
   4.2540765e-03
  -1.2297259e-03
   2.9886489e-04
   1.2848581e-03
   1.1701021e-03
   1.6408564e-04
  -2.2281131e-03
  -6.1605228e-03
  -7.5364287e-03
  -1.2949359e-03
  -8.1515434e-04
  -6.9906074e-03
  -7.0279149e-03
  -4.1266166e-03
  -3.6047435e-03
  -4.3956030e-03
  -0.0000000e+00
   0.0000000e+00
   0.0000000e+00
   0.0000000e+00
   0.0000000e+00
   0.0000000e+00
   0.0000000e+00
   0.0000000e+00
   0.0000000e+00
   0.0000000e+00
   0.0000000e+00
   0.0000000e+00
   0.0000000e+00
   0.0000000e+00
   0.0000000e+00
   6.7050750e-03
   5.6497110e-03
   8.5355096e-03
   1.3069609e-02
   1.8548386e-02
  -1.5572041e-03
  -1.7506406e-02
  -1.8225070e-02
  -2.0248268e-02
  -1.8938914e-02
  -1.9003363e-02
  -1.7332543e-02
  -1.7220544e-02
  -1.7793268e-02
  -1.0450285e-02
  -1.1339901e-02
  -0.0000000e+00
  -0.0000000e+00
  -0.0000000e+00
  -0.0000000e+00
  -0.0000000e+00
  -0.0000000e+00
   0.0000000e+00
   0.0000000e+00
   0.0000000e+00
   0.0000000e+00
   0.0000000e+00
   0.0000000e+00
   0.0000000e+00
   0.0000000e+00
   0.0000000e+00
   0.0000000e+00
   0.0000000e+00
   0.0000000e+00
   0.0000000e+00
   0.0000000e+00
   5.7254829e-03
   4.8456960e-03
   6.0451230e-03
   1.0098597e-02
  -2.4527968e-03
  -1.7012764e-02
  -2.9094419e-02
  -3.1435501e-02
  -3.2447491e-02
  -3.0519865e-02
  -2.8975667e-02
  -2.3695368e-02
  -1.6135817e-02
  -1.6267372e-02
  -1.3667168e-02
  -2.6130095e-02
  -0.0000000e+00
   0.0000000e+00
   0.0000000e+00
   0.0000000e+00
   0.0000000e+00
   0.0000000e+00
   0.0000000e+00
   0.0000000e+00
   0.0000000e+00
   2.5834064e-03
  -9.3126368e-03
  -0.0000000e+00
   0.0000000e+00
   0.0000000e+00
   0.0000000e+00
   0.0000000e+00
   0.0000000e+00
   0.0000000e+00
   0.0000000e+00
   0.0000000e+00
   3.0787399e-03
   4.4472841e-03
   1.5932003e-03
  -7.6436426e-04
  -1.4514971e-02
  -2.1949138e-02
  -2.6534010e-02
  -3.0023960e-02
  -2.9933786e-02
  -2.7856397e-02
  -2.4885949e-02
  -2.0374000e-02
  -1.3849868e-02
  -1.1555952e-02
  -1.4249451e-02
  -3.0958228e-02
  -3.9128701e-02
   0.0000000e+00
   0.0000000e+00
   0.0000000e+00
   0.0000000e+00
   0.0000000e+00
   0.0000000e+00
  -0.0000000e+00
  -8.1008283e-04
  -9.0779765e-03
  -3.2598831e-02
  -0.0000000e+00
   0.0000000e+00
   0.0000000e+00
   0.0000000e+00
  -4.9893815e-03
  -1.0145017e-02
  -0.0000000e+00
   0.0000000e+00
   0.0000000e+00
   4.5986846e-03
   1.2245296e-02
   4.5804004e-03
  -6.3210730e-03
  -1.7147828e-02
  -2.0655202e-02
  -2.2755781e-02
  -2.5094703e-02
  -2.4685010e-02
  -2.1374142e-02
  -1.8782889e-02
  -1.7011538e-02
  -1.4200107e-02
  -1.3108331e-02
  -1.2460001e-02
  -2.3354284e-02
  -2.3864566e-02
   0.0000000e+00
   0.0000000e+00
   0.0000000e+00
   0.0000000e+00
   0.0000000e+00
   0.0000000e+00
   9.5575620e-04
  -1.2123493e-02
  -3.4718011e-02
  -4.4837028e-02
  -0.0000000e+00
   0.0000000e+00
   0.0000000e+00
  -4.0773377e-03
  -6.2733397e-03
  -1.2105856e-02
  -1.6659492e-02
   0.0000000e+00
   0.0000000e+00
   4.5238222e-03
   8.3323261e-03
  -3.2375483e-03
  -1.3802121e-02
  -1.0041167e-02
  -1.3803253e-02
  -1.7035889e-02
  -1.6777461e-02
  -1.4153458e-02
  -9.8012928e-03
  -8.7025361e-03
  -1.0031979e-02
  -1.0310389e-02
  -1.1083682e-02
  -1.0444930e-02
  -1.2281500e-02
  -5.4085508e-03
   4.2772438e-03
   4.4692828e-03
   0.0000000e+00
   0.0000000e+00
  -1.2603222e-03
   3.6357012e-03
   5.6141124e-03
  -2.0184640e-02
  -4.1195102e-02
  -3.1764481e-02
  -6.9195652e-03
  -2.8868311e-03
  -6.3142129e-03
  -5.1827646e-03
  -5.2476544e-03
  -7.6080277e-04
  -1.1193237e-03
   0.0000000e+00
   0.0000000e+00
   2.1624403e-03
  -2.3099564e-03
  -1.0646048e-02
  -1.2381090e-02
   3.7627441e-03
  -2.0090989e-03
  -4.1945078e-03
  -2.6389493e-03
   2.2672373e-03
   5.5491636e-03
   5.9441319e-03
   4.0228488e-03
   8.6877454e-04
  -1.1998542e-03
  -6.8630790e-03
  -1.6920465e-03
   1.4672772e-02
   2.0648774e-02
   1.6935591e-02
   0.0000000e+00
   0.0000000e+00
   2.9604966e-03
   6.5193437e-03
   9.1086534e-03
  -1.2449702e-02
  -2.1684773e-02
  -3.3726182e-03
   1.1535518e-02
   1.0952619e-02
   8.8972291e-03
   5.3797588e-03
   9.3752416e-03
   2.5124889e-02
   1.7916821e-02
   0.0000000e+00
   0.0000000e+00
   4.1229656e-03
  -4.7382916e-04
  -1.3409973e-03
   2.9395772e-03
   1.6553219e-02
   1.1107997e-02
   1.1994177e-02
   1.3921564e-02
   1.9739442e-02
   2.0742061e-02
   2.2120768e-02
   2.0811338e-02
   1.5027723e-02
   1.1051888e-02
   1.5853309e-03
   1.2318928e-02
   2.7165154e-02
   2.6367618e-02
   3.1869330e-02
   2.3226723e-02
   0.0000000e+00
   9.0166047e-03
   1.4563226e-02
   0.0000000e+00
   1.6851211e-04
   2.8390808e-03
   2.2450726e-02
   2.8990904e-02
   2.5104675e-02
   2.4646914e-02
   2.0561174e-02
   3.0900776e-02
   4.2989057e-02
   0.0000000e+00
   0.0000000e+00
   0.0000000e+00
   0.0000000e+00
   1.3049730e-02
   1.6898952e-02
   2.1001531e-02
   2.2822225e-02
   1.9126132e-02
   2.2292696e-02
   2.4726033e-02
   2.9746236e-02
   2.9414656e-02
   3.0598536e-02
   2.9546063e-02
   2.2146519e-02
   1.7393606e-02
   1.0589489e-02
   2.5025075e-02
   3.2642637e-02
   0.0000000e+00
   3.8186037e-02
   3.0483526e-02
   0.0000000e+00
   0.0000000e+00
   2.0631385e-02
   0.0000000e+00
   1.1824320e-02
   2.0328991e-02
   4.1156944e-02
   3.8998656e-02
   2.9196229e-02
   2.7760293e-02
   2.6377067e-02
   4.3742992e-02
   4.7903020e-02
   0.0000000e+00
   0.0000000e+00
   0.0000000e+00
   0.0000000e+00
   2.5498925e-02
   2.9600810e-02
   2.9354822e-02
   2.2686226e-02
   2.0865107e-02
   2.5048144e-02
   2.7843511e-02
   3.1613041e-02
   3.0483980e-02
   3.0573055e-02
   2.9140517e-02
   2.1608682e-02
   1.7627362e-02
   1.5668217e-02
   3.1407114e-02
   3.3101010e-02
   2.1268001e-02
   4.3513124e-02
   4.0841246e-02
   0.0000000e+00
   0.0000000e+00
   2.1358784e-02
   1.7842833e-02
   2.1787930e-02
   3.0398648e-02
   5.2460603e-02
   4.4165166e-02
   0.0000000e+00
   0.0000000e+00
   2.6278193e-02
   4.6547372e-02
   4.5010548e-02
   1.9209990e-02
   0.0000000e+00
   0.0000000e+00
   0.0000000e+00
   3.1858757e-02
   3.3232305e-02
   2.8783642e-02
   1.5708208e-02
   1.5668958e-02
   1.9578882e-02
   2.2482231e-02
   2.5036963e-02
   2.3190333e-02
   2.1743251e-02
   1.9196389e-02
   1.3349609e-02
   1.1885223e-02
   1.5198221e-02
   2.9731603e-02
   2.8769027e-02
   1.8721055e-02
   3.1891107e-02
   3.2465957e-02
   0.0000000e+00
   0.0000000e+00
   1.6735414e-02
   2.1100556e-02
   3.0208163e-02
   3.3907752e-02
   5.6908920e-02
   4.3804607e-02
   0.0000000e+00
   0.0000000e+00
   0.0000000e+00
   3.8333230e-02
   3.5484049e-02
   1.2677395e-02
   0.0000000e+00
   0.0000000e+00
   2.3967756e-02
   3.0112332e-02
   2.6138820e-02
   1.9562187e-02
   1.3973187e-03
   2.5308479e-03
   5.4795700e-03
   8.2325852e-03
   1.0282901e-02
   8.1561180e-03
   7.1660569e-03
   3.7651891e-03
   9.5601671e-04
   2.8413336e-03
   7.6409210e-03
   1.9054657e-02
   1.7868048e-02
   1.5902113e-02
   2.5254080e-02
   1.7896936e-02
   0.0000000e+00
   0.0000000e+00
   0.0000000e+00
   2.0814180e-02
   3.1963021e-02
   3.0521845e-02
   4.7721691e-02
   3.4217868e-02
   1.3589584e-02
   9.0113814e-03
   0.0000000e+00
   2.3525555e-02
   2.0342942e-02
   4.1142949e-03
  -0.0000000e+00
   0.0000000e+00
   1.1349472e-02
   1.4539486e-02
   7.4420334e-03
   3.2548916e-03
  -8.6371247e-03
  -7.0645926e-03
  -4.8539601e-03
  -3.1520147e-03
  -2.0537376e-03
  -4.2222845e-03
  -4.3898467e-03
  -7.9334332e-03
  -8.8139018e-03
  -6.3115018e-03
  -2.6137482e-03
   5.9597469e-03
   2.8649175e-03
   9.0541923e-03
   1.9505529e-02
   4.9936833e-03
   0.0000000e+00
   0.0000000e+00
   0.0000000e+00
   1.6875584e-02
   2.3715535e-02
   2.6087176e-02
   3.1672325e-02
   1.9942373e-02
   6.3022557e-03
   4.5811403e-03
   0.0000000e+00
   0.0000000e+00
   9.2005613e-03
  -3.5257838e-03
  -7.4550676e-03
   0.0000000e+00
   6.4715156e-03
   2.0621277e-03
  -4.6643307e-03
  -6.9336179e-03
  -1.2809927e-02
  -1.0927602e-02
  -9.6043525e-03
  -8.4949676e-03
  -8.3423136e-03
  -1.0280793e-02
  -1.0131198e-02
  -1.3587004e-02
  -1.3146983e-02
  -1.1509866e-02
  -8.8178217e-03
  -3.8455506e-03
  -7.5444444e-03
   2.2813065e-03
   1.0233738e-02
  -2.3446913e-03
  -0.0000000e+00
   0.0000000e+00
   0.0000000e+00
   1.1840602e-02
   1.7419262e-02
   2.1533664e-02
   1.8154344e-02
   9.2194360e-03
   4.4253683e-03
   4.6809679e-03
   6.5583907e-03
   0.0000000e+00
   2.2652699e-03
  -8.3627766e-03
  -8.2258012e-03
   1.4779433e-03
   4.3348856e-03
  -4.3495866e-03
  -9.6224407e-03
  -1.1050977e-02
  -1.1585930e-02
  -9.3103573e-03
  -9.3821865e-03
  -8.3686057e-03
  -9.2499554e-03
  -1.0640203e-02
  -1.0757946e-02
  -1.4030993e-02
  -1.2479048e-02
  -1.3316136e-02
  -1.1473347e-02
  -1.2384333e-02
  -1.5286518e-02
  -6.7488984e-03
  -6.8772131e-03
  -3.7831756e-03
  -0.0000000e+00
   0.0000000e+00
   0.0000000e+00
   5.3065540e-03
   1.2243297e-02
   1.5054937e-02
   3.3748178e-03
   8.9135799e-05
   5.9405454e-03
   6.2397006e-03
   2.2209932e-03
   0.0000000e+00
  -0.0000000e+00
  -1.1026194e-02
  -8.2354518e-03
   2.2300899e-03
   3.7806823e-03
  -5.7799360e-03
  -8.4052868e-03
  -9.7699473e-03
  -5.5261981e-03
  -3.7338878e-03
  -5.0735320e-03
  -4.0950165e-03
  -4.5603658e-03
  -5.8792830e-03
  -6.1630723e-03
  -9.2945071e-03
  -7.6984232e-03
  -9.8492112e-03
  -8.5397549e-03
  -1.2010893e-02
  -1.3380520e-02
  -1.2887709e-02
  -2.4034580e-02
  -4.7174031e-03
   0.0000000e+00
   0.0000000e+00
   0.0000000e+00
   7.9665180e-04
   1.0297979e-02
   9.9418666e-03
  -5.9132944e-03
  -1.8261911e-03
   7.2505181e-03
   6.1460221e-03
  -3.1812855e-03
  -0.0000000e+00
  -0.0000000e+00
  -9.0437988e-03
  -5.0696838e-03
   3.2643541e-03
   3.2714491e-03
  -1.5280703e-03
  -4.3967762e-03
  -4.2558275e-03
   1.1919143e-03
   2.1464392e-03
   1.0527442e-03
   1.6801797e-03
   1.4105862e-03
   4.5404243e-04
   1.3089066e-04
  -1.8332535e-03
  -8.3269982e-04
  -2.6467503e-03
  -2.0156677e-03
  -5.1463591e-03
  -6.3610617e-03
  -8.7021962e-03
  -2.7252307e-02
  -8.5296752e-03
   0.0000000e+00
   0.0000000e+00
   0.0000000e+00
  -4.5889470e-04
   6.8379544e-03
   9.1137636e-03
  -6.1785607e-03
  -3.4582051e-03
   5.1188897e-03
   4.2917947e-03
  -4.6758028e-03
  -5.6710104e-03
  -0.0000000e+00
  -3.9333007e-03
  -1.4133832e-03
   4.3462617e-03
   4.9065845e-03
   3.0877036e-03
   1.1242335e-03
   1.6770847e-03
   7.4042478e-03
   7.6437457e-03
   6.9092019e-03
   7.3284744e-03
   6.7509864e-03
   6.0798624e-03
   5.2350177e-03
   3.8897854e-03
   4.1302075e-03
   2.0689399e-03
   2.1665245e-03
  -2.6366715e-03
  -3.3768523e-03
  -1.0541251e-02
  -3.0417681e-02
  -1.3230535e-02
   0.0000000e+00
   0.0000000e+00
  -0.0000000e+00
  -2.0559172e-03
   4.7359075e-03
   8.2636336e-03
  -6.0057868e-03
  -6.5530315e-03
  -1.5769483e-04
  -9.6544216e-04
  -7.4578607e-03
  -7.2532492e-03
  -1.6951734e-03
   4.1348417e-04
   1.5560697e-03
   5.7465634e-03
   7.3086764e-03
   7.4139154e-03
   6.6206013e-03
   7.1235094e-03
   9.7746225e-03
   9.7457701e-03
   1.0353495e-02
   1.0330006e-02
   9.1353841e-03
   9.3944790e-03
   8.6944345e-03
   9.1840355e-03
   8.6915577e-03
   7.1812635e-03
   5.9041092e-03
  -4.0000197e-04
  -4.2024571e-03
  -1.5719103e-02
  -3.1530082e-02
  -2.3934820e-02
  -0.0000000e+00
   0.0000000e+00
   0.0000000e+00
  -6.9265556e-03
   4.1783261e-04
   8.0379011e-03
  -0.0000000e+00
  -1.1546787e-02
  -1.1984119e-02
  -1.1912338e-02
  -1.0756844e-02
  -1.3414670e-02
  -6.1439473e-03
   2.3397966e-03
   2.9434040e-03
   5.8926311e-03
   6.5836199e-03
   7.4592438e-03
   9.1879293e-03
   8.6039137e-03
   3.4730153e-03
   4.8271376e-03
   5.7920055e-03
   6.2392326e-03
   5.1923199e-03
   5.6669777e-03
   5.9774541e-03
   7.0542642e-03
   7.8842063e-03
   6.3638771e-03
   4.7276565e-03
  -1.8000698e-03
  -6.2771901e-03
  -1.7375495e-02
  -3.5983644e-02
  -3.4920017e-02
  -3.0388849e-02
  -3.2307188e-02
  -2.7204549e-02
  -2.0631985e-02
  -6.8756137e-03
   6.0525797e-04
  -0.0000000e+00
  -1.5716468e-02
  -2.6461402e-02
  -2.2464920e-02
  -1.7536273e-02
  -2.0282613e-02
  -1.3166346e-02
  -6.1978237e-03
  -3.1983613e-03
  -3.0471478e-04
  -2.6719365e-04
   4.7703454e-04
   2.5635369e-03
   2.5484648e-03
  -6.2258719e-03
  -3.9756997e-03
  -2.9471728e-03
  -2.0580161e-03
  -2.6567325e-03
  -2.4363783e-03
  -1.4663275e-03
  -5.5246812e-04
   1.4803479e-03
   3.8030712e-04
  -8.9067046e-04
  -6.4588217e-03
  -1.0810140e-02
  -2.0458197e-02
  -4.0474322e-02
  -3.3676744e-02
  -3.4737656e-02
  -3.9753173e-02
  -3.6476463e-02
  -3.2474980e-02
  -1.3786202e-02
  -0.0000000e+00
  -1.6133983e-02
  -2.0448455e-02
  -3.3323459e-02
  -2.8427018e-02
  -2.4411624e-02
  -2.6669078e-02
  -2.0095071e-02
  -1.6825076e-02
  -1.3064748e-02
  -9.8640453e-03
  -9.2206243e-03
  -8.9321602e-03
  -7.8302287e-03
  -6.7360802e-03
  -2.0925479e-02
  -1.8262297e-02
  -1.7243905e-02
  -1.5858177e-02
  -1.5667444e-02
  -1.6044995e-02
  -1.4812100e-02
  -1.4531215e-02
  -1.1505579e-02
  -1.1610751e-02
  -1.1937467e-02
  -1.5368629e-02
  -1.9084033e-02
  -2.6163857e-02
  -4.6393078e-02
  -4.5560468e-02
  -4.1330520e-02
  -4.9683265e-02
  -5.3928959e-02
  -4.6756157e-02
  -2.3114795e-02
  -0.0000000e+00
  -1.7354700e-02
  -2.3521607e-02
  -3.6578219e-02
  -3.3117045e-02
  -3.3609007e-02
  -3.5284769e-02
  -2.9912421e-02
  -3.1582419e-02
  -2.8637394e-02
  -2.4839792e-02
  -2.2419618e-02
  -2.2847494e-02
  -2.3678355e-02
  -2.1055281e-02
  -3.5998370e-02
  -3.5479497e-02
  -3.3681970e-02
  -3.2058839e-02
  -3.1235524e-02
  -3.1667147e-02
  -3.1683713e-02
  -3.0741384e-02
  -2.9191012e-02
  -2.7174395e-02
  -2.6494352e-02
  -2.6834140e-02
  -2.9509351e-02
  -3.2581527e-02
  -4.1437231e-02
  -5.2244224e-02
  -4.8109379e-02
  -5.1795907e-02
  -6.6279389e-02
  -5.8315694e-02
  -3.3010595e-02
  -2.1036274e-02
  -2.8161744e-02
  -3.6918260e-02
  -3.6265597e-02
  -3.8471680e-02
  -4.1316476e-02
  -4.2950694e-02
  -4.4872601e-02
  -4.4903867e-02
  -4.5716200e-02
  -4.1593790e-02
  -3.7473381e-02
  -3.8098719e-02
  -3.8803797e-02
  -3.7003744e-02
  -4.3844830e-02
  -4.5170281e-02
  -4.3406587e-02
  -4.1337721e-02
  -4.0298589e-02
  -3.9951444e-02
  -4.1595150e-02
  -3.9670549e-02
  -3.9548531e-02
  -3.6383919e-02
  -3.3969477e-02
  -3.2717042e-02
  -3.1051148e-02
  -2.9181641e-02
  -2.8731486e-02
  -5.0877083e-02
  -5.9840120e-02
  -5.0461266e-02
  -6.1984461e-02
  -5.5532154e-02
  -3.3553746e-02
  -2.0656083e-02
  -2.6489109e-02
  -4.5723781e-02
  -4.1277690e-02
  -4.1069407e-02
  -4.3209229e-02
  -4.4326752e-02
  -5.2688219e-02
  -5.0133284e-02
  -5.0817553e-02
  -4.8151936e-02
  -4.4711709e-02
  -4.5941718e-02
  -4.5338519e-02
  -4.5343805e-02
  -4.2281114e-02
  -4.3499980e-02
  -4.3190382e-02
  -4.0624745e-02
  -3.9500959e-02
  -3.8276657e-02
  -4.0428523e-02
  -3.8959101e-02
  -3.8345885e-02
  -3.6250245e-02
  -3.3251338e-02
  -3.1536568e-02
  -2.6125468e-02
  -2.1278357e-02
  -1.8182587e-02
  -4.2239774e-02
  -6.4876147e-02
  -4.8859470e-02
  -5.0752062e-02
  -4.4391155e-02
  -2.6338339e-02
  -1.7983884e-02
  -1.9642383e-02
  -4.1954890e-02
  -4.1844174e-02
  -3.7754741e-02
  -3.9901767e-02
  -3.9433524e-02
  -4.8477169e-02
  -4.7358368e-02
  -4.6190366e-02
  -4.4371191e-02
  -4.0824875e-02
  -4.3466110e-02
  -4.3027062e-02
  -4.3653984e-02
  -3.1939264e-02
  -3.1569961e-02
  -3.3237599e-02
  -3.0404245e-02
  -2.9134659e-02
  -2.7149508e-02
  -2.8780753e-02
  -2.8920021e-02
  -2.6543129e-02
  -2.6762320e-02
  -2.4404461e-02
  -2.2872835e-02
  -1.5770761e-02
  -1.0733591e-02
  -9.4111776e-03
  -2.6445873e-02
  -5.8873489e-02
  -4.6261581e-02
  -0.0000000e+00
  -2.8148184e-02
  -1.5041457e-02
  -1.2836524e-02
  -1.0389600e-02
  -2.6814450e-02
  -3.5324920e-02
  -2.7284373e-02
  -2.9550832e-02
  -2.7518205e-02
  -3.2815717e-02
  -3.5630375e-02
  -3.3047583e-02
  -3.1496901e-02
  -2.6871882e-02
  -3.0982627e-02
  -3.2258511e-02
  -3.2787662e-02
  -1.4767474e-02
  -1.2779911e-02
  -1.4509197e-02
  -1.2230367e-02
  -1.0426754e-02
  -8.2658324e-03
  -8.5074361e-03
  -1.0239394e-02
  -6.7896727e-03
  -7.8192875e-03
  -7.2220382e-03
  -6.2813526e-03
  -2.9365360e-03
  -1.6937911e-03
  -1.2663031e-03
  -4.9439096e-03
  -3.3023555e-02
  -3.7622599e-02
  -0.0000000e+00
  -0.0000000e+00
  -0.0000000e+00
  -7.1073917e-03
  -3.4570357e-03
  -4.8243477e-03
  -1.6012799e-02
  -8.7833064e-03
  -8.0528297e-03
  -7.1284859e-03
  -8.2504740e-03
  -1.3204040e-02
  -1.3339436e-02
  -1.1926030e-02
  -6.4633060e-03
  -1.0089698e-02
  -1.4037422e-02
  -1.4849623e-02
   1.3975893e-03
   2.5265957e-03
   3.5695515e-03
   5.1979828e-03
   7.3201098e-03
   9.4103925e-03
   9.9896248e-03
   9.0300133e-03
   9.9602006e-03
   1.1127063e-02
   1.1091043e-02
   1.0714471e-02
   7.0312237e-03
   6.2440103e-03
   1.3380056e-02
   1.5587597e-02
   1.0896095e-03
  -7.4679515e-03
   0.0000000e+00
   0.0000000e+00
   0.0000000e+00
  -1.1431023e-02
  -6.2811085e-03
   8.1958771e-03
   8.3125287e-03
   9.2101598e-03
   1.5668085e-02
   1.6440589e-02
   1.4129873e-02
   1.1275391e-02
   9.1335000e-03
   9.1932286e-03
   1.0268848e-02
   9.1006625e-03
   4.8558051e-03
   1.8828515e-03
   1.5569836e-02
   1.4766385e-02
   1.8819232e-02
   1.9902565e-02
   2.2361584e-02
   2.3067011e-02
   2.4209207e-02
   2.5255518e-02
   2.2972053e-02
   2.7287956e-02
   2.6595360e-02
   2.3307998e-02
   1.5130874e-02
   1.8669747e-02
   3.3046614e-02
   2.8247902e-02
   3.1078903e-02
   0.0000000e+00
   0.0000000e+00
   0.0000000e+00
  -0.0000000e+00
  -1.1202099e-02
  -1.0257533e-02
   3.0307821e-03
   1.6005585e-02
   1.8363196e-02
   2.8935337e-02
   3.3126097e-02
   3.1426925e-02
   3.1315487e-02
   3.0726908e-02
   3.0281810e-02
   2.4291661e-02
   2.4163250e-02
   2.0794831e-02
   1.6461805e-02
   2.1011775e-02
   1.9743431e-02
   2.2599248e-02
   2.3945592e-02
   2.6190728e-02
   2.7064709e-02
   2.8244536e-02
   3.0300351e-02
   2.9409431e-02
   3.3033568e-02
   3.1798195e-02
   2.9001800e-02
   2.4184566e-02
   3.1184651e-02
   3.8429141e-02
   3.0124689e-02
   5.0899558e-02
   4.2037163e-02
   1.6003990e-02
   1.0007606e-02
  -5.3986488e-03
  -1.3219767e-02
  -1.0953949e-02
  -6.5665608e-03
   1.1639326e-02
   2.1162640e-02
   2.5863372e-02
   3.1903703e-02
   3.4320619e-02
   3.2580353e-02
   3.3499382e-02
   3.6084447e-02
   3.0656725e-02
   2.8789625e-02
   2.5878474e-02
   2.1906005e-02
   1.8107008e-02
   1.7190224e-02
   1.6830033e-02
   1.8383918e-02
   2.0178327e-02
   2.2545394e-02
   2.3051532e-02
   2.4317147e-02
   2.4133552e-02
   2.1889225e-02
   2.2460150e-02
   2.2722792e-02
   2.2511942e-02
   2.4898814e-02
   2.2085834e-02
   2.4257803e-02
   4.4648625e-02
   3.5499614e-02
   2.0140873e-02
   1.2265448e-02
  -2.9672817e-03
  -7.8304578e-03
  -7.3424578e-03
  -9.3335090e-03
   4.0874989e-03
   1.6382331e-02
   1.6904872e-02
   2.1497166e-02
   2.5022218e-02
   2.2860818e-02
   2.3905091e-02
   2.8446237e-02
   2.7310900e-02
   2.3787949e-02
   2.2654127e-02
   1.9705927e-02
   8.7367147e-03
   7.6488908e-03
   7.0840134e-03
   7.9968935e-03
   8.5518770e-03
   1.0379392e-02
   1.1110990e-02
   1.2119832e-02
   1.1509024e-02
   8.6102420e-03
   1.1299054e-02
   1.1595286e-02
   9.8245880e-03
   9.8550562e-03
   8.1521980e-03
   1.3315903e-02
   2.0239621e-02
   1.8407878e-02
   1.6092269e-02
   1.0967757e-02
   3.5411620e-03
   3.8184458e-04
  -2.6989207e-03
  -6.0610031e-03
  -2.7141818e-03
   4.4921953e-03
   7.1622683e-03
   7.9346234e-03
   8.6392676e-03
   9.5123975e-03
   1.0688448e-02
   1.2612700e-02
   1.2558073e-02
   1.0533809e-02
   1.1534248e-02
   1.0671835e-02
   6.4139960e-05
  -2.6989917e-04
   6.5952612e-05
   2.2068112e-04
   6.7889130e-05
   3.4180959e-04
   6.7435420e-04
   7.0793321e-04
   1.8134092e-04
   8.0512167e-05
   1.8658652e-03
   1.8359002e-03
   4.8119083e-04
   6.4215413e-04
   6.8936718e-04
   1.3201097e-03
   1.9758584e-03
   2.2354831e-03
   3.8441890e-03
   3.8692991e-03
   2.7036185e-03
   1.4790586e-03
  -3.2615219e-04
  -2.1981106e-03
  -3.0865553e-03
  -1.4134829e-03
   4.0762755e-04
   2.0297852e-04
  -8.4005570e-04
   2.8363254e-04
   1.7161638e-03
   1.7022503e-03
   1.1981610e-03
   6.5690960e-04
   1.0606092e-03
   6.7846442e-04
  -1.8421336e-03
  -2.0514666e-03
  -1.7145169e-03
  -1.3713448e-03
  -1.0737411e-03
  -1.0061725e-03
  -1.1074226e-03
  -1.2424251e-03
  -1.3269820e-03
  -1.0019906e-03
  -6.6096068e-04
  -6.8041205e-04
  -1.1547015e-03
  -1.5456394e-03
  -1.7692541e-03
  -1.8458038e-03
  -1.7814273e-03
  -1.5190435e-03
  -8.4543752e-04
  -5.5345579e-04
  -5.1344716e-04
  -7.3279854e-04
  -8.3989982e-04
  -1.0441184e-03
  -1.3282869e-03
  -1.1963253e-03
  -1.1491433e-03
  -1.3927107e-03
  -1.8461134e-03
  -1.4320875e-03
  -6.5649091e-04
  -1.8445494e-04
  -2.2854246e-04
  -5.0595991e-04
  -8.1764226e-04
  -1.4177744e-03
