  -1.6711563e-04
  -2.8292316e-04
  -3.2187937e-04
  -2.0278267e-04
  -4.9349989e-04
  -4.7392868e-04
  -1.0911523e-03
  -1.3984112e-03
  -1.4045872e-03
  -1.5676735e-03
  -1.4920708e-03
  -1.2892404e-03
   0.0000000e+00
   0.0000000e+00
   0.0000000e+00
   0.0000000e+00
   0.0000000e+00
   0.0000000e+00
   0.0000000e+00
   0.0000000e+00
   0.0000000e+00
   0.0000000e+00
   0.0000000e+00
   0.0000000e+00
   0.0000000e+00
   0.0000000e+00
   0.0000000e+00
   0.0000000e+00
   0.0000000e+00
   0.0000000e+00
   1.0931334e-03
   1.1550312e-03
   9.4660501e-04
   6.1950523e-04
   3.4182043e-04
   4.9908511e-04
   0.0000000e+00
  -0.0000000e+00
  -0.0000000e+00
  -0.0000000e+00
  -0.0000000e+00
  -0.0000000e+00
  -0.0000000e+00
  -0.0000000e+00
  -0.0000000e+00
  -2.5078692e-03
  -1.5473657e-03
   8.6941607e-04
   6.8260514e-03
   9.0311218e-03
   7.2497821e-03
   4.5299453e-03
   2.8774491e-03
   0.0000000e+00
   0.0000000e+00
   0.0000000e+00
   0.0000000e+00
   0.0000000e+00
   0.0000000e+00
   0.0000000e+00
   0.0000000e+00
   0.0000000e+00
   0.0000000e+00
   0.0000000e+00
   0.0000000e+00
   0.0000000e+00
   0.0000000e+00
   0.0000000e+00
   1.0756113e-03
   2.6033927e-03
   6.4297605e-03
   0.0000000e+00
   5.6588456e-02
   4.1528318e-02
   2.8198248e-02
   2.2402540e-02
   2.1695731e-02
   2.2378286e-02
   2.1560628e-02
   2.1766929e-02
   1.9309599e-02
   1.4044043e-02
   1.1248073e-02
   1.3169199e-02
   1.2918353e-02
   1.3543405e-02
   1.2207708e-02
   8.2580464e-03
   5.9621866e-03
   0.0000000e+00
   0.0000000e+00
   0.0000000e+00
   0.0000000e+00
   0.0000000e+00
   0.0000000e+00
   0.0000000e+00
   0.0000000e+00
   0.0000000e+00
   0.0000000e+00
   0.0000000e+00
   0.0000000e+00
   0.0000000e+00
   0.0000000e+00
   0.0000000e+00
   6.4901365e-03
   1.0848096e-02
   2.1815503e-02
   4.2226542e-02
   1.2914212e-01
   1.2270055e-01
   1.0241698e-01
   8.7459475e-02
   7.5588502e-02
   6.9832534e-02
   6.1410323e-02
   5.6186970e-02
   5.1525481e-02
   3.5334106e-02
   3.6403638e-02
   2.7802726e-02
   0.0000000e+00
   0.0000000e+00
   0.0000000e+00
   0.0000000e+00
   0.0000000e+00
   0.0000000e+00
   0.0000000e+00
   0.0000000e+00
   0.0000000e+00
   0.0000000e+00
   7.2943823e-03
   0.0000000e+00
   0.0000000e+00
   0.0000000e+00
   0.0000000e+00
   0.0000000e+00
   0.0000000e+00
   0.0000000e+00
   0.0000000e+00
   0.0000000e+00
   1.3448656e-02
   1.8796338e-02
   3.4285256e-02
   7.8478634e-02
   1.3958016e-01
   1.5190469e-01
   1.3891907e-01
   1.2379260e-01
   1.0562198e-01
   9.4301924e-02
   8.2348794e-02
   7.7012293e-02
   7.5259127e-02
   6.3846901e-02
   6.6462412e-02
   4.4218770e-02
   0.0000000e+00
   0.0000000e+00
   0.0000000e+00
   0.0000000e+00
   0.0000000e+00
   0.0000000e+00
   0.0000000e+00
   0.0000000e+00
   0.0000000e+00
   3.3103984e-02
   1.8116588e-02
   0.0000000e+00
   0.0000000e+00
   0.0000000e+00
   0.0000000e+00
   0.0000000e+00
   0.0000000e+00
   0.0000000e+00
   0.0000000e+00
   0.0000000e+00
   2.5278185e-02
   3.7233457e-02
   5.2602865e-02
   9.1787651e-02
   1.1795368e-01
   1.3282804e-01
   1.2824479e-01
   1.1927406e-01
   1.0655237e-01
   9.5908307e-02
   8.4176339e-02
   8.0086827e-02
   8.1492499e-02
   7.8853175e-02
   8.0398500e-02
   5.0648316e-02
   2.5657501e-02
   0.0000000e+00
   0.0000000e+00
   0.0000000e+00
   0.0000000e+00
   0.0000000e+00
   0.0000000e+00
   0.0000000e+00
   5.9415698e-02
   7.2503388e-02
   4.2109003e-02
   0.0000000e+00
   0.0000000e+00
   0.0000000e+00
   0.0000000e+00
   4.7953037e-02
   2.9247491e-02
   0.0000000e+00
   0.0000000e+00
   0.0000000e+00
   5.6573816e-02
   7.3854722e-02
   8.0065198e-02
   9.5311373e-02
   7.6736964e-02
   8.3432414e-02
   8.2717769e-02
   7.9824790e-02
   7.5119384e-02
   7.0394859e-02
   6.3531548e-02
   6.0848422e-02
   6.2725402e-02
   6.4141832e-02
   6.4465806e-02
   3.9997146e-02
   2.0337881e-02
   0.0000000e+00
   0.0000000e+00
   0.0000000e+00
   0.0000000e+00
   0.0000000e+00
   0.0000000e+00
   5.3582661e-02
   8.0975138e-02
   7.6598853e-02
   3.8763505e-02
   0.0000000e+00
   0.0000000e+00
   0.0000000e+00
   4.4812292e-02
   5.3558838e-02
   3.2910980e-02
   2.3425192e-02
   0.0000000e+00
   0.0000000e+00
   6.2703155e-02
   7.3984712e-02
   7.1204878e-02
   7.1690463e-02
   2.1380182e-02
   2.2909438e-02
   2.4184601e-02
   2.4091471e-02
   2.3289466e-02
   2.3449605e-02
   2.1143826e-02
   1.8607695e-02
   2.0022111e-02
   2.4751246e-02
   2.7959699e-02
   1.7147591e-02
   9.1743730e-03
   1.1819057e-02
   6.9424293e-03
   0.0000000e+00
  -0.0000000e+00
   1.0729924e-02
   3.0570515e-02
   4.7349505e-02
   6.2585242e-02
   4.9561989e-02
   1.6558709e-02
   5.9578754e-03
   9.6157128e-03
   1.7199218e-02
   3.2432165e-02
   3.3015393e-02
   1.5922446e-02
   9.8388717e-03
   0.0000000e+00
   0.0000000e+00
   3.2086976e-02
   3.3367231e-02
   2.7288862e-02
   2.2487704e-02
  -3.2107618e-02
  -3.2155458e-02
  -2.9480617e-02
  -3.0135885e-02
  -3.0199485e-02
  -2.8425891e-02
  -2.9052082e-02
  -3.1268876e-02
  -3.1869255e-02
  -2.1841556e-02
  -1.5432018e-02
  -1.3270144e-02
  -7.1603218e-03
   2.0788488e-04
   2.1076564e-03
  -0.0000000e+00
  -0.0000000e+00
  -2.5863643e-05
   1.7432283e-02
   1.9600419e-02
   1.3099534e-02
   5.3031305e-03
  -1.3944769e-02
  -2.0565648e-02
  -1.5208525e-02
  -1.2167963e-02
  -6.4099389e-03
  -1.0571970e-02
  -8.1221285e-03
  -3.4363023e-03
   0.0000000e+00
   0.0000000e+00
  -1.0758450e-02
  -2.0064309e-02
  -2.5782702e-02
  -3.2658692e-02
  -7.0191316e-02
  -7.2158076e-02
  -6.8704680e-02
  -7.1493492e-02
  -7.1395576e-02
  -7.0270866e-02
  -7.1039222e-02
  -7.1141042e-02
  -7.6120265e-02
  -6.1607637e-02
  -5.5803280e-02
  -4.3490451e-02
  -2.1815496e-02
  -1.0541272e-02
  -2.1162021e-03
  -8.1174597e-03
  -0.0000000e+00
  -1.5414746e-02
  -6.5849582e-03
  -0.0000000e+00
  -4.1368522e-02
  -4.2352166e-02
  -4.6798281e-02
  -4.6246883e-02
  -3.7070885e-02
  -4.2408794e-02
  -4.9366597e-02
  -5.1039398e-02
  -2.8252460e-02
   0.0000000e+00
   0.0000000e+00
   0.0000000e+00
  -0.0000000e+00
  -6.3663915e-02
  -6.6055253e-02
  -7.3119454e-02
  -7.9490244e-02
  -8.6258382e-02
  -8.3348081e-02
  -8.4845610e-02
  -8.3575509e-02
  -8.2931563e-02
  -8.4311076e-02
  -7.8725651e-02
  -8.6455926e-02
  -8.1413679e-02
  -8.4783763e-02
  -6.3527316e-02
  -2.7077077e-02
  -0.0000000e+00
  -1.0113074e-03
  -2.2784132e-03
  -0.0000000e+00
  -0.0000000e+00
  -2.2420995e-02
  -0.0000000e+00
  -7.6997988e-02
  -8.9446701e-02
  -7.2644278e-02
  -4.7494144e-02
  -3.6272862e-02
  -4.5412350e-02
  -6.8789855e-02
  -6.9156140e-02
  -3.1458541e-02
  -0.0000000e+00
   0.0000000e+00
   0.0000000e+00
  -0.0000000e+00
  -8.3011419e-02
  -7.6475017e-02
  -8.0151178e-02
  -5.7099123e-02
  -6.5235220e-02
  -6.6809580e-02
  -6.4255297e-02
  -6.2720768e-02
  -5.7829030e-02
  -5.7726115e-02
  -5.2667495e-02
  -5.7384744e-02
  -6.4873852e-02
  -7.1623929e-02
  -5.8136448e-02
  -2.4035636e-02
  -1.6043118e-02
  -4.3657681e-04
   0.0000000e+00
   0.0000000e+00
  -0.0000000e+00
  -2.9561738e-02
  -5.2135906e-02
  -7.1025014e-02
  -9.8569363e-02
  -7.4438751e-02
  -3.7530477e-02
  -0.0000000e+00
  -0.0000000e+00
  -5.0587767e-02
  -5.7698213e-02
  -2.2857439e-02
  -6.5461604e-03
   0.0000000e+00
   0.0000000e+00
  -0.0000000e+00
  -6.3942440e-02
  -5.3709216e-02
  -5.4609198e-02
  -3.6193371e-02
  -4.2157404e-02
  -4.6434283e-02
  -4.2798560e-02
  -4.1258406e-02
  -3.5632409e-02
  -3.3804294e-02
  -3.1040689e-02
  -3.4663521e-02
  -4.6882819e-02
  -5.3417042e-02
  -4.7071669e-02
  -2.1250000e-02
  -1.0817977e-02
  -1.6697487e-05
   0.0000000e+00
   0.0000000e+00
  -0.0000000e+00
  -2.6858998e-02
  -5.0943565e-02
  -5.8263190e-02
  -8.2973666e-02
  -6.3072473e-02
  -1.9939608e-02
   0.0000000e+00
   0.0000000e+00
  -0.0000000e+00
  -4.2378955e-02
  -1.7157460e-02
  -1.7558724e-03
   0.0000000e+00
  -0.0000000e+00
  -3.3266280e-02
  -4.1647352e-02
  -3.2455210e-02
  -3.2499153e-02
  -1.8583026e-02
  -2.1149952e-02
  -2.6737761e-02
  -2.2825122e-02
  -2.1505412e-02
  -1.6616426e-02
  -1.3534381e-02
  -1.3467127e-02
  -1.6188994e-02
  -2.9165786e-02
  -3.3548038e-02
  -3.2221738e-02
  -1.5627384e-02
  -1.9637027e-03
   4.1267737e-03
   0.0000000e+00
   0.0000000e+00
   0.0000000e+00
  -0.0000000e+00
  -4.0948693e-02
  -4.1499875e-02
  -5.6948662e-02
  -4.3212660e-02
  -8.4116463e-03
  -6.7468477e-03
  -5.4170550e-03
  -0.0000000e+00
  -2.6294109e-02
  -1.2671918e-02
   1.2517829e-03
   0.0000000e+00
  -0.0000000e+00
  -2.2341277e-02
  -2.1876479e-02
  -1.4998356e-02
  -1.4820593e-02
  -1.3470383e-02
  -1.2315209e-02
  -1.6195303e-02
  -1.1589167e-02
  -1.0489808e-02
  -7.9608290e-03
  -5.4929545e-03
  -7.6313252e-03
  -8.1669427e-03
  -1.6069693e-02
  -1.6106453e-02
  -1.4085658e-02
  -4.7440892e-03
   1.1648344e-02
   1.2053592e-02
   1.3307553e-02
   0.0000000e+00
   0.0000000e+00
  -0.0000000e+00
  -1.7260074e-02
  -2.2884965e-02
  -2.4525831e-02
  -1.2798205e-02
   2.7433385e-03
  -4.3103189e-04
  -1.1352036e-03
  -0.0000000e+00
  -0.0000000e+00
  -1.3011574e-02
  -5.4993509e-03
  -9.9691156e-03
  -0.0000000e+00
  -2.3156367e-02
  -1.7232284e-02
  -1.2329713e-02
  -1.1767901e-02
  -2.7324509e-02
  -2.4780083e-02
  -2.7341802e-02
  -2.1800334e-02
  -2.1966610e-02
  -2.0493958e-02
  -1.9262785e-02
  -2.2887927e-02
  -2.0550989e-02
  -2.4527825e-02
  -1.8344069e-02
  -1.3076400e-02
  -4.5229876e-03
   1.8620552e-02
   1.8211340e-02
   1.4291593e-02
   0.0000000e+00
   0.0000000e+00
  -0.0000000e+00
  -4.5540850e-03
  -1.4487597e-02
  -1.4380189e-02
  -3.6827251e-03
   1.1922951e-03
  -4.9458514e-03
  -2.4124549e-03
  -1.8393368e-03
  -0.0000000e+00
  -1.9990213e-02
  -2.4271879e-02
  -3.1877611e-02
  -4.0762704e-02
  -3.3302933e-02
  -3.0824732e-02
  -2.7273294e-02
  -2.5724277e-02
  -3.8013108e-02
  -3.5108879e-02
  -3.7417438e-02
  -3.1850651e-02
  -3.2673813e-02
  -3.1472377e-02
  -3.0667571e-02
  -3.4562945e-02
  -3.0734980e-02
  -3.2619838e-02
  -2.3486987e-02
  -1.7073179e-02
  -7.9885963e-03
   1.8456347e-02
   2.1464407e-02
   1.6540000e-02
   0.0000000e+00
   0.0000000e+00
  -0.0000000e+00
   2.7278233e-03
  -1.0386861e-02
  -1.1580490e-02
  -3.1682912e-03
  -2.5568742e-03
  -7.6758699e-03
  -5.1620253e-03
  -5.7437930e-03
   0.0000000e+00
  -0.0000000e+00
  -3.8643204e-02
  -4.1774563e-02
  -4.7030400e-02
  -3.9187796e-02
  -3.9908946e-02
  -3.7499279e-02
  -3.5955828e-02
  -4.3617524e-02
  -4.0130835e-02
  -4.2758062e-02
  -3.7093945e-02
  -3.8232759e-02
  -3.6479879e-02
  -3.5730582e-02
  -3.8797196e-02
  -3.3803940e-02
  -3.4134302e-02
  -2.3909539e-02
  -1.8383792e-02
  -1.0504542e-02
   1.4743342e-02
   2.2832297e-02
   1.9428748e-02
   0.0000000e+00
   0.0000000e+00
   0.0000000e+00
   5.7628097e-03
  -6.6986146e-03
  -1.0987464e-02
  -5.7211653e-03
  -6.7876386e-03
  -8.7950230e-03
  -7.0484243e-03
  -8.3505163e-03
  -0.0000000e+00
  -0.0000000e+00
  -4.9361035e-02
  -4.8437800e-02
  -4.7957338e-02
  -4.0489390e-02
  -4.3886576e-02
  -4.2163938e-02
  -4.1087173e-02
  -4.1960422e-02
  -4.0597148e-02
  -4.3143928e-02
  -3.9897375e-02
  -4.0537097e-02
  -3.9066002e-02
  -3.7676655e-02
  -3.9499514e-02
  -3.7188578e-02
  -3.7015881e-02
  -3.1140754e-02
  -2.5653336e-02
  -1.6824283e-02
   3.2332607e-03
   1.7719036e-02
   1.4780756e-02
   0.0000000e+00
   0.0000000e+00
   0.0000000e+00
   1.1799675e-02
   7.1002167e-03
  -3.6772939e-03
  -9.8345373e-03
  -1.0237638e-02
  -9.5195277e-03
  -1.2860863e-02
  -1.6874675e-02
  -1.6925399e-02
  -0.0000000e+00
  -4.5880668e-02
  -4.3672871e-02
  -4.2674541e-02
  -3.9360937e-02
  -4.2508986e-02
  -4.0918134e-02
  -4.0690307e-02
  -3.5266586e-02
  -3.4529634e-02
  -3.6123138e-02
  -3.4161285e-02
  -3.5133135e-02
  -3.4210220e-02
  -3.4586214e-02
  -3.6507111e-02
  -3.6913838e-02
  -3.8799714e-02
  -3.7248205e-02
  -3.4979209e-02
  -2.8029678e-02
  -1.6751193e-02
   3.6936940e-04
   6.7291963e-03
   0.0000000e+00
   0.0000000e+00
   0.0000000e+00
   1.2704446e-02
   1.7651401e-02
   1.0083675e-03
  -8.6972164e-03
  -1.4284584e-02
  -1.8853426e-02
  -2.0551365e-02
  -3.0202501e-02
  -3.0463355e-02
  -3.4062580e-02
  -3.7439995e-02
  -3.7377972e-02
  -3.7832089e-02
  -3.5650525e-02
  -3.7422486e-02
  -3.5732575e-02
  -3.5449699e-02
  -2.6424661e-02
  -2.5773887e-02
  -2.6140962e-02
  -2.4943683e-02
  -2.6199678e-02
  -2.5753401e-02
  -2.7524844e-02
  -2.8693598e-02
  -3.0954029e-02
  -3.4301825e-02
  -3.6528789e-02
  -3.8150735e-02
  -3.6465559e-02
  -3.8750410e-02
  -2.2391894e-02
  -2.2564471e-03
  -0.0000000e+00
   0.0000000e+00
  -0.0000000e+00
   1.1297316e-02
   2.3922676e-02
   7.2073626e-03
  -0.0000000e+00
  -1.8684067e-02
  -2.7987046e-02
  -2.8318612e-02
  -4.4713546e-02
  -4.3167777e-02
  -3.4522772e-02
  -3.0772733e-02
  -3.1136703e-02
  -3.2237466e-02
  -3.0937901e-02
  -3.1422328e-02
  -2.9028665e-02
  -2.8206635e-02
  -1.8944349e-02
  -1.7584709e-02
  -1.6600780e-02
  -1.5140585e-02
  -1.7083818e-02
  -1.7010346e-02
  -1.9333696e-02
  -1.8593103e-02
  -2.0942509e-02
  -2.5874183e-02
  -3.0086065e-02
  -3.7698854e-02
  -4.3743778e-02
  -6.6103220e-02
  -5.6672630e-02
  -2.9462959e-02
  -2.4333259e-02
  -1.0106191e-02
  -9.0495327e-03
   3.0865609e-03
   1.9649134e-02
   1.7173950e-03
  -0.0000000e+00
  -2.5933174e-02
  -4.0044818e-02
  -4.0014382e-02
  -6.2437478e-02
  -5.7550035e-02
  -3.9770897e-02
  -3.0969936e-02
  -2.9368035e-02
  -2.9354587e-02
  -2.8109891e-02
  -2.8232612e-02
  -2.4027975e-02
  -2.2054888e-02
  -3.7309129e-02
  -3.4986906e-02
  -3.4006301e-02
  -3.2897823e-02
  -3.4562327e-02
  -3.4477480e-02
  -3.4607656e-02
  -3.3398278e-02
  -3.4286778e-02
  -3.9147437e-02
  -4.3697897e-02
  -5.3308196e-02
  -6.4155683e-02
  -9.1112465e-02
  -9.7803012e-02
  -6.0281418e-02
  -4.6694107e-02
  -4.1438047e-02
  -2.8756490e-02
  -1.7047014e-02
  -9.7325306e-03
  -0.0000000e+00
  -2.4216977e-02
  -4.1536439e-02
  -5.3260121e-02
  -6.5668635e-02
  -8.1418440e-02
  -7.2435230e-02
  -6.1582655e-02
  -5.6675635e-02
  -5.1944252e-02
  -4.9793471e-02
  -4.8449319e-02
  -4.7827601e-02
  -4.2764872e-02
  -3.9751649e-02
  -6.6256829e-02
  -6.3769773e-02
  -6.2438935e-02
  -6.2364697e-02
  -6.2520862e-02
  -6.2833622e-02
  -6.0106669e-02
  -5.9910640e-02
  -5.9146233e-02
  -6.2393703e-02
  -6.7113377e-02
  -7.4015856e-02
  -8.6083494e-02
  -1.0149486e-01
  -1.1521711e-01
  -8.3246686e-02
  -6.2765017e-02
  -6.5874651e-02
  -4.5218578e-02
  -3.8468357e-02
  -3.4293930e-02
  -0.0000000e+00
  -5.0820343e-02
  -5.8039170e-02
  -6.6933371e-02
  -8.9796849e-02
  -9.5424466e-02
  -9.0523914e-02
  -8.5514426e-02
  -8.4422790e-02
  -8.0191784e-02
  -7.7367708e-02
  -7.7089123e-02
  -7.4106194e-02
  -7.0307694e-02
  -6.6871151e-02
  -9.7308174e-02
  -9.5049687e-02
  -9.3205214e-02
  -9.4037227e-02
  -9.2593201e-02
  -9.3299627e-02
  -8.8529907e-02
  -8.9541182e-02
  -8.7180205e-02
  -8.8037461e-02
  -9.1458626e-02
  -9.3465544e-02
  -1.0313798e-01
  -1.0342682e-01
  -1.1667433e-01
  -9.6288420e-02
  -7.3673248e-02
  -7.9045199e-02
  -5.5176314e-02
  -5.7143118e-02
  -5.5129110e-02
  -5.3091214e-02
  -8.2092561e-02
  -7.4594334e-02
  -8.2302457e-02
  -1.0968261e-01
  -1.0668389e-01
  -1.0793291e-01
  -1.0680527e-01
  -1.0874667e-01
  -1.0674066e-01
  -1.0424665e-01
  -1.0575450e-01
  -1.0058651e-01
  -9.9062957e-02
  -9.6019663e-02
  -1.2826769e-01
  -1.2633261e-01
  -1.2370899e-01
  -1.2410001e-01
  -1.2210486e-01
  -1.2284824e-01
  -1.1920709e-01
  -1.2014095e-01
  -1.1642177e-01
  -1.1387561e-01
  -1.1174899e-01
  -1.0646984e-01
  -1.0420839e-01
  -9.1175467e-02
  -9.8074019e-02
  -9.6376464e-02
  -7.7026829e-02
  -6.4871058e-02
  -4.9879018e-02
  -6.6483922e-02
  -7.0711993e-02
  -7.1967103e-02
  -1.0523509e-01
  -9.1048136e-02
  -9.6696995e-02
  -1.2131867e-01
  -1.1644503e-01
  -1.2421074e-01
  -1.2219978e-01
  -1.2344471e-01
  -1.2540281e-01
  -1.2633973e-01
  -1.3083960e-01
  -1.2542704e-01
  -1.2675641e-01
  -1.2614323e-01
  -9.9124186e-02
  -9.8395877e-02
  -9.6901506e-02
  -9.6354879e-02
  -9.5980667e-02
  -9.5955163e-02
  -9.7162984e-02
  -9.5476262e-02
  -9.6132793e-02
  -9.4075017e-02
  -8.8020034e-02
  -7.9943493e-02
  -6.6540197e-02
  -6.0425762e-02
  -6.4798839e-02
  -7.0398554e-02
  -5.4894019e-02
  -2.7677625e-02
  -2.2526779e-02
  -3.5797644e-02
  -5.1901549e-02
  -6.4565316e-02
  -7.3425546e-02
  -7.3578015e-02
  -7.7768754e-02
  -9.0980165e-02
  -9.3194954e-02
  -9.2670456e-02
  -9.2015602e-02
  -9.1361679e-02
  -9.3283370e-02
  -9.5345721e-02
  -1.0074338e-01
  -1.0154953e-01
  -1.0164166e-01
  -1.0171387e-01
  -3.9724424e-02
  -3.8915455e-02
  -3.8346544e-02
  -3.8144559e-02
  -3.8846895e-02
  -3.8200412e-02
  -4.0664982e-02
  -3.9429739e-02
  -4.1809242e-02
  -4.1586917e-02
  -3.8486928e-02
  -3.2144703e-02
  -1.9871041e-02
  -2.1092180e-02
  -2.3340764e-02
  -2.4824444e-02
  -1.8759344e-02
  -1.2744162e-02
  -0.0000000e+00
  -1.2739963e-02
  -2.5860916e-02
  -3.2760136e-02
  -2.1850733e-02
  -2.6544593e-02
  -2.3810560e-02
  -3.0854048e-02
  -3.4715451e-02
  -3.0890750e-02
  -3.3021044e-02
  -3.3547122e-02
  -3.6290612e-02
  -3.9225344e-02
  -4.2690031e-02
  -4.5588002e-02
  -4.4776075e-02
  -4.3817841e-02
   2.7275672e-02
   2.7512075e-02
   2.9055448e-02
   2.8167114e-02
   2.7433677e-02
   2.8986814e-02
   2.7327895e-02
   2.8841775e-02
   2.5660072e-02
   2.5861083e-02
   2.6121818e-02
   3.1021815e-02
   3.8211897e-02
   3.1843983e-02
   3.8478095e-02
   3.9961074e-02
   2.4923315e-02
   1.7795067e-02
   0.0000000e+00
   0.0000000e+00
  -0.0000000e+00
   5.7078751e-03
   3.2894572e-02
   3.0870934e-02
   3.8234735e-02
   4.2880628e-02
   4.1384868e-02
   4.4196352e-02
   3.7842721e-02
   3.5101891e-02
   2.8724631e-02
   2.4638431e-02
   2.2448849e-02
   2.0836908e-02
   2.1904670e-02
   2.3149844e-02
   8.3339520e-02
   8.2582586e-02
   8.6098172e-02
   8.4871858e-02
   8.5990146e-02
   8.8603415e-02
   8.9334518e-02
   9.2107661e-02
   8.9398533e-02
   9.2286587e-02
   9.1561936e-02
   9.5783219e-02
   9.7730175e-02
   9.4303496e-02
   1.1459107e-01
   1.1110617e-01
   6.8150945e-02
   4.3594471e-02
   0.0000000e+00
   0.0000000e+00
   0.0000000e+00
   4.6548809e-02
   7.9217806e-02
   8.7542161e-02
   1.0381345e-01
   1.0616568e-01
   1.1053506e-01
   1.1154988e-01
   1.0306247e-01
   9.8334461e-02
   8.7223686e-02
   8.2112655e-02
   7.8130871e-02
   7.8942612e-02
   7.9948626e-02
   8.0329686e-02
   1.0886554e-01
   1.0765279e-01
   1.1160407e-01
   1.1228841e-01
   1.1652898e-01
   1.2060460e-01
   1.2462516e-01
   1.2830412e-01
   1.2785386e-01
   1.3340865e-01
   1.3390806e-01
   1.3890707e-01
   1.3818169e-01
   1.4493307e-01
   1.7181040e-01
   1.5747277e-01
   1.0528904e-01
   0.0000000e+00
   0.0000000e+00
   0.0000000e+00
   0.0000000e+00
   7.5577520e-02
   9.6523128e-02
   1.0683734e-01
   1.2609610e-01
   1.2494932e-01
   1.3298345e-01
   1.3668717e-01
   1.3201275e-01
   1.2750994e-01
   1.1750573e-01
   1.1386488e-01
   1.0758328e-01
   1.0842022e-01
   1.0889890e-01
   1.0822279e-01
   8.1990026e-02
   8.2450949e-02
   8.4423259e-02
   8.7101236e-02
   9.0642244e-02
   9.3899652e-02
   9.7728387e-02
   9.9862598e-02
   1.0314472e-01
   1.0684238e-01
   1.0913742e-01
   1.1353979e-01
   1.1610875e-01
   1.3026722e-01
   1.4423659e-01
   1.3615359e-01
   1.0369350e-01
   5.1977677e-02
   4.4086123e-02
   4.3811123e-02
   5.2419931e-02
   6.5954164e-02
   6.9593430e-02
   7.2218738e-02
   8.3139747e-02
   8.5976228e-02
   8.8260889e-02
   9.2759393e-02
   9.4913267e-02
   9.3495108e-02
   9.0600774e-02
   9.0105772e-02
   8.7083466e-02
   8.5440911e-02
   8.4579632e-02
   8.3167933e-02
   5.3653423e-02
   5.3831618e-02
   5.3657267e-02
   5.5895701e-02
   5.7677381e-02
   5.9893876e-02
   6.0979720e-02
   6.1060693e-02
   6.3498698e-02
   6.2512271e-02
   6.3032612e-02
   6.4125560e-02
   6.4173825e-02
   6.8657495e-02
   6.5648027e-02
   6.2833987e-02
   6.5538876e-02
   5.6939151e-02
   5.4243024e-02
   5.4202490e-02
   5.0676417e-02
   4.5717619e-02
   4.3111313e-02
   3.8832217e-02
   4.1788854e-02
   4.9949303e-02
   5.0373625e-02
   5.2577294e-02
   5.6451727e-02
   5.5693619e-02
   5.4672871e-02
   5.5264954e-02
   5.7007421e-02
   5.5907540e-02
   5.4818723e-02
   5.4223407e-02
   1.9694822e-02
   2.0095151e-02
   2.0157484e-02
   2.0886259e-02
   2.1131368e-02
   2.1607729e-02
   2.1884464e-02
   2.3352161e-02
   2.4980050e-02
   2.3791969e-02
   2.3567133e-02
   2.3229377e-02
   2.2754727e-02
   2.3509044e-02
   2.1602614e-02
   2.3129936e-02
   2.7295630e-02
   2.9408745e-02
   3.0983025e-02
   2.9845363e-02
   2.6033385e-02
   2.1130929e-02
   1.8502042e-02
   1.5539959e-02
   1.3407807e-02
   1.4639018e-02
   1.4271064e-02
   1.5338561e-02
   1.7717676e-02
   1.8108197e-02
   1.7818848e-02
   1.7633233e-02
   1.8499075e-02
   1.8578948e-02
   1.8876133e-02
   1.9172369e-02
  -1.0471386e-03
  -7.3807623e-04
  -5.2870373e-04
  -4.6717349e-04
  -6.3105108e-04
  -6.7461620e-04
  -6.6792342e-04
  -5.9941149e-04
  -8.0282072e-04
  -1.1282134e-03
  -9.1127277e-04
  -7.8696862e-04
  -7.8908179e-04
  -4.8433378e-04
  -2.1707207e-04
  -1.5211990e-04
  -1.5070084e-04
  -2.9721626e-04
  -1.9253463e-04
   2.5713156e-04
   7.3761016e-04
   9.1022003e-04
   8.3235599e-04
   2.5747882e-04
  -1.1426004e-03
  -2.1331070e-03
  -2.4800396e-03
  -2.5944526e-03
  -2.5318998e-03
  -2.4534601e-03
  -2.3399096e-03
  -2.5398820e-03
  -2.5087311e-03
  -2.2871536e-03
  -1.8059709e-03
  -1.3259531e-03
  -1.0807676e-03
  -1.1442981e-03
  -1.2231856e-03
  -1.2673687e-03
  -1.3209129e-03
  -1.3555586e-03
  -1.4497597e-03
  -1.6018169e-03
  -1.7547071e-03
  -1.8645815e-03
  -1.8495653e-03
  -1.9094486e-03
  -2.0571216e-03
  -2.2215019e-03
  -2.3165480e-03
  -2.2790278e-03
  -2.0761108e-03
  -1.6555332e-03
  -1.1522280e-03
  -7.1772013e-04
  -5.7808380e-04
  -6.8560324e-04
  -8.8945759e-04
  -1.0632568e-03
  -1.2039546e-03
  -1.2508315e-03
  -1.2383903e-03
  -1.3766786e-03
  -1.5697103e-03
  -1.7649974e-03
  -1.7836510e-03
  -1.6953206e-03
  -1.4902926e-03
  -1.2826117e-03
  -1.1261980e-03
  -1.0360561e-03
