   1.7506554e-03
   1.5658444e-03
   1.4798926e-03
   1.3474567e-03
   1.2506529e-03
   7.3697765e-04
   7.3931365e-04
   5.8460972e-04
   2.9272344e-04
   3.3112458e-04
   3.4887801e-04
   3.9265673e-05
   0.0000000e+00
   0.0000000e+00
   0.0000000e+00
   0.0000000e+00
   0.0000000e+00
   0.0000000e+00
   0.0000000e+00
   0.0000000e+00
   0.0000000e+00
   0.0000000e+00
   0.0000000e+00
   0.0000000e+00
   0.0000000e+00
   0.0000000e+00
   0.0000000e+00
   0.0000000e+00
   0.0000000e+00
   0.0000000e+00
   1.4207232e-03
   2.0134954e-03
   2.5173807e-03
   2.4605940e-03
   2.3076710e-03
   1.6787098e-03
   0.0000000e+00
   0.0000000e+00
   0.0000000e+00
   0.0000000e+00
   0.0000000e+00
   0.0000000e+00
   0.0000000e+00
   0.0000000e+00
  -0.0000000e+00
   1.6707082e-03
   2.8670142e-03
   4.6992790e-04
  -3.9351832e-03
  -3.0268299e-03
  -2.0155981e-03
  -3.5478209e-03
  -3.6435124e-03
  -0.0000000e+00
   0.0000000e+00
   0.0000000e+00
   0.0000000e+00
   0.0000000e+00
   0.0000000e+00
   0.0000000e+00
   0.0000000e+00
   0.0000000e+00
   0.0000000e+00
   0.0000000e+00
   0.0000000e+00
   0.0000000e+00
   0.0000000e+00
   0.0000000e+00
   4.9400674e-03
   5.6459815e-03
   1.0722571e-02
   0.0000000e+00
   1.2999375e-02
  -4.1143484e-03
  -7.9212887e-03
  -7.4154399e-03
  -8.0387779e-03
  -7.8794509e-03
  -9.4705308e-03
  -1.0670557e-02
  -1.3190448e-02
  -1.1055648e-02
  -2.0647623e-03
  -1.1067113e-02
  -1.2827062e-02
  -8.3562319e-03
  -5.2767051e-03
  -4.6932576e-03
  -4.5231659e-03
  -0.0000000e+00
   0.0000000e+00
   0.0000000e+00
   0.0000000e+00
   0.0000000e+00
   0.0000000e+00
   0.0000000e+00
   0.0000000e+00
   0.0000000e+00
   0.0000000e+00
   0.0000000e+00
   0.0000000e+00
   0.0000000e+00
   0.0000000e+00
   0.0000000e+00
   6.5859291e-03
   5.7609887e-03
   1.0124228e-02
   1.6996164e-02
   6.6806137e-04
  -1.9332517e-02
  -2.6843684e-02
  -2.7928941e-02
  -2.8546961e-02
  -2.5935533e-02
  -2.5306433e-02
  -1.8775234e-02
  -1.8545996e-02
  -1.5072015e-02
  -1.3393756e-02
  -2.5129705e-02
  -0.0000000e+00
   0.0000000e+00
   0.0000000e+00
   0.0000000e+00
   0.0000000e+00
   0.0000000e+00
   0.0000000e+00
   0.0000000e+00
   0.0000000e+00
  -0.0000000e+00
  -1.1796128e-02
   0.0000000e+00
   0.0000000e+00
   0.0000000e+00
   0.0000000e+00
   0.0000000e+00
   0.0000000e+00
   0.0000000e+00
   0.0000000e+00
   0.0000000e+00
   4.5603799e-03
   2.9885270e-03
   3.3025716e-03
   7.2264438e-03
  -1.4610681e-02
  -2.4662873e-02
  -3.0376960e-02
  -3.2024849e-02
  -3.1093132e-02
  -2.8559761e-02
  -2.5428997e-02
  -1.8137388e-02
  -1.3391937e-02
  -1.3159999e-02
  -2.0176686e-02
  -3.6231688e-02
   0.0000000e+00
   0.0000000e+00
   0.0000000e+00
   0.0000000e+00
   0.0000000e+00
   0.0000000e+00
   0.0000000e+00
   0.0000000e+00
   0.0000000e+00
  -1.0352691e-02
  -2.1041080e-02
   0.0000000e+00
   0.0000000e+00
   0.0000000e+00
   0.0000000e+00
  -0.0000000e+00
  -0.0000000e+00
   0.0000000e+00
   0.0000000e+00
   0.0000000e+00
   5.8503523e-03
   6.1674993e-03
  -3.5997175e-04
  -5.2534109e-03
  -1.9381553e-02
  -2.2965310e-02
  -2.6441066e-02
  -2.8262654e-02
  -2.6348960e-02
  -2.3464480e-02
  -2.0444561e-02
  -1.6630419e-02
  -1.2840720e-02
  -1.2244557e-02
  -1.8722951e-02
  -3.2761771e-02
  -2.2244935e-02
   0.0000000e+00
   0.0000000e+00
   0.0000000e+00
   0.0000000e+00
   0.0000000e+00
   0.0000000e+00
  -0.0000000e+00
  -1.1779140e-02
  -3.6613178e-02
  -3.9525059e-02
   0.0000000e+00
   0.0000000e+00
   0.0000000e+00
  -0.0000000e+00
  -9.6040531e-03
  -1.3675642e-02
  -0.0000000e+00
   0.0000000e+00
   0.0000000e+00
   1.0380310e-02
   9.4609251e-03
  -4.4782632e-03
  -1.2989134e-02
  -1.5427178e-02
  -1.8853238e-02
  -2.0613905e-02
  -2.0689327e-02
  -1.7587913e-02
  -1.4219617e-02
  -1.3800013e-02
  -1.3082838e-02
  -1.2340362e-02
  -1.1737278e-02
  -1.3693275e-02
  -1.8819852e-02
  -6.2008527e-03
   0.0000000e+00
   0.0000000e+00
   0.0000000e+00
   0.0000000e+00
   0.0000000e+00
   0.0000000e+00
  -3.3087225e-03
  -2.8286377e-02
  -4.3992560e-02
  -2.8874946e-02
  -0.0000000e+00
  -0.0000000e+00
  -0.0000000e+00
  -4.2709627e-03
  -6.4458507e-03
  -8.2587544e-03
  -9.6115293e-03
   0.0000000e+00
   0.0000000e+00
   3.4363950e-03
  -2.5701746e-03
  -1.2214807e-02
  -1.3489081e-02
  -5.7723220e-03
  -1.0294496e-02
  -1.0856344e-02
  -8.6473925e-03
  -4.3368302e-03
  -1.8235433e-03
  -2.7042013e-03
  -4.5663267e-03
  -5.9100990e-03
  -8.0219591e-03
  -9.4467411e-03
  -2.5845105e-03
   9.8826839e-03
   1.1460363e-02
   1.1188381e-02
   0.0000000e+00
   0.0000000e+00
   2.4060820e-03
   8.3166527e-03
  -1.5351136e-03
  -2.9062042e-02
  -2.8715380e-02
  -7.2348900e-03
   4.2848270e-03
   1.4899498e-03
   2.8536274e-04
  -1.3536211e-03
   6.3543087e-03
   9.7756311e-03
   7.9757525e-03
   0.0000000e+00
   0.0000000e+00
   1.0183497e-03
  -5.3072525e-03
  -7.0283595e-03
  -3.8823211e-03
   5.8783880e-03
   2.4013962e-03
   2.9657707e-03
   6.8237488e-03
   1.1351950e-02
   1.2159085e-02
   1.2432138e-02
   8.5566966e-03
   5.7130600e-03
  -3.4301268e-04
  -3.1998139e-03
   1.3471507e-02
   2.4153320e-02
   2.4725886e-02
   2.1117003e-02
   0.0000000e+00
   0.0000000e+00
   7.1014091e-03
   1.0852327e-02
   3.1983750e-03
  -1.4562318e-02
  -2.5580290e-03
   1.5614218e-02
   1.8481199e-02
   1.5906829e-02
   1.3798447e-02
   1.2131292e-02
   2.8169073e-02
   2.7520988e-02
   2.0663970e-02
   0.0000000e+00
   0.0000000e+00
   5.7064812e-03
   4.3021389e-03
   8.0837896e-03
   1.0768861e-02
   1.6550504e-02
   1.6121814e-02
   1.7848751e-02
   2.2397695e-02
   2.5957206e-02
   2.5407456e-02
   2.7692584e-02
   2.2426963e-02
   1.7652422e-02
   9.0240566e-03
   7.1268799e-03
   2.7893091e-02
   3.0174221e-02
   3.2859816e-02
   3.5284758e-02
   1.3186808e-02
   0.0000000e+00
   1.5695965e-02
   1.7032400e-02
   0.0000000e+00
   4.5972303e-03
   2.1905374e-02
   3.5654590e-02
   3.0762250e-02
   2.8710719e-02
   2.6337001e-02
   2.8351026e-02
   4.7412734e-02
   3.8178106e-02
   0.0000000e+00
   0.0000000e+00
   0.0000000e+00
   0.0000000e+00
   2.0802384e-02
   2.5580129e-02
   2.4208890e-02
   2.2578653e-02
   2.4559323e-02
   2.7936416e-02
   3.1883944e-02
   3.3934847e-02
   3.2453217e-02
   3.4372903e-02
   2.8872460e-02
   2.2169601e-02
   1.6536910e-02
   2.0869158e-02
   3.8518559e-02
   2.9114095e-02
   0.0000000e+00
   4.4723840e-02
   1.3361927e-02
   0.0000000e+00
   0.0000000e+00
   1.9862563e-02
   0.0000000e+00
   2.1257814e-02
   4.0887937e-02
   5.1338416e-02
   3.4224579e-02
   2.7930669e-02
   2.5366940e-02
   3.6789279e-02
   5.4437719e-02
   3.5500794e-02
   0.0000000e+00
   0.0000000e+00
   0.0000000e+00
   0.0000000e+00
   3.5627589e-02
   3.4520093e-02
   2.8937133e-02
   1.7581830e-02
   1.9915085e-02
   2.3481797e-02
   2.6784513e-02
   2.7607238e-02
   2.5156781e-02
   2.4750980e-02
   1.9834785e-02
   1.5053550e-02
   1.4067211e-02
   2.1889871e-02
   3.5359681e-02
   2.2670688e-02
   2.1544575e-02
   3.8217204e-02
   0.0000000e+00
   0.0000000e+00
   0.0000000e+00
   1.8176530e-02
   2.5172777e-02
   2.7601853e-02
   4.5412239e-02
   5.5202577e-02
   3.3791258e-02
   0.0000000e+00
   0.0000000e+00
   3.0904561e-02
   4.5184694e-02
   2.7056474e-02
   9.5866968e-03
   0.0000000e+00
   0.0000000e+00
   0.0000000e+00
   3.2253481e-02
   2.6430003e-02
   2.0797031e-02
   8.3415005e-03
   1.0754556e-02
   1.3846028e-02
   1.7077262e-02
   1.7085519e-02
   1.4754888e-02
   1.3430472e-02
   8.9774663e-03
   7.0938673e-03
   8.6612785e-03
   1.7294887e-02
   2.7296301e-02
   1.7974833e-02
   2.2662792e-02
   2.7506144e-02
   0.0000000e+00
   0.0000000e+00
   0.0000000e+00
   1.5763377e-02
   2.8106222e-02
   2.9436696e-02
   4.2564660e-02
   5.1602267e-02
   2.5333816e-02
   0.0000000e+00
   0.0000000e+00
   0.0000000e+00
   3.2505844e-02
   1.8844711e-02
   4.0196149e-03
   0.0000000e+00
   0.0000000e+00
   2.1051376e-02
   2.0342065e-02
   1.4028843e-02
   9.8553468e-03
  -2.3320471e-03
   1.2592741e-04
   2.3699070e-03
   5.3909207e-03
   4.7054361e-03
   2.9512392e-03
   1.3787207e-03
  -2.5629529e-03
  -1.5008952e-03
   1.3023270e-03
   9.4992463e-03
   1.5628727e-02
   1.0911814e-02
   2.1290427e-02
   1.7432540e-02
   0.0000000e+00
   0.0000000e+00
   0.0000000e+00
   0.0000000e+00
   2.6692897e-02
   2.8026847e-02
   3.6013659e-02
   4.1231703e-02
   1.7141408e-02
   6.7590990e-03
   6.1587180e-03
   0.0000000e+00
   1.8692266e-02
   9.2976429e-03
  -2.4615723e-03
   0.0000000e+00
   0.0000000e+00
   1.1972678e-02
   5.6791753e-03
   5.7784596e-04
  -1.8430899e-03
  -1.2298666e-02
  -9.8183444e-03
  -8.8815978e-03
  -7.1579516e-03
  -8.5830893e-03
  -9.5141791e-03
  -1.0675695e-02
  -1.3799747e-02
  -1.1005615e-02
  -9.4576115e-03
  -2.9925476e-03
  -1.3102880e-03
  -2.3460928e-03
   1.5794188e-02
   7.0533572e-03
  -7.4966149e-03
   0.0000000e+00
   0.0000000e+00
   0.0000000e+00
   1.6350639e-02
   2.1469034e-02
   2.5233299e-02
   1.9459458e-02
   7.6599829e-03
   2.6720671e-03
   5.5283430e-03
   0.0000000e+00
   0.0000000e+00
  -1.1359305e-03
  -9.2268542e-03
  -5.7735724e-03
   0.0000000e+00
   1.4504873e-03
  -7.7635683e-03
  -1.0245742e-02
  -1.1876254e-02
  -1.1489843e-02
  -9.7710183e-03
  -9.5213857e-03
  -8.3954697e-03
  -1.0413084e-02
  -1.0480443e-02
  -1.2524104e-02
  -1.4035653e-02
  -1.2368631e-02
  -1.2505145e-02
  -8.8033658e-03
  -1.2143143e-02
  -9.1654845e-03
   1.7149906e-04
  -3.2786032e-03
  -3.6345365e-03
   0.0000000e+00
   0.0000000e+00
   0.0000000e+00
   7.8936426e-03
   1.5850058e-02
   1.4287084e-02
   4.8287264e-03
   3.9152652e-03
   6.3219690e-03
   4.7003776e-03
   3.6465537e-03
   0.0000000e+00
  -5.1434276e-03
  -1.1403727e-02
  -3.1503809e-03
   5.1655611e-03
  -9.7926869e-04
  -8.4969373e-03
  -9.4397236e-03
  -1.1802406e-02
  -8.0673639e-03
  -7.0626447e-03
  -7.5133862e-03
  -6.2843869e-03
  -8.4398109e-03
  -8.1885913e-03
  -1.0715891e-02
  -1.1437953e-02
  -1.0738297e-02
  -1.1771221e-02
  -9.9496990e-03
  -1.5421019e-02
  -1.1250025e-02
  -1.2454606e-02
  -1.2723548e-02
   1.0199938e-03
   0.0000000e+00
   0.0000000e+00
   0.0000000e+00
   3.1877727e-03
   1.3866415e-02
   6.3353307e-03
  -3.0399791e-03
   2.9777568e-03
   7.7695735e-03
   2.7422265e-03
  -1.5420592e-03
   0.0000000e+00
  -0.0000000e+00
  -1.0942110e-02
  -1.1611870e-03
   4.9760351e-03
  -3.7711469e-04
  -6.3317753e-03
  -6.6647632e-03
  -8.5529415e-03
  -2.9669357e-03
  -2.4704211e-03
  -3.6167882e-03
  -1.9500066e-03
  -3.8514272e-03
  -3.4223266e-03
  -5.7943501e-03
  -5.9835012e-03
  -5.8044437e-03
  -7.1491916e-03
  -6.2838462e-03
  -1.2008670e-02
  -8.5224248e-03
  -2.0338695e-02
  -1.9414514e-02
   6.1912907e-03
   0.0000000e+00
   0.0000000e+00
   0.0000000e+00
   1.4782195e-03
   1.2769018e-02
   3.7791417e-04
  -6.8539362e-03
   4.1421317e-03
   9.1781737e-03
   1.8538920e-03
  -4.9154475e-03
  -0.0000000e+00
  -0.0000000e+00
  -8.4899710e-03
   1.7232125e-03
   4.4270004e-03
   2.0369617e-03
  -2.3519685e-03
  -2.5839754e-03
  -3.3768613e-03
   6.3243294e-03
   6.0067368e-03
   5.4727243e-03
   6.0410085e-03
   4.9250168e-03
   4.6943063e-03
   2.9829063e-03
   2.8646353e-03
   1.8839316e-03
   5.7934609e-04
  -4.4528727e-04
  -4.8882216e-03
  -3.6782245e-03
  -2.2247953e-02
  -2.6221113e-02
  -4.6476349e-04
   0.0000000e+00
   0.0000000e+00
  -0.0000000e+00
   6.8016956e-04
   9.8504493e-03
   6.4967270e-04
  -9.2671374e-03
  -2.2577491e-04
   2.2311662e-03
  -2.2680440e-03
  -8.5105551e-03
  -4.3487374e-03
   0.0000000e+00
  -8.9875620e-04
   3.4101852e-03
   5.8916463e-03
   6.9940044e-03
   5.8274264e-03
   5.6766453e-03
   6.1609223e-03
   9.0138689e-03
   8.7810270e-03
   9.1470107e-03
   8.6610215e-03
   8.0123087e-03
   7.8444127e-03
   6.7686331e-03
   7.1405373e-03
   5.6731985e-03
   4.7091031e-03
   2.0577663e-03
  -3.6905650e-03
  -6.4514531e-03
  -2.4874283e-02
  -2.8208878e-02
  -7.9517674e-03
   0.0000000e+00
   0.0000000e+00
  -0.0000000e+00
  -2.9992147e-03
   7.4364999e-03
   3.7054147e-03
  -8.9134313e-03
  -7.2454279e-03
  -7.0839394e-03
  -7.6571363e-03
  -1.1008188e-02
  -8.4100998e-03
  -9.6429480e-05
   1.4718061e-03
   4.2054341e-03
   6.7544649e-03
   7.0954929e-03
   8.0181165e-03
   8.0069797e-03
   8.3857011e-03
   8.2075167e-03
   8.4200893e-03
   9.4556902e-03
   8.3846664e-03
   8.0779213e-03
   8.2652746e-03
   8.1150467e-03
   9.0709152e-03
   7.6263580e-03
   6.6027590e-03
   2.8799355e-03
  -3.5580902e-03
  -9.2311734e-03
  -2.6779667e-02
  -3.2167949e-02
  -1.7113237e-02
  -0.0000000e+00
   0.0000000e+00
  -0.0000000e+00
  -8.5702529e-03
   3.5353366e-03
   5.9959477e-03
  -0.0000000e+00
  -1.4884042e-02
  -1.7798427e-02
  -1.3482591e-02
  -1.5140291e-02
  -1.3650804e-02
  -3.9461860e-03
   3.0404562e-04
   2.3073487e-03
   4.4137477e-03
   4.1362694e-03
   6.4595127e-03
   6.8139932e-03
   7.0770569e-03
   1.5834371e-03
   2.8281859e-03
   3.9679059e-03
   3.6546327e-03
   3.1055915e-03
   4.2085913e-03
   4.7720689e-03
   6.6421940e-03
   6.2816157e-03
   4.7877170e-03
   1.3679768e-03
  -5.6238575e-03
  -1.0735058e-02
  -2.9019719e-02
  -3.7256716e-02
  -2.8166225e-02
  -3.5129444e-02
  -3.0660973e-02
  -2.6284694e-02
  -1.8888326e-02
  -3.3614688e-03
  -2.3361380e-03
  -0.0000000e+00
  -2.3913495e-02
  -3.1896833e-02
  -2.1293782e-02
  -2.1994954e-02
  -1.9897727e-02
  -1.2630873e-02
  -8.1104254e-03
  -4.0086987e-03
  -2.9956787e-03
  -3.2265603e-03
  -1.4281967e-03
  -2.1593727e-04
  -1.7819941e-04
  -1.4482557e-02
  -1.2295175e-02
  -1.1632822e-02
  -1.0359573e-02
  -1.1368833e-02
  -1.0150053e-02
  -9.6832011e-03
  -7.8872060e-03
  -6.3062469e-03
  -7.5515611e-03
  -8.8852039e-03
  -1.4981042e-02
  -1.8285582e-02
  -3.4907725e-02
  -4.7130886e-02
  -3.7056677e-02
  -4.3108463e-02
  -4.8234805e-02
  -4.7025068e-02
  -3.2607529e-02
  -1.3319667e-02
  -0.0000000e+00
  -1.5408555e-02
  -2.9302157e-02
  -3.6266122e-02
  -2.9332716e-02
  -3.3244602e-02
  -2.8977176e-02
  -2.6169777e-02
  -2.5641609e-02
  -2.0479783e-02
  -1.8508116e-02
  -1.7148230e-02
  -1.8456869e-02
  -1.6823769e-02
  -1.5846409e-02
  -2.7857063e-02
  -2.6190013e-02
  -2.4884285e-02
  -2.3379631e-02
  -2.3815485e-02
  -2.3587279e-02
  -2.3032628e-02
  -2.1644847e-02
  -1.9642167e-02
  -1.9320579e-02
  -1.9584086e-02
  -2.2988323e-02
  -2.6151327e-02
  -3.5600871e-02
  -4.9123041e-02
  -4.6652850e-02
  -4.6033766e-02
  -5.6409698e-02
  -5.8533214e-02
  -4.1957475e-02
  -2.0774427e-02
  -0.0000000e+00
  -2.5250588e-02
  -3.4114223e-02
  -3.6567464e-02
  -3.5969079e-02
  -3.8978264e-02
  -3.8230233e-02
  -3.7726171e-02
  -3.8323428e-02
  -3.5247009e-02
  -3.1407189e-02
  -2.9691756e-02
  -3.1377025e-02
  -3.0215954e-02
  -2.8634392e-02
  -3.9229050e-02
  -3.8690735e-02
  -3.6440507e-02
  -3.5156671e-02
  -3.4621011e-02
  -3.5575621e-02
  -3.4972113e-02
  -3.3968188e-02
  -3.2207560e-02
  -2.9824594e-02
  -2.9377304e-02
  -2.9348521e-02
  -3.1666011e-02
  -3.2529052e-02
  -4.4757169e-02
  -5.4863218e-02
  -4.8636574e-02
  -5.9132755e-02
  -6.5718949e-02
  -4.7532413e-02
  -2.4898831e-02
  -2.2694390e-02
  -3.5776101e-02
  -3.9921701e-02
  -3.6902569e-02
  -4.1315977e-02
  -4.2052843e-02
  -4.6087034e-02
  -4.7468238e-02
  -4.7500961e-02
  -4.7134496e-02
  -4.1802932e-02
  -4.0612448e-02
  -4.1604754e-02
  -4.1175582e-02
  -3.9435185e-02
  -4.7264736e-02
  -4.8511542e-02
  -4.5265626e-02
  -4.4204365e-02
  -4.2478301e-02
  -4.4314638e-02
  -4.4239663e-02
  -4.2965412e-02
  -4.2182952e-02
  -3.7337597e-02
  -3.6458727e-02
  -3.2337647e-02
  -2.9799975e-02
  -2.2371549e-02
  -3.2269448e-02
  -6.3790679e-02
  -5.5890724e-02
  -5.2444756e-02
  -5.9603661e-02
  -4.3638602e-02
  -2.6921520e-02
  -1.8904574e-02
  -3.8421966e-02
  -4.8984699e-02
  -3.9469227e-02
  -4.4342015e-02
  -4.2314626e-02
  -5.0759885e-02
  -5.4609619e-02
  -5.0753165e-02
  -5.2486803e-02
  -4.7706734e-02
  -4.8427802e-02
  -4.8048723e-02
  -4.8172213e-02
  -4.7339249e-02
  -3.7007209e-02
  -3.9223880e-02
  -3.7561737e-02
  -3.5425898e-02
  -3.3997457e-02
  -3.3714425e-02
  -3.5851322e-02
  -3.3424590e-02
  -3.3300884e-02
  -3.0892843e-02
  -2.9538983e-02
  -2.4858162e-02
  -1.6569871e-02
  -1.2123899e-02
  -1.8631784e-02
  -5.4490283e-02
  -6.0469311e-02
  -4.0762488e-02
  -4.0501271e-02
  -2.5503609e-02
  -1.6575607e-02
  -1.2750652e-02
  -2.1371406e-02
  -4.2866465e-02
  -3.5596459e-02
  -3.4549952e-02
  -3.4901991e-02
  -3.6314301e-02
  -4.3441683e-02
  -3.9994225e-02
  -3.9262179e-02
  -3.5068192e-02
  -3.5207171e-02
  -3.8832773e-02
  -3.8170446e-02
  -3.8741332e-02
  -2.0553004e-02
  -2.1596339e-02
  -2.1329587e-02
  -1.8415671e-02
  -1.7243795e-02
  -1.5431691e-02
  -1.8206997e-02
  -1.6228477e-02
  -1.5002260e-02
  -1.5413396e-02
  -1.4045727e-02
  -1.1243653e-02
  -5.3075175e-03
  -5.1948526e-03
  -6.3022324e-03
  -3.0832833e-02
  -4.7325503e-02
  -3.8432851e-02
  -0.0000000e+00
  -1.7260486e-02
  -6.7979272e-03
  -8.3833113e-03
  -6.0047195e-03
  -2.1845948e-02
  -1.9778261e-02
  -1.6088998e-02
  -1.7410612e-02
  -1.5758485e-02
  -2.1382757e-02
  -2.1824609e-02
  -2.1432914e-02
  -1.6925335e-02
  -1.5229489e-02
  -2.1384494e-02
  -2.1672055e-02
  -2.2667553e-02
  -5.0242660e-03
  -4.7346693e-03
  -4.1095312e-03
  -1.5637602e-03
   1.2523573e-04
   2.0460191e-03
   5.7510851e-04
   1.1357531e-03
   2.8354768e-03
   2.2546812e-03
   2.9446520e-03
   2.5685264e-03
   2.4551749e-03
   3.5159090e-03
   8.6366534e-03
  -3.8638371e-03
  -2.1217663e-02
  -1.9628982e-02
  -0.0000000e+00
  -0.0000000e+00
  -0.0000000e+00
  -7.9128379e-03
   1.7688262e-03
  -6.3248462e-04
  -2.6299496e-03
   3.4994192e-03
   5.0026802e-03
   5.1036049e-03
   1.6562924e-03
  -8.4127387e-04
  -1.5941948e-03
   1.0722218e-03
   2.4316609e-03
  -2.4047345e-03
  -4.8337467e-03
  -6.4192466e-03
   8.1668012e-03
   9.6313767e-03
   1.1867309e-02
   1.3401886e-02
   1.5723281e-02
   1.6209541e-02
   1.7395165e-02
   1.6080681e-02
   1.7629243e-02
   1.9310853e-02
   1.8318908e-02
   1.4468896e-02
   9.2051718e-03
   1.7722216e-02
   2.4016792e-02
   1.8808324e-02
   1.2174195e-02
   8.8304808e-03
   0.0000000e+00
   0.0000000e+00
  -0.0000000e+00
  -1.1175378e-02
  -1.8362880e-03
   1.1642508e-02
   1.3063950e-02
   1.7871264e-02
   2.5165346e-02
   2.3575429e-02
   2.2156980e-02
   2.0101903e-02
   1.9664751e-02
   1.8229106e-02
   1.6496226e-02
   1.5026384e-02
   1.0440839e-02
   8.5775284e-03
   1.8344348e-02
   1.9783290e-02
   2.2810530e-02
   2.3964660e-02
   2.6449794e-02
   2.5946595e-02
   2.9115591e-02
   2.7725128e-02
   2.9292829e-02
   3.2121204e-02
   2.9332666e-02
   2.4192505e-02
   1.9497117e-02
   3.3823855e-02
   3.3834465e-02
   3.3938345e-02
   4.1644512e-02
   0.0000000e+00
   0.0000000e+00
   0.0000000e+00
  -0.0000000e+00
  -1.2969656e-02
  -9.7630881e-03
   6.3513312e-03
   1.8556336e-02
   2.3054874e-02
   3.2301992e-02
   3.4095518e-02
   3.4629200e-02
   3.3226442e-02
   3.5524387e-02
   3.2322999e-02
   2.7270174e-02
   2.7230114e-02
   2.1955026e-02
   2.0359883e-02
   1.8886464e-02
   1.8913668e-02
   2.0694084e-02
   2.2257812e-02
   2.4259625e-02
   2.5005031e-02
   2.6542181e-02
   2.7118167e-02
   2.7089082e-02
   2.7755151e-02
   2.7042858e-02
   2.5062665e-02
   2.5792886e-02
   3.2686479e-02
   2.7596645e-02
   3.8440488e-02
   5.1268577e-02
   2.4910537e-02
   1.6300176e-02
   5.0124927e-03
  -1.0260371e-02
  -9.5465882e-03
  -1.0632418e-02
  -1.6443159e-03
   1.6603345e-02
   2.0168263e-02
   2.3985151e-02
   2.9447619e-02
   2.9010624e-02
   2.7078200e-02
   3.0977698e-02
   3.1434268e-02
   2.6955867e-02
   2.5422167e-02
   2.2263980e-02
   1.9989159e-02
   1.3670906e-02
   1.2267985e-02
   1.2788926e-02
   1.4167558e-02
   1.5901422e-02
   1.7810170e-02
   1.8245032e-02
   1.9668331e-02
   1.6709248e-02
   1.5681330e-02
   1.7907480e-02
   1.6631948e-02
   1.7340226e-02
   1.5974203e-02
   1.5011504e-02
   2.6872253e-02
   3.2517113e-02
   2.3080908e-02
   1.6148258e-02
   6.5232064e-03
  -2.8876332e-03
  -3.7730052e-03
  -7.6367687e-03
  -5.5911224e-03
   7.1861204e-03
   1.1644254e-02
   1.2923505e-02
   1.6453091e-02
   1.6959272e-02
   1.6534338e-02
   1.9509953e-02
   2.2127450e-02
   1.9145066e-02
   1.7761501e-02
   1.7535763e-02
   1.4904505e-02
   3.1175613e-03
   2.7131117e-03
   3.1522128e-03
   3.2781372e-03
   3.6910444e-03
   4.7428375e-03
   5.1522846e-03
   5.3122477e-03
   3.6957548e-03
   4.4968831e-03
   6.7019104e-03
   4.6455828e-03
   4.1167741e-03
   4.1206339e-03
   4.5899618e-03
   8.6654760e-03
   9.1988649e-03
   9.0865437e-03
   8.9342901e-03
   5.5700573e-03
   2.3570387e-03
   4.0776547e-05
  -2.7351035e-03
  -4.4281245e-03
  -1.4212336e-03
   2.3005339e-03
   3.6258542e-03
   2.8819281e-03
   3.0934671e-03
   4.8660552e-03
   5.7448414e-03
   5.8459807e-03
   4.6333405e-03
   4.5808554e-03
   5.2110478e-03
   3.9625796e-03
  -1.7245574e-03
  -1.6511152e-03
  -1.1974123e-03
  -1.0853624e-03
  -9.9888735e-04
  -1.0410327e-03
  -1.0609874e-03
  -1.3381921e-03
  -1.2750409e-03
  -5.8141630e-04
  -4.2558004e-05
  -4.8003384e-04
  -1.0603602e-03
  -1.0619105e-03
  -1.1946299e-03
  -1.1595769e-03
  -1.1927362e-03
  -1.5295082e-04
   8.8590599e-04
   1.0558388e-03
   8.2577206e-04
   9.5787364e-05
  -6.3329941e-04
  -1.8574791e-03
  -2.1609250e-03
  -1.4916266e-03
  -1.1270276e-03
  -1.7333922e-03
  -1.9738784e-03
  -7.0585555e-04
   8.4712025e-05
  -1.9283866e-06
  -4.3635815e-04
  -5.3049141e-04
  -7.7050162e-04
  -1.3395465e-03
  -1.1449567e-03
  -1.1492105e-03
  -9.0314721e-04
  -6.6402997e-04
  -4.6780813e-04
  -4.5256095e-04
  -4.9133424e-04
  -5.9434591e-04
  -5.7620095e-04
  -5.3695380e-04
  -5.9081212e-04
  -7.6983788e-04
  -1.0721775e-03
  -1.2227291e-03
  -1.2876147e-03
  -1.1669191e-03
  -1.0871603e-03
  -8.4601494e-04
  -7.5826608e-04
  -7.7570812e-04
  -8.1211212e-04
  -7.8358763e-04
  -5.1498105e-04
  -3.1214545e-04
  -1.1492858e-04
  -1.4759910e-04
  -3.4179960e-04
  -6.5441884e-04
  -7.5602595e-04
  -4.6237325e-04
  -1.2575841e-04
   9.4202835e-05
   2.0090965e-05
  -1.8361140e-04
  -5.4032559e-04
  -9.0169878e-04
