   5.8484408e-04
   4.3677978e-04
   3.0606284e-04
   1.7697753e-04
  -6.8562658e-05
  -3.0935986e-04
  -5.2163476e-04
  -7.0038374e-04
  -7.5477880e-04
  -7.5720256e-04
  -6.7916712e-04
  -8.1666429e-04
  -0.0000000e+00
   0.0000000e+00
   0.0000000e+00
   0.0000000e+00
   0.0000000e+00
   0.0000000e+00
   0.0000000e+00
   0.0000000e+00
   0.0000000e+00
   0.0000000e+00
   0.0000000e+00
   0.0000000e+00
   0.0000000e+00
   0.0000000e+00
   0.0000000e+00
   0.0000000e+00
   0.0000000e+00
   0.0000000e+00
   1.9538254e-03
   1.7416333e-03
   1.5939489e-03
   1.3496138e-03
   1.0297193e-03
   7.8196416e-04
  -0.0000000e+00
  -0.0000000e+00
  -0.0000000e+00
  -0.0000000e+00
  -0.0000000e+00
  -0.0000000e+00
  -0.0000000e+00
  -0.0000000e+00
  -0.0000000e+00
  -2.4170229e-03
  -2.5600000e-03
  -2.2318507e-03
  -7.9720286e-04
   0.0000000e+00
   0.0000000e+00
   0.0000000e+00
   0.0000000e+00
   0.0000000e+00
   0.0000000e+00
   0.0000000e+00
   0.0000000e+00
   0.0000000e+00
   0.0000000e+00
   0.0000000e+00
   0.0000000e+00
   0.0000000e+00
   0.0000000e+00
   0.0000000e+00
   0.0000000e+00
   0.0000000e+00
   0.0000000e+00
   0.0000000e+00
   5.4036733e-04
   3.5755606e-04
  -7.7669214e-05
  -0.0000000e+00
   2.0896284e-02
   1.7647414e-02
   8.9563909e-03
   4.5519654e-03
   3.1025485e-03
   3.6873333e-03
   4.1450863e-03
   5.1526809e-03
   6.1761298e-03
   6.8116289e-03
   3.0817355e-03
   4.9276790e-03
   8.4697725e-03
   1.0865650e-02
   1.0720374e-02
   8.0453328e-03
   5.3513146e-03
   0.0000000e+00
   0.0000000e+00
   0.0000000e+00
   0.0000000e+00
   0.0000000e+00
   0.0000000e+00
   0.0000000e+00
   0.0000000e+00
   0.0000000e+00
   0.0000000e+00
   0.0000000e+00
   0.0000000e+00
   0.0000000e+00
   0.0000000e+00
   0.0000000e+00
   2.7727701e-03
   4.2292020e-03
   9.5207772e-03
   1.5711935e-02
   9.0019345e-02
   9.3075268e-02
   7.1220957e-02
   5.7340283e-02
   4.8991159e-02
   4.6205927e-02
   4.3300640e-02
   3.8858704e-02
   3.7467193e-02
   2.7895998e-02
   2.0474171e-02
   1.9640770e-02
   0.0000000e+00
   0.0000000e+00
   0.0000000e+00
   0.0000000e+00
   0.0000000e+00
   0.0000000e+00
   0.0000000e+00
   0.0000000e+00
   0.0000000e+00
   0.0000000e+00
   0.0000000e+00
   0.0000000e+00
   0.0000000e+00
   0.0000000e+00
   0.0000000e+00
   0.0000000e+00
   0.0000000e+00
   0.0000000e+00
   0.0000000e+00
   0.0000000e+00
   7.9514951e-03
   1.1007195e-02
   1.9805896e-02
   4.2101856e-02
   1.1931273e-01
   1.4937542e-01
   1.3740987e-01
   1.2161802e-01
   1.0381608e-01
   8.9646988e-02
   8.2086869e-02
   7.1047604e-02
   6.9482766e-02
   5.7838295e-02
   4.8999503e-02
   4.6048291e-02
   0.0000000e+00
   0.0000000e+00
   0.0000000e+00
   0.0000000e+00
   0.0000000e+00
   0.0000000e+00
   0.0000000e+00
   0.0000000e+00
   0.0000000e+00
   1.8870218e-02
   1.2753670e-02
   0.0000000e+00
   0.0000000e+00
   0.0000000e+00
   0.0000000e+00
   0.0000000e+00
   0.0000000e+00
   0.0000000e+00
   0.0000000e+00
   0.0000000e+00
   1.5260663e-02
   2.0876037e-02
   3.1589649e-02
   5.8473963e-02
   1.1437665e-01
   1.4441665e-01
   1.4637044e-01
   1.3539627e-01
   1.1966495e-01
   1.0345561e-01
   9.2918247e-02
   8.1168458e-02
   8.1996754e-02
   7.7044114e-02
   7.6317452e-02
   6.6519462e-02
   4.5391217e-02
   0.0000000e+00
   0.0000000e+00
   0.0000000e+00
   0.0000000e+00
   0.0000000e+00
   0.0000000e+00
   0.0000000e+00
   3.0896594e-02
   5.1770296e-02
   4.0965699e-02
   0.0000000e+00
   0.0000000e+00
   0.0000000e+00
   0.0000000e+00
   4.0815439e-02
   2.8198817e-02
   0.0000000e+00
   0.0000000e+00
   0.0000000e+00
   2.8253188e-02
   4.8578598e-02
   6.1392207e-02
   8.0922514e-02
   9.4096377e-02
   1.0894484e-01
   1.1346126e-01
   1.0902562e-01
   1.0184305e-01
   9.3178205e-02
   8.4511474e-02
   7.5752474e-02
   7.7194795e-02
   7.7520482e-02
   7.9611465e-02
   6.5931588e-02
   3.4793146e-02
   0.0000000e+00
   0.0000000e+00
   0.0000000e+00
   0.0000000e+00
   0.0000000e+00
   0.0000000e+00
   4.4871869e-02
   5.9648789e-02
   8.8324800e-02
   5.8993697e-02
   0.0000000e+00
   0.0000000e+00
   0.0000000e+00
   3.9586691e-02
   5.0066517e-02
   4.7754314e-02
   2.6359255e-02
   0.0000000e+00
   0.0000000e+00
   4.7752961e-02
   7.7987008e-02
   8.1878848e-02
   8.5486904e-02
   5.0818961e-02
   5.2660830e-02
   5.4848693e-02
   5.4243576e-02
   5.2973639e-02
   5.1054537e-02
   4.8770081e-02
   4.4351730e-02
   4.4550389e-02
   4.6344470e-02
   4.9650397e-02
   4.1790128e-02
   2.2317066e-02
   1.7274536e-02
   1.5502415e-02
   0.0000000e+00
   0.0000000e+00
   9.4195512e-03
   2.5796206e-02
   4.8033809e-02
   7.2530009e-02
   8.2674891e-02
   4.7664486e-02
   1.8409104e-02
   1.7517331e-02
   2.2959660e-02
   3.8482183e-02
   5.3041331e-02
   4.3153614e-02
   1.8960232e-02
   0.0000000e+00
   0.0000000e+00
   3.9008778e-02
   6.1068729e-02
   5.7295304e-02
   5.3323273e-02
  -1.0673595e-02
  -1.0174225e-02
  -8.7944223e-03
  -7.2474428e-03
  -7.9771532e-03
  -6.8428461e-03
  -6.0151215e-03
  -8.4238909e-03
  -1.0073540e-02
  -5.7324045e-03
   2.3105517e-03
   3.8250561e-03
  -8.5107505e-04
   2.5106363e-03
   6.4039826e-03
   0.0000000e+00
  -0.0000000e+00
  -9.2027010e-04
   1.5146984e-02
   2.9980888e-02
   3.6916725e-02
   3.5583489e-02
   1.3546046e-02
  -6.4912634e-03
  -5.8401539e-03
  -1.8276762e-03
   9.0934513e-03
   1.3739326e-02
   3.9848131e-03
  -6.7994404e-04
   0.0000000e+00
   0.0000000e+00
   6.8859302e-03
   6.1059990e-03
   9.9632030e-05
  -7.6726465e-03
  -5.8464907e-02
  -5.7641722e-02
  -5.7237778e-02
  -5.5485561e-02
  -5.8602292e-02
  -5.5996496e-02
  -5.6930136e-02
  -5.5907916e-02
  -6.0953178e-02
  -5.5755880e-02
  -4.2346854e-02
  -3.8278963e-02
  -2.3997860e-02
  -1.0472929e-02
  -3.0275327e-03
  -3.2797245e-03
  -0.0000000e+00
  -1.3484283e-02
  -4.2124788e-03
   0.0000000e+00
  -1.2542125e-02
  -2.3587964e-02
  -2.7548362e-02
  -3.9209332e-02
  -3.3218514e-02
  -3.0938642e-02
  -3.3541504e-02
  -3.7508249e-02
  -3.0297501e-02
  -0.0000000e+00
   0.0000000e+00
   0.0000000e+00
  -0.0000000e+00
  -4.3388914e-02
  -4.8371222e-02
  -5.7422269e-02
  -7.5404480e-02
  -7.7002496e-02
  -7.9111479e-02
  -7.6472707e-02
  -7.9772577e-02
  -7.6182827e-02
  -7.9021499e-02
  -7.4884824e-02
  -7.8711614e-02
  -7.8050137e-02
  -6.9281280e-02
  -6.6736788e-02
  -3.7359344e-02
  -0.0000000e+00
  -6.9022568e-03
  -2.1656177e-03
   0.0000000e+00
  -0.0000000e+00
  -1.6801209e-02
  -0.0000000e+00
  -4.3758765e-02
  -6.7382552e-02
  -6.3751452e-02
  -5.4105245e-02
  -3.9694555e-02
  -3.8870990e-02
  -5.2176349e-02
  -6.5901086e-02
  -4.5199655e-02
  -0.0000000e+00
   0.0000000e+00
   0.0000000e+00
  -0.0000000e+00
  -6.7666821e-02
  -7.0302777e-02
  -7.4834362e-02
  -7.0251256e-02
  -7.4434862e-02
  -7.9657465e-02
  -7.6459482e-02
  -7.8011051e-02
  -7.3708266e-02
  -7.5575277e-02
  -7.0854604e-02
  -7.1510427e-02
  -7.6203726e-02
  -7.6016180e-02
  -7.6105423e-02
  -4.1495187e-02
  -1.8197866e-02
  -3.3780005e-03
   2.7957583e-04
   0.0000000e+00
  -0.0000000e+00
  -2.1441849e-02
  -3.3257134e-02
  -5.9411868e-02
  -8.8012867e-02
  -8.7185487e-02
  -5.6374891e-02
  -0.0000000e+00
  -0.0000000e+00
  -5.1276674e-02
  -7.1643829e-02
  -4.7036126e-02
  -1.2450054e-02
   0.0000000e+00
   0.0000000e+00
  -0.0000000e+00
  -7.0226096e-02
  -7.0219517e-02
  -6.8910822e-02
  -4.7271881e-02
  -5.2536037e-02
  -6.0777318e-02
  -5.8205582e-02
  -5.6612641e-02
  -5.2024793e-02
  -4.9138390e-02
  -4.6792995e-02
  -4.3998461e-02
  -5.3240638e-02
  -6.2409639e-02
  -6.4602822e-02
  -3.9588876e-02
  -1.7208496e-02
  -9.5296807e-03
   8.3131728e-04
   0.0000000e+00
   0.0000000e+00
  -2.1302040e-02
  -4.4541858e-02
  -6.1727028e-02
  -8.4152594e-02
  -9.5249154e-02
  -4.6196234e-02
  -0.0000000e+00
   0.0000000e+00
  -0.0000000e+00
  -5.5073682e-02
  -3.8954634e-02
  -7.3238836e-03
  -0.0000000e+00
   0.0000000e+00
  -3.7048114e-02
  -5.3494278e-02
  -5.0683320e-02
  -4.4372600e-02
  -2.1070307e-02
  -2.3867402e-02
  -3.0500021e-02
  -3.0809762e-02
  -2.7531184e-02
  -2.4996772e-02
  -1.9565871e-02
  -1.9006755e-02
  -1.7900214e-02
  -2.7720058e-02
  -3.8703579e-02
  -4.0561598e-02
  -3.0307751e-02
  -9.5922779e-03
  -2.5437477e-03
   4.0833006e-03
   0.0000000e+00
   0.0000000e+00
  -0.0000000e+00
  -3.7176121e-02
  -4.9873240e-02
  -5.5571038e-02
  -6.9105700e-02
  -2.7337274e-02
  -8.5559408e-03
  -9.6795358e-03
   0.0000000e+00
  -3.1871304e-02
  -2.5859833e-02
  -1.6225516e-03
   0.0000000e+00
  -0.0000000e+00
  -1.9623124e-02
  -2.6755659e-02
  -2.2965476e-02
  -1.6858688e-02
  -1.4754384e-02
  -1.4670698e-02
  -1.8426253e-02
  -1.8700706e-02
  -1.4553355e-02
  -1.3706741e-02
  -8.9140376e-03
  -9.6939141e-03
  -9.6297394e-03
  -1.5881727e-02
  -2.3687538e-02
  -2.2268943e-02
  -1.7605176e-02
  -4.8768779e-05
   8.3169360e-03
   1.0148044e-02
   0.0000000e+00
   0.0000000e+00
   0.0000000e+00
  -2.2024101e-02
  -3.0504029e-02
  -3.3740923e-02
  -3.6493849e-02
  -1.0125706e-02
  -1.2445359e-03
  -3.1912865e-03
  -0.0000000e+00
  -0.0000000e+00
  -1.8897029e-02
  -5.3867875e-03
  -1.1572113e-03
  -0.0000000e+00
  -2.4659825e-02
  -2.0837395e-02
  -1.6641127e-02
  -1.1352904e-02
  -1.8390540e-02
  -1.6650811e-02
  -1.8356282e-02
  -1.8008685e-02
  -1.3568182e-02
  -1.4118570e-02
  -1.0041323e-02
  -1.2235356e-02
  -1.2340897e-02
  -1.5332313e-02
  -1.9434029e-02
  -1.3919415e-02
  -1.1521262e-02
   5.5672969e-03
   1.6758123e-02
   1.3880621e-02
   0.0000000e+00
   0.0000000e+00
   0.0000000e+00
  -9.4884517e-03
  -1.7961793e-02
  -2.0975837e-02
  -1.6419716e-02
  -9.2263939e-04
   5.9387786e-04
  -2.4657424e-03
  -9.5164981e-04
   0.0000000e+00
  -1.6629455e-02
  -1.3466461e-02
  -1.4414404e-02
  -2.9612931e-02
  -3.2187093e-02
  -2.3784319e-02
  -2.0755999e-02
  -1.5666559e-02
  -3.2411076e-02
  -3.0100984e-02
  -3.0381920e-02
  -2.9013626e-02
  -2.4698704e-02
  -2.6822364e-02
  -2.3155326e-02
  -2.7452158e-02
  -2.6745955e-02
  -2.6438093e-02
  -2.5611604e-02
  -1.4113262e-02
  -1.2103724e-02
   7.7692079e-03
   2.4779564e-02
   1.6299634e-02
   0.0000000e+00
   0.0000000e+00
  -0.0000000e+00
  -5.4815237e-05
  -9.3161916e-03
  -1.3899961e-02
  -6.0270713e-03
   1.3800856e-03
  -3.7148704e-03
  -5.2728080e-03
  -2.0617556e-03
   0.0000000e+00
  -0.0000000e+00
  -2.8356837e-02
  -3.2253884e-02
  -4.1234229e-02
  -4.2428337e-02
  -3.4828000e-02
  -3.5558108e-02
  -2.9957967e-02
  -4.4406436e-02
  -4.2283211e-02
  -4.2739220e-02
  -4.1591525e-02
  -3.7771028e-02
  -4.0177234e-02
  -3.6176156e-02
  -4.0781830e-02
  -3.8862769e-02
  -3.7406158e-02
  -3.4199201e-02
  -2.1876020e-02
  -1.9415393e-02
   1.7106070e-03
   2.3382254e-02
   2.0575247e-02
   0.0000000e+00
   0.0000000e+00
  -0.0000000e+00
   4.5649988e-03
  -3.1447608e-03
  -1.1168226e-02
  -8.8507878e-03
  -4.6113604e-03
  -8.6818403e-03
  -7.8086653e-03
  -7.7066058e-03
  -0.0000000e+00
  -0.0000000e+00
  -4.1715410e-02
  -4.8713248e-02
  -4.9524546e-02
  -4.5793258e-02
  -4.2317700e-02
  -4.5916535e-02
  -4.0998138e-02
  -4.0987935e-02
  -3.8930062e-02
  -3.9758865e-02
  -3.8862586e-02
  -3.5743758e-02
  -3.7382197e-02
  -3.3475004e-02
  -3.6495581e-02
  -3.4627751e-02
  -3.2788061e-02
  -2.9497746e-02
  -2.0546855e-02
  -1.7732287e-02
  -2.7273402e-03
   1.7915510e-02
   1.9538464e-02
   0.0000000e+00
   0.0000000e+00
  -0.0000000e+00
   7.1057701e-03
   5.6160183e-03
  -4.2634188e-03
  -7.6868422e-03
  -7.3541538e-03
  -8.7042777e-03
  -7.8404527e-03
  -1.1413718e-02
  -1.2869154e-02
  -0.0000000e+00
  -4.1242883e-02
  -4.6026647e-02
  -4.4875029e-02
  -4.1355293e-02
  -3.9284382e-02
  -4.2311817e-02
  -3.8222130e-02
  -4.2500693e-02
  -4.1114669e-02
  -4.2720877e-02
  -4.2404003e-02
  -4.0544242e-02
  -4.1813713e-02
  -3.8916349e-02
  -4.1180745e-02
  -4.0956683e-02
  -4.0651508e-02
  -3.9272159e-02
  -3.2663666e-02
  -2.8219709e-02
  -1.2041287e-02
   7.1200863e-03
   1.3924319e-02
   0.0000000e+00
   0.0000000e+00
   0.0000000e+00
   7.3699385e-03
   1.2686033e-02
   3.6876167e-03
  -7.8156758e-03
  -1.0984274e-02
  -1.2289972e-02
  -1.2820332e-02
  -1.9059006e-02
  -2.0973986e-02
  -2.8124906e-02
  -4.1470718e-02
  -4.4260103e-02
  -4.3595415e-02
  -4.1177787e-02
  -4.1056398e-02
  -4.3131854e-02
  -4.0455669e-02
  -3.0238327e-02
  -2.8428357e-02
  -2.9562527e-02
  -2.8901789e-02
  -2.8901488e-02
  -2.9417239e-02
  -2.9091457e-02
  -3.1431701e-02
  -3.2748412e-02
  -3.5325605e-02
  -3.7013158e-02
  -3.8027406e-02
  -3.5021514e-02
  -3.1224616e-02
  -1.9188862e-02
  -4.3481224e-03
   0.0000000e+00
   0.0000000e+00
   0.0000000e+00
   4.4428663e-03
   2.3388516e-02
   1.5822838e-02
  -0.0000000e+00
  -1.1176302e-02
  -2.1497285e-02
  -2.2000285e-02
  -3.0862249e-02
  -3.9440546e-02
  -3.3682447e-02
  -3.1930491e-02
  -3.1343341e-02
  -3.3487108e-02
  -3.2774091e-02
  -3.2537963e-02
  -3.2119427e-02
  -3.0337367e-02
  -2.2855677e-02
  -1.9915633e-02
  -2.0157868e-02
  -1.8419011e-02
  -1.9063758e-02
  -1.9909833e-02
  -2.0550830e-02
  -2.2332847e-02
  -2.2201611e-02
  -2.6571052e-02
  -2.9710453e-02
  -3.5468414e-02
  -3.7809733e-02
  -4.7510464e-02
  -5.5367228e-02
  -4.0590787e-02
  -2.4353476e-02
  -1.5034788e-02
  -7.1561092e-03
  -3.9623805e-03
   1.8680619e-02
   1.2622281e-02
  -0.0000000e+00
  -1.5514669e-02
  -3.2672677e-02
  -3.2708533e-02
  -4.5761317e-02
  -5.8778919e-02
  -4.3456655e-02
  -3.2772657e-02
  -2.9268531e-02
  -3.0260103e-02
  -2.9062355e-02
  -2.9257938e-02
  -2.7356494e-02
  -2.4148464e-02
  -2.8112441e-02
  -2.4820935e-02
  -2.4261715e-02
  -2.2426972e-02
  -2.3165399e-02
  -2.4245620e-02
  -2.4637567e-02
  -2.5486428e-02
  -2.4482578e-02
  -2.8835421e-02
  -3.2791428e-02
  -4.0227700e-02
  -4.6363752e-02
  -6.2522434e-02
  -8.2476676e-02
  -5.4242920e-02
  -3.7665176e-02
  -2.7896138e-02
  -1.9743040e-02
  -1.3779212e-02
   4.5895977e-03
   0.0000000e+00
  -2.2415145e-02
  -2.5757939e-02
  -4.1332848e-02
  -4.5298006e-02
  -6.1528239e-02
  -7.1295358e-02
  -5.4680482e-02
  -4.4055276e-02
  -3.9479665e-02
  -3.8421735e-02
  -3.6692850e-02
  -3.6837004e-02
  -3.4113754e-02
  -2.9749220e-02
  -4.7271758e-02
  -4.4445250e-02
  -4.2791680e-02
  -4.1790634e-02
  -4.2063735e-02
  -4.3236233e-02
  -4.2412229e-02
  -4.1742612e-02
  -4.0529735e-02
  -4.3120973e-02
  -4.8000816e-02
  -5.5013262e-02
  -6.4463824e-02
  -8.1982151e-02
  -1.1018559e-01
  -9.3249716e-02
  -5.8403414e-02
  -5.3095449e-02
  -4.5209902e-02
  -2.7465580e-02
  -2.1850269e-02
  -0.0000000e+00
  -2.5767167e-02
  -3.9823398e-02
  -5.1953845e-02
  -6.4810798e-02
  -8.3722204e-02
  -8.4471002e-02
  -7.2419129e-02
  -6.7732140e-02
  -6.3696966e-02
  -5.9643395e-02
  -5.7664663e-02
  -5.7221577e-02
  -5.4006957e-02
  -4.8779484e-02
  -8.5629009e-02
  -8.5982509e-02
  -8.2101867e-02
  -8.3022244e-02
  -8.1960045e-02
  -8.2560748e-02
  -8.0216430e-02
  -7.7645563e-02
  -7.8497775e-02
  -7.6231882e-02
  -8.2366958e-02
  -8.5030258e-02
  -9.4306014e-02
  -1.0262600e-01
  -1.1395752e-01
  -1.1381455e-01
  -7.5551964e-02
  -7.6352224e-02
  -6.9677763e-02
  -4.6660475e-02
  -5.4488990e-02
  -4.3780147e-02
  -5.8432367e-02
  -7.5148419e-02
  -6.5672126e-02
  -9.3291290e-02
  -1.0782547e-01
  -1.0257456e-01
  -1.0246244e-01
  -1.0091279e-01
  -1.0174394e-01
  -9.6212722e-02
  -9.6541524e-02
  -9.4179966e-02
  -9.0497039e-02
  -8.7099671e-02
  -1.1587285e-01
  -1.1737210e-01
  -1.1292027e-01
  -1.1357383e-01
  -1.1201368e-01
  -1.1203787e-01
  -1.1019721e-01
  -1.0790314e-01
  -1.0846322e-01
  -1.0400197e-01
  -1.0593878e-01
  -1.0249440e-01
  -1.0449246e-01
  -1.0040558e-01
  -9.9452563e-02
  -1.0679928e-01
  -8.3454587e-02
  -7.3517077e-02
  -6.1391868e-02
  -5.2589897e-02
  -6.9250546e-02
  -5.8437511e-02
  -8.1373140e-02
  -9.7249575e-02
  -8.1221170e-02
  -1.0949599e-01
  -1.1722022e-01
  -1.1530277e-01
  -1.1953929e-01
  -1.1639544e-01
  -1.2002218e-01
  -1.1745021e-01
  -1.2125261e-01
  -1.1927150e-01
  -1.1635761e-01
  -1.1637273e-01
  -1.1443842e-01
  -1.1460205e-01
  -1.1172292e-01
  -1.1135738e-01
  -1.1039618e-01
  -1.0998654e-01
  -1.0972539e-01
  -1.0844438e-01
  -1.0814869e-01
  -1.0570032e-01
  -1.0330602e-01
  -9.7029679e-02
  -9.1572270e-02
  -8.1264876e-02
  -7.8094818e-02
  -8.6321101e-02
  -7.6830894e-02
  -5.5458281e-02
  -3.9764624e-02
  -4.1651521e-02
  -6.0679078e-02
  -6.2183369e-02
  -7.9870224e-02
  -9.0581402e-02
  -7.9275735e-02
  -1.0091043e-01
  -1.0737403e-01
  -1.0698488e-01
  -1.0982687e-01
  -1.0715555e-01
  -1.0998505e-01
  -1.1012947e-01
  -1.1485341e-01
  -1.1563095e-01
  -1.1398647e-01
  -1.1525987e-01
  -7.9433963e-02
  -7.6928265e-02
  -7.6609105e-02
  -7.5299948e-02
  -7.5712197e-02
  -7.5031422e-02
  -7.6474942e-02
  -7.6524355e-02
  -7.5660899e-02
  -7.7438891e-02
  -7.2546691e-02
  -6.6871047e-02
  -5.5787355e-02
  -4.5759235e-02
  -4.7223039e-02
  -5.1621959e-02
  -5.2392710e-02
  -2.9063181e-02
  -0.0000000e+00
  -1.8892322e-02
  -3.8036775e-02
  -4.9035553e-02
  -5.4082643e-02
  -5.5879451e-02
  -5.5646777e-02
  -6.4323386e-02
  -7.2388478e-02
  -7.1288638e-02
  -7.0285857e-02
  -7.0430547e-02
  -7.0954226e-02
  -7.3517404e-02
  -7.7111237e-02
  -8.1273213e-02
  -8.1057593e-02
  -8.1556186e-02
  -1.2128411e-02
  -8.6484291e-03
  -9.2032040e-03
  -8.1074182e-03
  -9.7770374e-03
  -8.8903597e-03
  -1.0102532e-02
  -1.0876127e-02
  -1.0893342e-02
  -1.4141116e-02
  -1.1906948e-02
  -1.0307373e-02
  -2.5828020e-04
   3.0036760e-03
  -1.6899924e-03
   1.8014647e-03
  -2.0279919e-03
   2.0413063e-03
   0.0000000e+00
   0.0000000e+00
  -0.0000000e+00
  -2.0229087e-02
  -6.9614971e-03
   1.9092692e-03
  -4.8501417e-03
   2.6869128e-03
  -2.8530753e-03
  -6.8571744e-04
  -4.5182183e-05
  -4.2126700e-03
  -5.1645716e-03
  -1.0039338e-02
  -1.1940563e-02
  -1.5521156e-02
  -1.6036559e-02
  -1.4918144e-02
   5.7883222e-02
   5.9703402e-02
   6.0264885e-02
   6.1771858e-02
   5.9125490e-02
   6.1511461e-02
   6.1195306e-02
   6.2636167e-02
   6.1964914e-02
   5.9883222e-02
   6.1745733e-02
   6.1236382e-02
   6.9246605e-02
   6.4913534e-02
   6.6231839e-02
   8.0277294e-02
   6.4131819e-02
   3.6143852e-02
   0.0000000e+00
   0.0000000e+00
   0.0000000e+00
   1.6663245e-02
   4.5625028e-02
   6.6095569e-02
   6.8257364e-02
   8.1384086e-02
   7.9303756e-02
   8.3805196e-02
   7.7948980e-02
   7.1338512e-02
   6.6034652e-02
   5.7496060e-02
   5.4980878e-02
   5.3308506e-02
   5.4649334e-02
   5.4809116e-02
   1.0507701e-01
   1.0442096e-01
   1.0622279e-01
   1.0879368e-01
   1.0823685e-01
   1.1303539e-01
   1.1406244e-01
   1.1918731e-01
   1.1860012e-01
   1.1983976e-01
   1.2342970e-01
   1.2275875e-01
   1.2801100e-01
   1.2323314e-01
   1.4156891e-01
   1.5862508e-01
   1.2026288e-01
   0.0000000e+00
   0.0000000e+00
   0.0000000e+00
   0.0000000e+00
   4.3841138e-02
   8.4733441e-02
   1.0257357e-01
   1.1931095e-01
   1.3049491e-01
   1.3084595e-01
   1.4067274e-01
   1.3307841e-01
   1.2848435e-01
   1.1905859e-01
   1.0944165e-01
   1.0411211e-01
   1.0085733e-01
   1.0452075e-01
   1.0271834e-01
   1.0013038e-01
   9.8524980e-02
   1.0033648e-01
   1.0275516e-01
   1.0602814e-01
   1.1135593e-01
   1.1547345e-01
   1.2115140e-01
   1.2309878e-01
   1.2792736e-01
   1.3180326e-01
   1.3538837e-01
   1.3944255e-01
   1.4338703e-01
   1.6730009e-01
   1.7532539e-01
   1.3897885e-01
   7.3724974e-02
   3.1776984e-02
   3.2477027e-02
   4.0981564e-02
   6.1765101e-02
   8.4687628e-02
   8.9167580e-02
   1.0243043e-01
   1.0926022e-01
   1.0824657e-01
   1.1664212e-01
   1.1723187e-01
   1.1650415e-01
   1.1170276e-01
   1.0843723e-01
   1.0493229e-01
   1.0129346e-01
   1.0224706e-01
   1.0058051e-01
   6.8477102e-02
   6.8558015e-02
   6.9539778e-02
   7.0989408e-02
   7.4323796e-02
   7.6632813e-02
   7.9456791e-02
   7.9612166e-02
   8.0641270e-02
   8.2972795e-02
   8.3231770e-02
   8.6510047e-02
   8.7272972e-02
   9.1978326e-02
   1.0077387e-01
   9.7542040e-02
   9.5269091e-02
   6.9503441e-02
   5.0055269e-02
   5.0688304e-02
   5.2599538e-02
   5.4941855e-02
   5.6351796e-02
   5.4748014e-02
   5.5571761e-02
   6.5752462e-02
   6.9700211e-02
   7.0433855e-02
   7.5384438e-02
   7.6768607e-02
   7.4695192e-02
   7.4215166e-02
   7.4379668e-02
   7.3157765e-02
   7.0858158e-02
   6.9813684e-02
   3.6256686e-02
   3.6474366e-02
   3.6067367e-02
   3.6730915e-02
   3.7880275e-02
   3.8854755e-02
   4.0028438e-02
   3.9924152e-02
   4.2635631e-02
   4.2876139e-02
   4.0554728e-02
   4.1270684e-02
   4.0440548e-02
   4.1785151e-02
   4.0866744e-02
   3.7555810e-02
   4.2772081e-02
   4.7460675e-02
   4.8444781e-02
   4.9137462e-02
   4.4717997e-02
   3.7765034e-02
   3.1353258e-02
   2.7906356e-02
   2.4050092e-02
   2.7648078e-02
   3.0917205e-02
   2.9973002e-02
   3.3318281e-02
   3.4756687e-02
   3.4082826e-02
   3.3687998e-02
   3.5362519e-02
   3.6787357e-02
   3.6239900e-02
   3.6466032e-02
   5.8243643e-03
   6.4663696e-03
   6.7400835e-03
   6.9790906e-03
   6.9650933e-03
   6.9867759e-03
   7.0326310e-03
   7.5773099e-03
   8.6183026e-03
   8.4470659e-03
   7.9587484e-03
   8.1781698e-03
   7.7227908e-03
   7.9233600e-03
   8.0389492e-03
   8.0219228e-03
   9.7017074e-03
   1.1058086e-02
   1.1734588e-02
   1.1811347e-02
   1.1028619e-02
   9.6068969e-03
   8.1381518e-03
   7.0486949e-03
   4.9280347e-03
   3.4771364e-03
   2.9753838e-03
   2.8107022e-03
   3.8908625e-03
   4.7696326e-03
   4.9561993e-03
   4.5624906e-03
   4.4916254e-03
   4.5706849e-03
   4.7787782e-03
   5.4495553e-03
  -2.6812523e-03
  -2.5931087e-03
  -2.5128706e-03
  -2.4452319e-03
  -2.4601971e-03
  -2.5841794e-03
  -2.6109165e-03
  -2.7612525e-03
  -3.0025425e-03
  -3.2411516e-03
  -3.1596893e-03
  -2.9396040e-03
  -2.9277657e-03
  -2.9276714e-03
  -2.9674228e-03
  -2.9524968e-03
  -3.0145848e-03
  -2.9918982e-03
  -2.7315221e-03
  -2.0338644e-03
  -1.3964329e-03
  -1.1679542e-03
  -1.1979383e-03
  -1.5039491e-03
  -2.0266154e-03
  -2.7820638e-03
  -3.1783141e-03
  -3.3479074e-03
  -3.5592313e-03
  -3.8041133e-03
  -3.8440095e-03
  -3.7312098e-03
  -3.6956419e-03
  -3.4758332e-03
  -3.1760009e-03
  -2.8296059e-03
