  -5.7418054e-01
  -6.9184533e-01
  -6.7212611e-01
  -6.2749177e-01
  -6.2537764e-01
  -6.8319386e-01
  -7.6980007e-01
  -8.5246791e-01
  -8.6866152e-01
  -8.2081431e-01
  -7.5089136e-01
  -6.7681551e-01
  -5.6863707e-01
  -4.0194551e-01
  -2.3471774e-01
  -1.0191064e-01
   3.8374635e-02
   1.5857963e-01
   2.0532317e-01
   1.5908353e-01
   4.5743976e-02
  -4.6245448e-02
  -9.6513498e-02
  -1.1179486e-01
  -8.9323528e-02
  -2.2792877e-02
   6.1445214e-02
   1.5801503e-01
   3.1953212e-01
   5.3580928e-01
   7.1199876e-01
   7.6180819e-01
   6.1357999e-01
   3.5649920e-01
   1.9844047e-02
  -3.2469448e-01
  -4.8550981e-01
  -1.0809453e+00
  -1.3033121e+00
  -1.3108788e+00
  -1.2121940e+00
  -1.0877912e+00
  -1.0651304e+00
  -1.0735264e+00
  -9.7198522e-01
  -7.2193080e-01
  -4.6282229e-01
  -2.3157424e-01
   1.6918519e-01
   6.2603772e-01
   7.6578218e-01
   5.6185412e-01
   3.0296725e-01
   1.7242250e-01
   6.3711479e-02
   2.3212351e-02
  -1.0841213e-01
  -2.3165907e-01
  -2.4173586e-01
  -4.3313718e-01
  -5.6878543e-01
  -5.1243436e-01
  -4.1440782e-01
  -2.9927644e-01
  -2.2884603e-01
  -1.7878212e-01
  -5.0539814e-02
   1.8485942e-01
   3.5640103e-01
   4.5124274e-01
   5.1764053e-01
   1.8081141e-01
   3.1267331e+00
   2.5810525e+00
   1.8412218e+00
   1.3996441e+00
   1.2140449e+00
   1.2753574e+00
   1.3549923e+00
   1.4398831e+00
   1.4458907e+00
   1.2303476e+00
   1.0592831e+00
   1.1496742e+00
   1.2927657e+00
   1.5046026e+00
   1.7663537e+00
   1.6298846e+00
   1.3002710e+00
   1.1510268e+00
   8.4884971e-01
   4.7990277e-01
   4.4968106e-02
  -2.7586916e-01
  -1.3968137e-01
   1.8068951e-01
   4.5337749e-01
   4.1994044e-01
   2.7330485e-01
   2.9987293e-01
   2.0257752e-01
   1.1354135e-01
   3.6026128e-02
   2.7910775e-01
   9.1486114e-01
   1.4416924e+00
   2.2373428e+00
   3.0112762e+00
   5.3825299e+00
   5.6537204e+00
   5.0665994e+00
   4.5146032e+00
   3.9628913e+00
   3.6142178e+00
   3.5072460e+00
   3.3544793e+00
   3.3282990e+00
   2.7729844e+00
   2.3911085e+00
   2.3933206e+00
   1.6546342e+00
   1.3034852e+00
   1.5078040e+00
   1.4587294e+00
   1.2418693e+00
   1.2526127e+00
   1.5745081e+00
   9.9721897e-01
   3.6950770e-01
   5.6405503e-01
   6.1856252e-01
   1.0344101e+00
   1.3964617e+00
   8.2812226e-01
   2.5705865e-01
   1.9478577e-01
   2.6802558e-01
   5.9925544e-01
   7.7667877e-01
   7.8273654e-01
   1.2815322e+00
   1.8313575e+00
   2.7210996e+00
   4.2357516e+00
   5.8008418e+00
   6.6567907e+00
   6.6128235e+00
   6.2892418e+00
   5.7607350e+00
   5.2041740e+00
   4.8979144e+00
   4.4663892e+00
   4.5021868e+00
   4.1091990e+00
   3.8938472e+00
   3.6695585e+00
   2.2625163e+00
   1.7671058e+00
   1.6423929e+00
   1.4045298e+00
   1.3205791e+00
   1.2783858e+00
   2.2910900e+00
   1.9018030e+00
   1.4007831e+00
   2.5266213e+00
   2.3554115e+00
   2.0138063e+00
   2.2779968e+00
   1.7047998e+00
   1.0890403e+00
   1.2456709e+00
   1.5198972e+00
   1.5504396e+00
   1.6049500e+00
   1.4990938e+00
   1.9408963e+00
   2.6401947e+00
   3.3661954e+00
   4.6020808e+00
   5.0987396e+00
   5.8341413e+00
   6.1447906e+00
   6.1262808e+00
   5.9485326e+00
   5.5835466e+00
   5.2320065e+00
   4.8074188e+00
   4.8949895e+00
   4.8127093e+00
   4.7861896e+00
   4.2557011e+00
   2.8149624e+00
   2.4621911e+00
   2.0994291e+00
   1.5700624e+00
   1.5223331e+00
   1.6343817e+00
   2.8088465e+00
   2.9241307e+00
   3.0252373e+00
   4.3652744e+00
   3.6733906e+00
   2.5682929e+00
   2.8522706e+00
   2.7960732e+00
   2.6063380e+00
   3.0714371e+00
   3.1074851e+00
   2.1492858e+00
   1.6334447e+00
   1.7798661e+00
   2.7006922e+00
   3.5916321e+00
   3.9815738e+00
   4.4870229e+00
   3.2605979e+00
   3.5812741e+00
   3.9188704e+00
   4.0828009e+00
   4.1744270e+00
   4.1093507e+00
   3.9302545e+00
   3.6398936e+00
   3.7259450e+00
   3.8391237e+00
   3.9711218e+00
   3.5026852e+00
   2.3703947e+00
   2.2513194e+00
   2.0927534e+00
   1.3439397e+00
   1.0553813e+00
   1.5512933e+00
   2.8171582e+00
   3.3591650e+00
   3.9533091e+00
   4.7343583e+00
   3.3647838e+00
   2.1284793e+00
   2.4258828e+00
   2.7190386e+00
   3.1578554e+00
   3.6408448e+00
   3.1082593e+00
   1.6859097e+00
   9.5926344e-01
   1.3162591e+00
   2.5337434e+00
   3.2912846e+00
   3.2077304e+00
   3.1574649e+00
   3.7018725e-01
   4.6132946e-01
   6.8540947e-01
   8.7070978e-01
   9.6985584e-01
   1.0579442e+00
   1.0791581e+00
   8.9128035e-01
   8.8645762e-01
   1.1094705e+00
   1.4873457e+00
   1.3953077e+00
   7.7062154e-01
   1.0143858e+00
   1.4106906e+00
   6.6860676e-01
  -1.2635827e-01
   5.2030590e-01
   2.0934215e+00
   2.8373563e+00
   3.0359070e+00
   3.1191056e+00
   1.6009282e+00
   5.0949439e-01
   7.8308648e-01
   1.1172824e+00
   1.8310425e+00
   2.0545230e+00
   1.2814537e+00
   4.8217443e-01
   6.4143971e-02
   3.1214789e-01
   1.0565349e+00
   1.2347770e+00
   8.2974076e-01
   4.8076934e-01
  -2.7426231e+00
  -2.7148232e+00
  -2.6253891e+00
  -2.4936438e+00
  -2.5414209e+00
  -2.4165564e+00
  -2.3598027e+00
  -2.4258716e+00
  -2.5740545e+00
  -2.3073916e+00
  -1.6983656e+00
  -1.4875536e+00
  -1.2960168e+00
  -5.9514284e-01
   4.0157986e-01
   3.1292193e-02
  -1.3928322e+00
  -1.0288379e+00
   7.4370050e-01
   1.4796999e+00
   5.8655798e-01
   4.4553757e-02
  -8.9918935e-01
  -1.7865694e+00
  -1.4446427e+00
  -1.1503465e+00
  -7.3631030e-01
  -8.4414303e-01
  -1.1542116e+00
  -6.9440937e-01
  -8.2052994e-01
  -8.2005155e-01
  -1.0031461e+00
  -1.6890692e+00
  -2.1171479e+00
  -2.6094463e+00
  -5.2109342e+00
  -5.2690692e+00
  -5.3251686e+00
  -5.2355418e+00
  -5.4361987e+00
  -5.2848229e+00
  -5.3724966e+00
  -5.2458763e+00
  -5.5085764e+00
  -5.3084307e+00
  -4.6643748e+00
  -4.4352617e+00
  -3.1448252e+00
  -1.9859585e+00
  -5.6042808e-01
  -1.8166913e-01
  -2.2004793e+00
  -2.4782445e+00
  -9.0426844e-01
  -3.8305384e-01
  -2.4094164e+00
  -3.5731039e+00
  -3.5772991e+00
  -4.0497870e+00
  -3.4850709e+00
  -3.1805320e+00
  -3.4710727e+00
  -3.8617978e+00
  -3.1011686e+00
  -1.3663270e+00
  -1.5986718e+00
  -1.7583693e+00
  -2.7891822e+00
  -4.3776488e+00
  -4.6022229e+00
  -5.1198244e+00
  -5.8842876e+00
  -6.2768112e+00
  -6.6183488e+00
  -6.4937433e+00
  -6.6854260e+00
  -6.4389838e+00
  -6.6181287e+00
  -6.2998744e+00
  -6.4437757e+00
  -6.6882682e+00
  -6.6444406e+00
  -6.6612571e+00
  -4.2908507e+00
  -2.6535550e+00
  -1.2057402e+00
   4.5795320e-01
  -1.8054984e+00
  -3.2996348e+00
  -2.5033568e+00
  -2.7409872e+00
  -4.9241208e+00
  -6.8458193e+00
  -6.4862041e+00
  -5.3268779e+00
  -4.3879491e+00
  -4.1676671e+00
  -5.1656283e+00
  -5.8597236e+00
  -3.6532837e+00
  -1.1676353e+00
  -1.9466683e+00
  -2.1350752e+00
  -3.3978037e+00
  -5.5394963e+00
  -5.5323002e+00
  -5.7539840e+00
  -4.3366237e+00
  -4.8545345e+00
  -5.4122782e+00
  -5.2891383e+00
  -5.2733987e+00
  -5.0028706e+00
  -4.9143672e+00
  -4.6835579e+00
  -4.6245041e+00
  -5.3767934e+00
  -6.0446470e+00
  -6.1431575e+00
  -4.0393610e+00
  -2.1802604e+00
  -1.0992112e+00
   1.2002187e+00
  -4.6106327e-01
  -3.0532098e+00
  -2.7446864e+00
  -3.5880278e+00
  -5.0322967e+00
  -6.8535967e+00
  -7.0885354e+00
  -4.4607134e+00
  -3.3410525e+00
  -3.4181669e+00
  -4.3836651e+00
  -5.2899361e+00
  -2.9758230e+00
  -5.1938653e-01
  -1.1590159e+00
  -1.7315070e+00
  -2.6888387e+00
  -4.2838454e+00
  -4.2079310e+00
  -4.0398512e+00
  -2.8668485e+00
  -3.2724161e+00
  -3.8325419e+00
  -3.7543030e+00
  -3.5530128e+00
  -3.3209991e+00
  -3.0287304e+00
  -2.9221370e+00
  -2.8380735e+00
  -3.7491107e+00
  -4.6889224e+00
  -4.7719574e+00
  -3.3068690e+00
  -1.4914336e+00
  -6.6256440e-01
   1.5601060e+00
   6.1745071e-01
  -2.4725521e+00
  -2.4886856e+00
  -3.3386164e+00
  -4.3338585e+00
  -5.5835967e+00
  -6.0224242e+00
  -3.1634459e+00
  -2.0800748e+00
  -2.3499246e+00
  -3.0718021e+00
  -4.1157556e+00
  -2.4680314e+00
  -1.6058153e-01
  -4.2945755e-01
  -1.4917760e+00
  -2.1753592e+00
  -2.9737244e+00
  -2.8200612e+00
  -2.4893336e+00
  -1.7133937e+00
  -1.9170175e+00
  -2.3689122e+00
  -2.3378673e+00
  -1.9812260e+00
  -1.8234696e+00
  -1.3970690e+00
  -1.4231076e+00
  -1.3845659e+00
  -2.2469780e+00
  -3.2100262e+00
  -3.2001848e+00
  -2.4371657e+00
  -7.4218886e-01
  -3.9579891e-02
   1.7513374e+00
   1.5060351e+00
  -1.7504901e+00
  -2.0710714e+00
  -2.6206755e+00
  -3.3303070e+00
  -3.9087057e+00
  -4.2871573e+00
  -1.7806656e+00
  -8.8418657e-01
  -1.2550070e+00
  -1.6624149e+00
  -2.8099470e+00
  -2.1093959e+00
  -9.9610388e-02
  -1.8649058e-02
  -1.5074753e+00
  -1.9229286e+00
  -1.9168167e+00
  -1.7001858e+00
  -1.3161182e+00
  -1.6177429e+00
  -1.5173136e+00
  -1.6468762e+00
  -1.6176368e+00
  -1.1709737e+00
  -1.1779712e+00
  -8.0894531e-01
  -9.8576876e-01
  -1.0562355e+00
  -1.4287686e+00
  -1.9422062e+00
  -1.6010525e+00
  -1.4419801e+00
   1.5831824e-01
   1.1148485e+00
   1.8053738e+00
   2.1643249e+00
  -6.8953762e-01
  -1.5639541e+00
  -1.2284807e+00
  -1.8864268e+00
  -1.8854225e+00
  -1.5550890e+00
  -2.9552266e-01
  -6.8870080e-03
  -2.3792985e-01
  -2.4407704e-01
  -1.4809938e+00
  -2.0886502e+00
  -9.7460155e-01
  -9.1558818e-01
  -2.4797056e+00
  -2.5284959e+00
  -1.8562031e+00
  -1.6437658e+00
  -1.3480264e+00
  -3.2437534e+00
  -3.0502183e+00
  -3.0433276e+00
  -2.9347291e+00
  -2.5196574e+00
  -2.6850054e+00
  -2.3651838e+00
  -2.6896477e+00
  -2.6242495e+00
  -2.6305380e+00
  -2.6745992e+00
  -1.7798083e+00
  -1.6819091e+00
   5.4513800e-01
   2.2142210e+00
   2.1899405e+00
   2.6147687e+00
  -6.6076219e-02
  -1.3947014e+00
  -3.9914492e-01
  -1.0115898e+00
  -1.4450275e+00
  -7.8910440e-01
   1.3474718e-02
  -1.9633600e-01
  -2.2091986e-01
  -1.3584319e-01
  -1.1915402e+00
  -2.4178503e+00
  -2.8931050e+00
  -3.2370827e+00
  -4.1723566e+00
  -3.8689630e+00
  -3.3299346e+00
  -3.3494329e+00
  -3.0244942e+00
  -4.5134497e+00
  -4.3130164e+00
  -4.2995553e+00
  -4.1717563e+00
  -3.8093414e+00
  -4.0251627e+00
  -3.7097406e+00
  -4.0827618e+00
  -3.9413176e+00
  -3.8244100e+00
  -3.6178694e+00
  -2.4470522e+00
  -2.2854199e+00
   4.4839361e-01
   2.7569051e+00
   2.5847862e+00
   2.8497317e+00
   2.2967410e-01
  -1.2148981e+00
   8.6352319e-02
  -4.7922266e-01
  -1.3332435e+00
  -7.7909482e-01
  -1.9750753e-01
  -5.0119126e-01
  -4.4584751e-01
  -4.6922493e-01
  -1.3049586e+00
  -2.8373024e+00
  -4.2565942e+00
  -4.7238111e+00
  -5.2086477e+00
  -4.7597551e+00
  -4.4331484e+00
  -4.6117401e+00
  -4.2842541e+00
  -5.7711834e+00
  -5.6034036e+00
  -5.6434321e+00
  -5.5222770e+00
  -5.2288174e+00
  -5.4507246e+00
  -5.1192460e+00
  -5.5003242e+00
  -5.3015795e+00
  -5.1603234e+00
  -4.7751024e+00
  -3.4246449e+00
  -3.1329706e+00
   1.1325149e-01
   3.1049854e+00
   3.0326493e+00
   3.0124073e+00
   4.0797005e-01
  -1.0082015e+00
   4.7000154e-01
  -4.2340542e-02
  -1.3617935e+00
  -1.1220965e+00
  -6.7789639e-01
  -8.9733851e-01
  -8.1159980e-01
  -1.0502357e+00
  -1.6209990e+00
  -3.3502496e+00
  -5.5264632e+00
  -6.0008785e+00
  -6.0638884e+00
  -5.5485841e+00
  -5.4974211e+00
  -5.8203935e+00
  -5.5025391e+00
  -5.5385818e+00
  -5.4461203e+00
  -5.5393610e+00
  -5.5133810e+00
  -5.3642511e+00
  -5.4337478e+00
  -5.2262802e+00
  -5.4547787e+00
  -5.4992204e+00
  -5.4986067e+00
  -5.2596412e+00
  -4.4866247e+00
  -3.9904678e+00
  -1.4635324e+00
   1.7414422e+00
   2.5700631e+00
   1.8897464e+00
   4.0387312e-01
  -1.4110987e-01
   7.5442696e-01
   8.9086062e-01
  -3.0599779e-01
  -1.1787443e+00
  -1.3598430e+00
  -1.3907495e+00
  -1.4005138e+00
  -2.0571625e+00
  -2.8394279e+00
  -4.1559668e+00
  -5.2376461e+00
  -5.2810364e+00
  -5.3531427e+00
  -5.1277971e+00
  -5.2235012e+00
  -5.4634299e+00
  -5.3491650e+00
  -4.2751007e+00
  -4.1600971e+00
  -4.2296662e+00
  -4.1651216e+00
  -4.1016645e+00
  -4.1383896e+00
  -4.0738544e+00
  -4.2833834e+00
  -4.3949738e+00
  -4.5348530e+00
  -4.5184197e+00
  -4.2736082e+00
  -3.9231827e+00
  -2.5545826e+00
  -2.9895139e-01
   9.0278840e-01
   3.2373190e-01
   6.9649056e-02
   1.9461799e-01
   5.3082031e-01
   1.4989638e+00
   5.7327682e-01
  -9.0542495e-01
  -1.2831510e+00
  -1.6561757e+00
  -1.7219194e+00
  -2.5485864e+00
  -3.6857188e+00
  -4.2290792e+00
  -4.1888385e+00
  -4.0500607e+00
  -4.2182412e+00
  -4.1080956e+00
  -4.1895151e+00
  -4.2933187e+00
  -4.2074137e+00
  -3.1458348e+00
  -2.9971585e+00
  -3.0358087e+00
  -2.9180099e+00
  -2.9256983e+00
  -2.9564308e+00
  -3.0115126e+00
  -3.2045548e+00
  -3.3280625e+00
  -3.6006948e+00
  -3.7764487e+00
  -3.9934564e+00
  -3.8776169e+00
  -3.6102769e+00
  -2.4894925e+00
  -1.0997092e+00
  -1.3083824e+00
  -5.0649840e-01
   1.4553492e-01
   1.6527636e-01
   1.7915466e+00
   1.0461855e+00
  -8.1826127e-01
  -1.3032917e+00
  -1.9766949e+00
  -2.1249540e+00
  -3.1233813e+00
  -4.4362422e+00
  -4.2610698e+00
  -3.3897800e+00
  -3.1194209e+00
  -3.3081610e+00
  -3.2473520e+00
  -3.3156368e+00
  -3.2846818e+00
  -3.1793226e+00
  -2.1089960e+00
  -1.8927900e+00
  -1.8766326e+00
  -1.6589012e+00
  -1.7193991e+00
  -1.8074842e+00
  -1.9515043e+00
  -2.1273815e+00
  -2.1304589e+00
  -2.5479607e+00
  -2.8835081e+00
  -3.5061652e+00
  -3.8967357e+00
  -4.8392244e+00
  -5.5646839e+00
  -4.3964522e+00
  -3.4856884e+00
  -1.8218824e+00
  -8.7272009e-01
  -6.3345501e-01
   1.3662339e+00
   6.1192974e-01
  -1.1867495e+00
  -1.5892570e+00
  -2.5174646e+00
  -2.8356312e+00
  -4.0566897e+00
  -5.1325946e+00
  -4.2135780e+00
  -3.0467440e+00
  -2.7353090e+00
  -2.7573040e+00
  -2.5955848e+00
  -2.6541337e+00
  -2.4609663e+00
  -2.2150114e+00
  -3.3263636e+00
  -3.1867882e+00
  -3.0521684e+00
  -2.9115183e+00
  -2.9260653e+00
  -3.0445585e+00
  -3.0962219e+00
  -3.0893544e+00
  -3.0649672e+00
  -3.2894330e+00
  -3.6312259e+00
  -4.2075238e+00
  -4.9220901e+00
  -6.1773007e+00
  -7.6339722e+00
  -7.0896320e+00
  -5.0838092e+00
  -3.9346051e+00
  -3.1608791e+00
  -1.8780911e+00
  -1.1066717e+00
  -1.7701268e+00
  -2.9629222e+00
  -3.4254265e+00
  -3.6003489e+00
  -4.3310160e+00
  -5.5211582e+00
  -5.8130541e+00
  -5.1412829e+00
  -4.6330137e+00
  -4.4535189e+00
  -4.2113332e+00
  -4.0068831e+00
  -3.9509978e+00
  -3.6758356e+00
  -3.3972833e+00
  -5.1322069e+00
  -5.1019530e+00
  -4.8911471e+00
  -4.8477387e+00
  -4.8133445e+00
  -4.9200897e+00
  -4.8765945e+00
  -4.7586102e+00
  -4.7561011e+00
  -4.7365913e+00
  -5.0286374e+00
  -5.3601737e+00
  -6.0395656e+00
  -7.0518560e+00
  -8.2177372e+00
  -8.0539522e+00
  -5.9258614e+00
  -5.2395649e+00
  -4.4120455e+00
  -2.9023097e+00
  -3.1945391e+00
  -3.5244658e+00
  -4.6245198e+00
  -5.1620421e+00
  -4.6779695e+00
  -5.7181320e+00
  -6.6309347e+00
  -6.6162786e+00
  -6.3334045e+00
  -6.1440678e+00
  -6.1318898e+00
  -5.8539381e+00
  -5.7639027e+00
  -5.6146822e+00
  -5.3546739e+00
  -5.1665249e+00
  -7.0503354e+00
  -7.1141710e+00
  -6.8645163e+00
  -6.9015398e+00
  -6.8299460e+00
  -6.9101071e+00
  -6.7961998e+00
  -6.6180449e+00
  -6.6324773e+00
  -6.4010854e+00
  -6.5889525e+00
  -6.6045666e+00
  -7.0781326e+00
  -7.6048555e+00
  -8.1872921e+00
  -8.3328104e+00
  -6.4963169e+00
  -6.0712242e+00
  -5.0607700e+00
  -3.7669501e+00
  -4.9407763e+00
  -4.9334688e+00
  -6.1420212e+00
  -6.7233081e+00
  -5.7448106e+00
  -6.9962649e+00
  -7.5614953e+00
  -7.4225140e+00
  -7.5046315e+00
  -7.4894962e+00
  -7.6402841e+00
  -7.4257221e+00
  -7.5060587e+00
  -7.3164873e+00
  -7.1120605e+00
  -7.0513330e+00
  -8.4566177e+00
  -8.5108975e+00
  -8.3305657e+00
  -8.3522694e+00
  -8.2967900e+00
  -8.3381055e+00
  -8.2614264e+00
  -8.1604360e+00
  -8.1282917e+00
  -7.8911648e+00
  -7.8475802e+00
  -7.5265049e+00
  -7.5246307e+00
  -7.2628187e+00
  -7.1946085e+00
  -7.5295855e+00
  -6.5976434e+00
  -5.6881409e+00
  -4.2605338e+00
  -4.0500344e+00
  -5.3912292e+00
  -5.3130707e+00
  -6.9013906e+00
  -7.3906432e+00
  -6.5434119e+00
  -7.6908070e+00
  -7.9387525e+00
  -7.9589491e+00
  -8.1191170e+00
  -8.0028907e+00
  -8.2351350e+00
  -8.2361826e+00
  -8.5193513e+00
  -8.4727121e+00
  -8.3760087e+00
  -8.4447884e+00
  -6.6329269e+00
  -6.5072498e+00
  -6.4741926e+00
  -6.4221563e+00
  -6.4548969e+00
  -6.4739008e+00
  -6.5362515e+00
  -6.5729675e+00
  -6.5160985e+00
  -6.5608025e+00
  -6.3110266e+00
  -5.9596548e+00
  -5.4316196e+00
  -4.7451129e+00
  -4.8617740e+00
  -5.2146263e+00
  -4.9450679e+00
  -3.2571654e+00
  -1.8221586e+00
  -2.3267910e+00
  -3.2169499e+00
  -3.9794891e+00
  -5.0556569e+00
  -5.2319846e+00
  -5.2529969e+00
  -5.7177315e+00
  -6.0189633e+00
  -6.0505724e+00
  -5.9578462e+00
  -5.9212198e+00
  -6.0045867e+00
  -6.1568336e+00
  -6.4307423e+00
  -6.6452227e+00
  -6.6481586e+00
  -6.6735744e+00
  -3.0513647e+00
  -2.8467820e+00
  -2.8611317e+00
  -2.8081639e+00
  -2.9098260e+00
  -2.9014001e+00
  -2.9800882e+00
  -3.0424840e+00
  -3.0189528e+00
  -3.1847281e+00
  -2.9838712e+00
  -2.7572722e+00
  -2.0775321e+00
  -1.5909882e+00
  -1.9292309e+00
  -1.9927796e+00
  -1.9728907e+00
  -7.8936750e-01
   1.0888855e-01
  -2.4737680e-01
  -1.0428121e+00
  -2.2456584e+00
  -2.2503965e+00
  -2.0030112e+00
  -2.3615842e+00
  -2.2978692e+00
  -2.5848019e+00
  -2.5362265e+00
  -2.4178021e+00
  -2.5601091e+00
  -2.5803964e+00
  -2.8056715e+00
  -2.9753246e+00
  -3.1996586e+00
  -3.2291906e+00
  -3.1730249e+00
   1.0440509e+00
   1.2261241e+00
   1.2240134e+00
   1.2795160e+00
   1.1439801e+00
   1.2108388e+00
   1.1758890e+00
   1.1806108e+00
   1.1903447e+00
   1.0317638e+00
   1.1395638e+00
   1.2176073e+00
   1.7833521e+00
   1.8739300e+00
   1.6803325e+00
   2.1143453e+00
   1.7675110e+00
   1.5516093e+00
   1.5481101e+00
   1.4400256e+00
   6.9876134e-01
  -2.6006091e-01
   7.8572085e-01
   1.4691352e+00
   1.3113679e+00
   1.6450757e+00
   1.4789131e+00
   1.6269507e+00
   1.6097799e+00
   1.3979349e+00
   1.3205903e+00
   1.0064515e+00
   8.9865601e-01
   7.6198381e-01
   7.8285816e-01
   8.6284518e-01
   4.4616711e+00
   4.5551544e+00
   4.6059597e+00
   4.6956895e+00
   4.6035891e+00
   4.7459205e+00
   4.7680905e+00
   4.8981601e+00
   4.9174049e+00
   4.8720840e+00
   4.9723679e+00
   4.9500425e+00
   5.2371023e+00
   5.0169426e+00
   5.3297876e+00
   6.1626648e+00
   5.2946288e+00
   3.4949321e+00
   2.4512860e+00
   2.4265318e+00
   1.9234942e+00
   1.7433065e+00
   3.3806376e+00
   4.2628811e+00
   4.6340554e+00
   4.9875227e+00
   4.9593232e+00
   5.2259935e+00
   5.0727264e+00
   4.9424365e+00
   4.7514346e+00
   4.3799038e+00
   4.2424328e+00
   4.1580150e+00
   4.2691598e+00
   4.2954676e+00
   6.0624079e+00
   6.0936809e+00
   6.1947140e+00
   6.3282293e+00
   6.3713565e+00
   6.5589222e+00
   6.6228489e+00
   6.8111591e+00
   6.8382801e+00
   6.9463066e+00
   7.1348901e+00
   7.1453981e+00
   7.2158541e+00
   7.0196271e+00
   7.7655249e+00
   8.4286266e+00
   7.2328925e+00
   4.9204467e+00
   3.2815895e+00
   3.1670213e+00
   3.0880858e+00
   3.4697902e+00
   4.8910661e+00
   5.4857057e+00
   6.0969886e+00
   6.4523888e+00
   6.5131382e+00
   6.8321270e+00
   6.7647386e+00
   6.7773370e+00
   6.5532698e+00
   6.2555275e+00
   6.0661558e+00
   5.9251093e+00
   6.0439296e+00
   5.9981693e+00
   5.8805833e+00
   5.9222283e+00
   6.0251675e+00
   6.1299086e+00
   6.3022966e+00
   6.4679022e+00
   6.5908337e+00
   6.6750388e+00
   6.7346811e+00
   6.9495487e+00
   7.0818820e+00
   7.2447839e+00
   7.2555332e+00
   7.2787294e+00
   7.8624902e+00
   7.8081751e+00
   7.0154805e+00
   5.7543740e+00
   4.5622058e+00
   4.4896698e+00
   4.5409913e+00
   4.6236949e+00
   5.1273384e+00
   5.1007280e+00
   5.2928467e+00
   5.7942262e+00
   6.0114579e+00
   6.1393857e+00
   6.3023739e+00
   6.3905387e+00
   6.2416711e+00
   6.1373463e+00
   6.0598311e+00
   5.9497032e+00
   5.9388380e+00
   5.9024405e+00
   4.7313614e+00
   4.8089104e+00
   4.8636703e+00
   4.8855028e+00
   5.0348587e+00
   5.1227813e+00
   5.2787971e+00
   5.2814097e+00
   5.4717627e+00
   5.6345315e+00
   5.5143061e+00
   5.7244263e+00
   5.6718845e+00
   5.7783175e+00
   5.8806648e+00
   5.3950348e+00
   5.4488792e+00
   5.5854330e+00
   5.4112387e+00
   5.4648676e+00
   5.2747803e+00
   4.7830801e+00
   4.3530140e+00
   3.9301267e+00
   3.6045802e+00
   4.0335255e+00
   4.3721504e+00
   4.2195759e+00
   4.4283090e+00
   4.5266685e+00
   4.4435844e+00
   4.4501376e+00
   4.5897455e+00
   4.7064400e+00
   4.6527052e+00
   4.7133446e+00
   2.6483657e+00
   2.7643754e+00
   2.8107798e+00
   2.8084216e+00
   2.8237638e+00
   2.7946246e+00
   2.8884468e+00
   2.9897923e+00
   3.2424085e+00
   3.2222590e+00
   2.9767463e+00
   3.0607517e+00
   2.9542742e+00
   3.0101647e+00
   2.9792137e+00
   2.7595773e+00
   3.1570492e+00
   3.5735102e+00
   3.7217515e+00
   3.7577846e+00
   3.6398695e+00
   3.2935371e+00
   2.7992580e+00
   2.5139248e+00
   2.0827608e+00
   1.9008367e+00
   1.9305630e+00
   1.7931427e+00
   1.9129860e+00
   1.9657825e+00
   1.9243882e+00
   1.9150486e+00
   2.0421665e+00
   2.2399743e+00
   2.3275681e+00
   2.5146158e+00
  -4.2885542e-01
  -3.2826438e-01
  -2.7131143e-01
  -2.5067854e-01
  -2.8518450e-01
  -3.5349911e-01
  -3.5408702e-01
  -3.0743792e-01
  -3.1231809e-01
  -4.4840610e-01
  -5.1565581e-01
  -3.9178085e-01
  -3.3321530e-01
  -2.7624115e-01
  -2.3844917e-01
  -2.2475673e-01
  -1.7974421e-01
  -2.7491093e-01
  -3.8410771e-01
  -3.0752545e-01
  -9.6602142e-03
   2.2194612e-01
   2.9888874e-01
   2.8732187e-01
  -4.3875858e-02
  -6.4839248e-01
  -9.9132651e-01
  -1.0055177e+00
  -9.4993896e-01
  -9.8320353e-01
  -9.9581993e-01
  -9.8194355e-01
  -9.8284566e-01
  -9.3467236e-01
  -7.9339721e-01
  -5.8260119e-01
  -3.4781048e-01
  -4.1244074e-01
  -5.0113803e-01
  -5.6680572e-01
  -6.0954872e-01
  -6.3283843e-01
  -6.5782225e-01
  -7.1673523e-01
  -8.0653781e-01
  -8.7238598e-01
  -8.7266897e-01
  -8.2120252e-01
  -7.9572439e-01
  -8.2158731e-01
  -8.6607909e-01
  -8.7398225e-01
  -8.2320135e-01
  -7.2891438e-01
  -6.2495667e-01
  -5.1671967e-01
  -4.5422488e-01
  -4.6115506e-01
  -5.0941452e-01
  -5.5373323e-01
  -5.9141284e-01
  -6.2711302e-01
  -6.2749118e-01
  -6.1847049e-01
  -6.6393099e-01
  -7.5501072e-01
  -8.0411798e-01
  -7.7391212e-01
  -6.7689890e-01
  -5.5897570e-01
  -4.3114110e-01
  -3.5022160e-01
