  6.567232e-01
  6.494875e-01
  5.820412e-01
  5.166297e-01
  4.420781e-01
  3.703853e-01
  3.181544e-01
  2.823074e-01
  2.599299e-01
  2.481127e-01
  2.422473e-01
  2.344900e-01
  2.269991e-01
  2.227265e-01
  2.299719e-01
  2.431168e-01
  2.340649e-01
  2.155211e-01
  2.164940e-01
  2.396598e-01
  2.505850e-01
  2.382338e-01
  2.225700e-01
  2.223748e-01
  2.267387e-01
  2.350160e-01
  2.371625e-01
  2.452640e-01
  2.719441e-01
  3.195506e-01
  3.827544e-01
  4.511236e-01
  5.110055e-01
  5.408867e-01
  5.782117e-01
  5.984936e-01
