  -7.7981573e-03
  -8.1812870e-03
  -8.1056450e-03
  -7.4337716e-03
  -6.3323108e-03
  -5.0593768e-03
  -4.2813369e-03
  -3.7523161e-03
  -3.4272361e-03
  -3.2524632e-03
  -3.0106893e-03
  -3.3041129e-03
  -0.0000000e+00
   0.0000000e+00
   0.0000000e+00
   0.0000000e+00
   0.0000000e+00
   0.0000000e+00
   0.0000000e+00
   0.0000000e+00
   0.0000000e+00
   0.0000000e+00
   0.0000000e+00
   0.0000000e+00
   0.0000000e+00
   0.0000000e+00
   0.0000000e+00
   0.0000000e+00
   0.0000000e+00
   0.0000000e+00
   2.7600905e-03
   1.9394271e-03
   4.9006137e-04
  -1.7305275e-03
  -4.2056089e-03
  -6.3053058e-03
  -0.0000000e+00
  -0.0000000e+00
  -0.0000000e+00
  -0.0000000e+00
  -0.0000000e+00
  -0.0000000e+00
  -0.0000000e+00
  -0.0000000e+00
  -0.0000000e+00
  -7.3603008e-03
  -8.0044712e-03
  -7.6058990e-03
  -5.1503022e-03
   0.0000000e+00
   0.0000000e+00
   0.0000000e+00
   0.0000000e+00
   0.0000000e+00
   0.0000000e+00
   0.0000000e+00
   0.0000000e+00
   0.0000000e+00
   0.0000000e+00
   0.0000000e+00
   0.0000000e+00
   0.0000000e+00
   0.0000000e+00
   0.0000000e+00
   0.0000000e+00
   0.0000000e+00
   0.0000000e+00
   0.0000000e+00
   5.7320703e-04
  -1.6898809e-03
  -5.3051648e-03
  -0.0000000e+00
  -7.8616201e-03
  -1.4014413e-02
  -1.4753998e-02
  -1.4764841e-02
  -1.4300527e-02
  -1.3512326e-02
  -1.2422469e-02
  -1.0037098e-02
  -9.0980595e-03
  -7.4784819e-03
  -4.8927091e-03
  -2.9739777e-03
   3.1029247e-03
   9.0092246e-03
   1.0417356e-02
   7.3603134e-03
   2.7986290e-03
   0.0000000e+00
   0.0000000e+00
   0.0000000e+00
   0.0000000e+00
   0.0000000e+00
   0.0000000e+00
   0.0000000e+00
   0.0000000e+00
   0.0000000e+00
   0.0000000e+00
   0.0000000e+00
   0.0000000e+00
   0.0000000e+00
   0.0000000e+00
   0.0000000e+00
   1.1601787e-02
   1.7434560e-02
   2.4465673e-02
   1.0889354e-02
   5.1803458e-02
   3.7214115e-02
   2.6926212e-02
   2.2072608e-02
   1.9783383e-02
   1.9915450e-02
   2.2439629e-02
   2.4807198e-02
   2.5209347e-02
   1.4424000e-02
   8.4354088e-03
   8.2773203e-03
   0.0000000e+00
   0.0000000e+00
   0.0000000e+00
   0.0000000e+00
   0.0000000e+00
   0.0000000e+00
   0.0000000e+00
   0.0000000e+00
   0.0000000e+00
   0.0000000e+00
   0.0000000e+00
   0.0000000e+00
   0.0000000e+00
   0.0000000e+00
   0.0000000e+00
   0.0000000e+00
   0.0000000e+00
   0.0000000e+00
   0.0000000e+00
   0.0000000e+00
   2.2892239e-02
   3.3359049e-02
   5.3690492e-02
   6.4580426e-02
   1.2006387e-01
   1.1006715e-01
   9.4495200e-02
   8.3246976e-02
   7.2086066e-02
   6.3574620e-02
   6.1397936e-02
   5.7073444e-02
   5.9696671e-02
   4.7777936e-02
   3.6163905e-02
   3.4239039e-02
   0.0000000e+00
   0.0000000e+00
   0.0000000e+00
   0.0000000e+00
   0.0000000e+00
   0.0000000e+00
   0.0000000e+00
   0.0000000e+00
   0.0000000e+00
   2.9530133e-02
   1.7071823e-02
   0.0000000e+00
   0.0000000e+00
   0.0000000e+00
   0.0000000e+00
   0.0000000e+00
   0.0000000e+00
   0.0000000e+00
   0.0000000e+00
   0.0000000e+00
   4.1842280e-02
   6.3893210e-02
   8.3583818e-02
   1.1260640e-01
   1.4402720e-01
   1.4410444e-01
   1.3115130e-01
   1.1560397e-01
   1.0112385e-01
   8.7282762e-02
   7.9412125e-02
   7.1309872e-02
   7.4853040e-02
   6.9172807e-02
   6.5212406e-02
   5.6513935e-02
   3.7583624e-02
   0.0000000e+00
   0.0000000e+00
   0.0000000e+00
   0.0000000e+00
   0.0000000e+00
   0.0000000e+00
   0.0000000e+00
   3.9084705e-02
   6.4006954e-02
   4.4871788e-02
   0.0000000e+00
   0.0000000e+00
   0.0000000e+00
   0.0000000e+00
   4.0394194e-02
   3.0967471e-02
   0.0000000e+00
   0.0000000e+00
   0.0000000e+00
   5.6431293e-02
   9.3927197e-02
   1.1136027e-01
   1.3264099e-01
   1.3132380e-01
   1.3162306e-01
   1.2257402e-01
   1.0937358e-01
   9.7739063e-02
   8.6263195e-02
   7.8425042e-02
   7.1926221e-02
   7.2011963e-02
   7.0305079e-02
   7.1811698e-02
   5.8562994e-02
   2.8143780e-02
   0.0000000e+00
   0.0000000e+00
   0.0000000e+00
   0.0000000e+00
   0.0000000e+00
   0.0000000e+00
   4.0937547e-02
   5.9543520e-02
   9.0276472e-02
   5.8425162e-02
   0.0000000e+00
   0.0000000e+00
   0.0000000e+00
   3.5569335e-02
   4.6763867e-02
   4.6411827e-02
   2.6428497e-02
   0.0000000e+00
   0.0000000e+00
   6.3461347e-02
   1.0824040e-01
   1.2173776e-01
   1.2979163e-01
   8.5966572e-02
   8.0058098e-02
   7.4215859e-02
   6.8561919e-02
   6.2453717e-02
   5.7282876e-02
   5.4559771e-02
   5.0897695e-02
   4.8246302e-02
   4.6606511e-02
   4.7358029e-02
   3.7965927e-02
   1.8703917e-02
   1.2454338e-02
   1.1471393e-02
   0.0000000e+00
   0.0000000e+00
   5.6693068e-03
   2.0962276e-02
   4.3619051e-02
   6.8797186e-02
   7.8308940e-02
   4.6705451e-02
   1.8067782e-02
   1.5660951e-02
   2.0678737e-02
   3.4610945e-02
   4.9139723e-02
   4.1238364e-02
   1.9708616e-02
   0.0000000e+00
   0.0000000e+00
   4.5657886e-02
   7.8320727e-02
   8.7239698e-02
   9.0353839e-02
   2.3272406e-02
   1.9907385e-02
   1.7629981e-02
   1.6235458e-02
   1.2829223e-02
   1.1658282e-02
   1.1477032e-02
   1.0224787e-02
   9.0321014e-03
   9.9865841e-03
   1.1324420e-02
   8.4192734e-03
   1.7134674e-03
   1.6531169e-03
   5.3672445e-03
   0.0000000e+00
  -0.0000000e+00
  -4.0950691e-03
   1.2108838e-02
   2.7615534e-02
   3.5864975e-02
   3.5689749e-02
   1.6872007e-02
  -1.9103467e-03
  -2.5203486e-03
   3.0791988e-03
   1.5276928e-02
   1.7800031e-02
   7.1357293e-03
   2.7599085e-03
   0.0000000e+00
   0.0000000e+00
   1.3632987e-02
   2.3890562e-02
   2.5883578e-02
   2.4470929e-02
  -2.7321972e-02
  -2.7290907e-02
  -2.7809780e-02
  -2.7906952e-02
  -3.1263202e-02
  -3.0275716e-02
  -3.2485213e-02
  -2.9695528e-02
  -2.9525340e-02
  -2.6314460e-02
  -2.1166317e-02
  -2.2325549e-02
  -1.5158353e-02
  -7.6616354e-03
  -1.5605435e-04
   1.1736128e-03
  -0.0000000e+00
  -1.4611841e-02
  -4.0079063e-03
   0.0000000e+00
  -3.9681802e-03
  -1.1511507e-02
  -1.5746851e-02
  -2.8767487e-02
  -2.5829569e-02
  -2.0688931e-02
  -1.7617485e-02
  -2.2035079e-02
  -2.0724287e-02
  -0.0000000e+00
   0.0000000e+00
   0.0000000e+00
  -0.0000000e+00
  -2.1248031e-02
  -2.1617776e-02
  -2.7564423e-02
  -5.6370303e-02
  -5.6061227e-02
  -5.5961657e-02
  -5.4054547e-02
  -5.7087116e-02
  -5.3806398e-02
  -5.6938495e-02
  -5.1693399e-02
  -5.0859634e-02
  -5.0144475e-02
  -4.4848058e-02
  -4.5600720e-02
  -2.6204751e-02
  -0.0000000e+00
  -2.8041964e-03
   3.1260817e-03
   0.0000000e+00
  -0.0000000e+00
  -1.5773871e-02
  -0.0000000e+00
  -2.9117050e-02
  -4.5727558e-02
  -4.2628475e-02
  -3.9303407e-02
  -3.1833459e-02
  -2.9570201e-02
  -3.6805119e-02
  -4.6730559e-02
  -3.2364368e-02
  -0.0000000e+00
   0.0000000e+00
   0.0000000e+00
  -0.0000000e+00
  -4.5911189e-02
  -4.7213782e-02
  -5.4875892e-02
  -6.9196299e-02
  -7.0016161e-02
  -7.0029780e-02
  -6.5525837e-02
  -6.6890776e-02
  -6.1608505e-02
  -6.2966295e-02
  -5.7898156e-02
  -5.6923870e-02
  -6.0855914e-02
  -5.7791606e-02
  -5.7314582e-02
  -3.1845460e-02
  -1.6867256e-02
   5.4531328e-04
   4.5771102e-03
   0.0000000e+00
  -0.0000000e+00
  -2.0752685e-02
  -3.0775584e-02
  -4.4186145e-02
  -6.2977254e-02
  -6.0540508e-02
  -3.9615425e-02
  -0.0000000e+00
  -0.0000000e+00
  -4.0547470e-02
  -5.4166414e-02
  -3.4233723e-02
  -6.2948268e-03
   0.0000000e+00
   0.0000000e+00
  -0.0000000e+00
  -5.6472007e-02
  -5.8734257e-02
  -6.4888388e-02
  -6.9114991e-02
  -7.1302168e-02
  -7.1942598e-02
  -6.4424306e-02
  -6.2187422e-02
  -5.5623945e-02
  -5.2063815e-02
  -5.0137170e-02
  -4.9547072e-02
  -5.9249535e-02
  -5.9990875e-02
  -5.6551684e-02
  -3.4431398e-02
  -1.9000050e-02
  -1.1846514e-02
   1.1845822e-03
   0.0000000e+00
   0.0000000e+00
  -2.2330846e-02
  -4.5046467e-02
  -5.2126613e-02
  -6.1954346e-02
  -6.7771576e-02
  -3.0758835e-02
  -0.0000000e+00
   0.0000000e+00
  -0.0000000e+00
  -4.4187147e-02
  -2.9333498e-02
  -2.3034815e-03
   0.0000000e+00
   0.0000000e+00
  -4.0070362e-02
  -5.6852326e-02
  -6.0142919e-02
  -6.1721042e-02
  -5.6999631e-02
  -5.7636682e-02
  -5.9400130e-02
  -5.1714160e-02
  -4.5588776e-02
  -4.0393803e-02
  -3.4284171e-02
  -3.5073210e-02
  -3.6129151e-02
  -4.7765959e-02
  -5.0358068e-02
  -4.6505973e-02
  -3.3857316e-02
  -2.0884980e-02
  -1.6756862e-02
  -2.0698592e-03
   0.0000000e+00
   0.0000000e+00
  -0.0000000e+00
  -4.5211728e-02
  -5.3159729e-02
  -4.3091606e-02
  -5.0484948e-02
  -1.8552372e-02
  -4.9261632e-03
  -7.5262063e-03
   0.0000000e+00
  -2.5846389e-02
  -2.0657355e-02
   5.4352678e-04
   0.0000000e+00
  -0.0000000e+00
  -3.0596095e-02
  -4.7440108e-02
  -4.9458906e-02
  -4.9796853e-02
  -4.6503417e-02
  -4.4737153e-02
  -4.5564506e-02
  -4.0059760e-02
  -3.3837404e-02
  -3.1370535e-02
  -2.6149545e-02
  -2.8440794e-02
  -2.9863449e-02
  -3.7993055e-02
  -4.0068693e-02
  -3.5491608e-02
  -2.8658917e-02
  -1.7491173e-02
  -1.3236444e-02
   1.1575450e-03
   0.0000000e+00
   0.0000000e+00
   0.0000000e+00
  -3.2884883e-02
  -4.1681811e-02
  -3.4539729e-02
  -3.2500934e-02
  -9.7534712e-03
  -6.1337429e-04
  -7.3987666e-05
  -0.0000000e+00
  -0.0000000e+00
  -1.3856196e-02
  -4.0952314e-04
   5.6790574e-03
  -0.0000000e+00
  -3.3402223e-02
  -3.8007766e-02
  -3.9966319e-02
  -4.0640559e-02
  -4.0287539e-02
  -3.7698660e-02
  -3.7571806e-02
  -3.4305356e-02
  -2.8978162e-02
  -2.8916994e-02
  -2.4990624e-02
  -2.8328961e-02
  -2.8971964e-02
  -3.3283420e-02
  -3.4573145e-02
  -2.8032353e-02
  -2.4744740e-02
  -1.2918405e-02
  -6.1777839e-03
   5.7495257e-03
   0.0000000e+00
   0.0000000e+00
   0.0000000e+00
  -2.0933694e-02
  -3.2360894e-02
  -3.2349829e-02
  -2.3972141e-02
  -6.0097435e-03
  -6.1871583e-04
   1.6994601e-03
   1.8998561e-03
   0.0000000e+00
  -1.0019998e-02
  -3.1324942e-03
  -1.6870582e-03
  -2.1751917e-02
  -3.4846913e-02
  -3.2229427e-02
  -3.4890678e-02
  -3.5303816e-02
  -3.5047125e-02
  -3.3881139e-02
  -3.2931171e-02
  -3.2707408e-02
  -2.9704491e-02
  -3.2483283e-02
  -3.0370481e-02
  -3.4811255e-02
  -3.3131469e-02
  -3.2653332e-02
  -3.2820165e-02
  -2.2017391e-02
  -2.0951848e-02
  -4.9049552e-03
   8.0513683e-03
   8.6453473e-03
   0.0000000e+00
   0.0000000e+00
  -0.0000000e+00
  -1.0167071e-02
  -2.5437763e-02
  -3.5000727e-02
  -2.3884773e-02
  -6.7222388e-03
  -5.9109195e-03
   2.8670905e-04
   5.3109391e-03
   0.0000000e+00
  -0.0000000e+00
  -7.9090605e-03
  -1.0471440e-02
  -2.3663413e-02
  -3.1932708e-02
  -2.6764074e-02
  -3.1662028e-02
  -3.0607499e-02
  -2.8944148e-02
  -3.0457692e-02
  -3.1488467e-02
  -3.2795772e-02
  -3.1635404e-02
  -3.5702195e-02
  -3.4343828e-02
  -3.8608398e-02
  -3.6138996e-02
  -3.4382198e-02
  -3.2970492e-02
  -2.1223694e-02
  -2.0413015e-02
  -1.0214054e-03
   1.5206387e-02
   1.2103947e-02
   0.0000000e+00
   0.0000000e+00
  -0.0000000e+00
  -8.4119454e-03
  -1.8238229e-02
  -2.8183004e-02
  -2.5648329e-02
  -1.3148994e-02
  -1.1444878e-02
  -5.5071185e-03
   2.9230521e-03
   0.0000000e+00
  -0.0000000e+00
  -1.2683989e-02
  -1.7988475e-02
  -2.3520781e-02
  -2.3241680e-02
  -2.1101488e-02
  -2.5638007e-02
  -2.4563173e-02
  -2.2333294e-02
  -2.4122646e-02
  -2.6532022e-02
  -2.8057057e-02
  -2.7671257e-02
  -3.0883577e-02
  -2.9863253e-02
  -3.2722857e-02
  -3.1096507e-02
  -2.9632764e-02
  -2.6854282e-02
  -1.8782910e-02
  -1.7085653e-02
  -1.7304826e-03
   1.3723867e-02
   1.2680945e-02
   0.0000000e+00
   0.0000000e+00
  -0.0000000e+00
  -8.1420559e-03
  -9.3763990e-03
  -1.6825588e-02
  -2.0964602e-02
  -1.6432660e-02
  -1.1791936e-02
  -6.3729570e-03
   6.9415296e-04
  -9.0189461e-04
  -0.0000000e+00
  -1.4255184e-02
  -1.7556025e-02
  -1.9608974e-02
  -1.7932396e-02
  -1.6830638e-02
  -1.9757308e-02
  -1.8921589e-02
  -2.0491272e-02
  -2.2586683e-02
  -2.6514472e-02
  -2.8601378e-02
  -2.9130435e-02
  -3.1489592e-02
  -3.1325404e-02
  -3.3450898e-02
  -3.3919040e-02
  -3.4123756e-02
  -3.1357653e-02
  -2.6326476e-02
  -2.2576667e-02
  -6.6486718e-03
   7.5096767e-03
   1.0364468e-02
   0.0000000e+00
   0.0000000e+00
  -0.0000000e+00
  -9.8932452e-03
  -3.2231302e-03
  -3.1628497e-03
  -1.6674690e-02
  -2.0123059e-02
  -1.4282161e-02
  -9.7257178e-03
  -3.9613657e-03
  -3.9995629e-03
  -1.0299190e-02
  -1.6113557e-02
  -1.6946917e-02
  -1.7688952e-02
  -1.6501309e-02
  -1.6407158e-02
  -1.7806998e-02
  -1.7730452e-02
  -1.6456900e-02
  -1.6775720e-02
  -2.0253498e-02
  -2.2109646e-02
  -2.3728503e-02
  -2.3824295e-02
  -2.4149487e-02
  -2.5464406e-02
  -2.7596908e-02
  -3.0069536e-02
  -2.9520540e-02
  -3.2103006e-02
  -2.6981778e-02
  -2.0210313e-02
  -1.1701168e-02
  -1.0988683e-03
   0.0000000e+00
   0.0000000e+00
   0.0000000e+00
  -1.3320293e-02
   5.8993166e-03
   1.0071874e-02
  -0.0000000e+00
  -1.7399209e-02
  -1.7988499e-02
  -1.4369174e-02
  -1.0745785e-02
  -1.1138804e-02
  -1.5307011e-02
  -1.7676137e-02
  -1.5665362e-02
  -1.7586352e-02
  -1.7851571e-02
  -1.7805878e-02
  -1.6645111e-02
  -1.6101634e-02
  -1.8204594e-02
  -1.5367507e-02
  -1.6880680e-02
  -1.8206658e-02
  -2.0547058e-02
  -2.0172969e-02
  -1.9378461e-02
  -1.9985380e-02
  -2.1306848e-02
  -2.5644138e-02
  -2.8255768e-02
  -3.4722395e-02
  -3.3286344e-02
  -3.5702970e-02
  -4.0207859e-02
  -2.9426934e-02
  -2.3328668e-02
  -1.8595982e-02
  -1.4322654e-02
  -1.6251850e-02
   4.9209921e-03
   7.6909885e-03
  -0.0000000e+00
  -1.1890841e-02
  -1.9275174e-02
  -2.0221503e-02
  -2.0661136e-02
  -2.5158124e-02
  -2.4502391e-02
  -2.4448870e-02
  -2.3414236e-02
  -2.4945544e-02
  -2.4355413e-02
  -2.4364920e-02
  -2.3183219e-02
  -2.0540411e-02
  -2.6533799e-02
  -2.1943228e-02
  -2.1901067e-02
  -2.3134189e-02
  -2.5202587e-02
  -2.4830446e-02
  -2.2855259e-02
  -2.2438485e-02
  -2.3103166e-02
  -2.7629307e-02
  -3.2148119e-02
  -3.9631873e-02
  -4.1618366e-02
  -4.8173673e-02
  -6.0761020e-02
  -4.3368508e-02
  -3.2612907e-02
  -2.7753353e-02
  -2.2412937e-02
  -1.9726029e-02
  -2.3820121e-03
   0.0000000e+00
  -1.4094180e-02
  -1.2029841e-02
  -2.0862171e-02
  -2.6431257e-02
  -3.1375248e-02
  -3.7414290e-02
  -3.4595385e-02
  -3.3926018e-02
  -3.4144428e-02
  -3.4778863e-02
  -3.3954915e-02
  -3.4418840e-02
  -3.3721257e-02
  -3.0101476e-02
  -4.3246377e-02
  -3.7677057e-02
  -3.6072653e-02
  -3.7555806e-02
  -3.8619895e-02
  -3.8637165e-02
  -3.5302963e-02
  -3.3338249e-02
  -3.3367380e-02
  -3.6596917e-02
  -4.2423993e-02
  -4.8976548e-02
  -5.4554205e-02
  -6.1815370e-02
  -8.0461025e-02
  -7.1783796e-02
  -4.6594232e-02
  -4.4627268e-02
  -3.8678243e-02
  -2.4223706e-02
  -1.6485523e-02
  -0.0000000e+00
  -1.5251837e-02
  -1.8177910e-02
  -2.4452616e-02
  -3.5481043e-02
  -4.6096943e-02
  -5.1813744e-02
  -4.8837904e-02
  -4.8446618e-02
  -5.0285511e-02
  -4.9954534e-02
  -4.9629714e-02
  -5.0984595e-02
  -5.1220059e-02
  -4.7303941e-02
  -6.2707730e-02
  -5.9209749e-02
  -5.6771819e-02
  -5.8695424e-02
  -5.9208784e-02
  -6.0006551e-02
  -5.7328615e-02
  -5.4356549e-02
  -5.4106515e-02
  -5.3310409e-02
  -5.8152780e-02
  -6.1871007e-02
  -6.7730941e-02
  -7.1157835e-02
  -7.9230763e-02
  -7.9211064e-02
  -5.4350857e-02
  -5.6759845e-02
  -5.1593967e-02
  -3.2464053e-02
  -3.1344123e-02
  -2.3201590e-02
  -2.7579380e-02
  -3.4893174e-02
  -3.1007012e-02
  -4.6541210e-02
  -5.7829142e-02
  -5.9591219e-02
  -6.1965849e-02
  -5.9330348e-02
  -6.1314970e-02
  -6.2108565e-02
  -6.4320587e-02
  -6.6563010e-02
  -6.7657351e-02
  -6.6055246e-02
  -6.8041772e-02
  -6.7111343e-02
  -6.4507149e-02
  -6.5613203e-02
  -6.7233823e-02
  -6.8769991e-02
  -6.8588018e-02
  -6.6638120e-02
  -6.4902402e-02
  -6.1784472e-02
  -6.2469248e-02
  -6.2835060e-02
  -6.4843506e-02
  -6.3163154e-02
  -6.4858645e-02
  -6.6888429e-02
  -5.2465543e-02
  -4.8964433e-02
  -4.1937150e-02
  -3.1504557e-02
  -2.9702548e-02
  -2.1657398e-02
  -3.2874305e-02
  -4.0695116e-02
  -3.4792006e-02
  -4.9329951e-02
  -5.6010693e-02
  -5.7683803e-02
  -6.0911916e-02
  -5.7354502e-02
  -5.9431065e-02
  -6.1165847e-02
  -6.5221913e-02
  -6.8077303e-02
  -6.9146559e-02
  -6.9665916e-02
  -5.7343587e-02
  -5.8326416e-02
  -5.7728175e-02
  -5.8919076e-02
  -6.1118677e-02
  -6.2478498e-02
  -6.3705705e-02
  -6.2816247e-02
  -6.0579073e-02
  -5.7613432e-02
  -5.5159595e-02
  -5.2605726e-02
  -5.0029192e-02
  -4.5977652e-02
  -4.6272472e-02
  -4.8545215e-02
  -4.2122256e-02
  -3.2648098e-02
  -2.4748307e-02
  -2.0708917e-02
  -1.7551372e-02
  -1.3755439e-02
  -2.5353521e-02
  -3.0943576e-02
  -2.7885947e-02
  -3.8759794e-02
  -4.2921104e-02
  -4.4177622e-02
  -4.6155564e-02
  -4.4340372e-02
  -4.6448682e-02
  -4.8216343e-02
  -5.2387170e-02
  -5.5827741e-02
  -5.6786578e-02
  -5.7807207e-02
  -3.0355228e-02
  -3.2708626e-02
  -3.5717379e-02
  -3.7755646e-02
  -3.9742511e-02
  -4.0213242e-02
  -4.1587237e-02
  -4.1450955e-02
  -3.9940473e-02
  -3.8888659e-02
  -3.5071746e-02
  -3.0492248e-02
  -2.3801208e-02
  -1.9903298e-02
  -2.2115605e-02
  -2.3566304e-02
  -2.1728663e-02
  -1.2160553e-02
  -0.0000000e+00
  -4.1784844e-03
  -1.8421835e-03
  -6.7747204e-04
  -4.2956700e-03
  -4.5210379e-03
  -6.4281230e-03
  -1.1265695e-02
  -1.4817312e-02
  -1.5304161e-02
  -1.5375346e-02
  -1.7123941e-02
  -1.9351872e-02
  -2.1303050e-02
  -2.4456127e-02
  -2.8231306e-02
  -2.9262464e-02
  -2.9858092e-02
   1.2105584e-02
   9.0340376e-03
   3.0349835e-03
   7.2644470e-05
  -8.1982353e-04
  -7.0116948e-06
   2.8580369e-05
   1.4557890e-04
  -4.4524000e-04
  -1.7513447e-03
   3.3901515e-04
   4.2329622e-03
   1.1374989e-02
   1.3629888e-02
   1.0192284e-02
   1.1465916e-02
   1.2235611e-02
   1.0346362e-02
   0.0000000e+00
   0.0000000e+00
   0.0000000e+00
   1.2914115e-02
   2.9574992e-02
   3.7598655e-02
   2.9953014e-02
   3.7043744e-02
   3.5036795e-02
   3.5061654e-02
   3.4646645e-02
   2.9457472e-02
   2.6340844e-02
   2.1879351e-02
   1.9158723e-02
   1.5969690e-02
   1.4582025e-02
   1.3857902e-02
   5.6151114e-02
   5.1902559e-02
   4.6103545e-02
   4.4071391e-02
   4.3157145e-02
   4.6179798e-02
   4.7251429e-02
   4.8300773e-02
   4.7869500e-02
   4.6222173e-02
   4.6986081e-02
   4.8145797e-02
   5.5672623e-02
   5.5535968e-02
   5.4527339e-02
   6.2385324e-02
   5.3305402e-02
   2.9203633e-02
   0.0000000e+00
   0.0000000e+00
   0.0000000e+00
   2.9004456e-02
   5.9428453e-02
   7.5119994e-02
   7.1565818e-02
   8.8507095e-02
   9.1453746e-02
   9.4249062e-02
   9.1312870e-02
   8.5851349e-02
   8.1210017e-02
   7.2757974e-02
   6.8359040e-02
   6.4722881e-02
   6.2711090e-02
   5.8873236e-02
   8.3972447e-02
   7.8718938e-02
   7.5958483e-02
   7.6832779e-02
   7.6385148e-02
   8.1390411e-02
   8.2900040e-02
   8.6236492e-02
   8.6705506e-02
   8.7018751e-02
   8.9463383e-02
   8.9083582e-02
   9.5774345e-02
   9.2053987e-02
   9.9926002e-02
   1.1182568e-01
   8.1712916e-02
   0.0000000e+00
   0.0000000e+00
   0.0000000e+00
   0.0000000e+00
   4.1229341e-02
   7.1209237e-02
   8.3497599e-02
   9.0312921e-02
   1.0556946e-01
   1.1487354e-01
   1.2749438e-01
   1.2639552e-01
   1.2445756e-01
   1.1639183e-01
   1.0678982e-01
   1.0087499e-01
   9.3858920e-02
   9.1734327e-02
   8.6549811e-02
   8.5656531e-02
   8.3570071e-02
   8.4331766e-02
   8.6746939e-02
   8.8381492e-02
   9.2800871e-02
   9.4551593e-02
   9.8023668e-02
   9.7421162e-02
   1.0051989e-01
   1.0526381e-01
   1.0793798e-01
   1.1094547e-01
   1.0612059e-01
   1.1810076e-01
   1.2169849e-01
   8.9952119e-02
   5.6977214e-02
   4.1679710e-02
   4.5437097e-02
   5.0545243e-02
   5.3873230e-02
   6.4518690e-02
   6.9221117e-02
   8.1037544e-02
   9.3943194e-02
   1.0100496e-01
   1.1400606e-01
   1.1781891e-01
   1.1857775e-01
   1.1145213e-01
   1.0488463e-01
   9.9796578e-02
   9.3080014e-02
   9.1879062e-02
   8.7918907e-02
   6.9037035e-02
   7.0197843e-02
   7.1200252e-02
   7.3051989e-02
   7.7382639e-02
   8.0789380e-02
   8.3453298e-02
   8.2835436e-02
   8.3943591e-02
   8.8034801e-02
   9.1011547e-02
   9.6255355e-02
   9.4282165e-02
   9.3353972e-02
   9.9550948e-02
   9.0667680e-02
   8.1075013e-02
   7.3621422e-02
   6.6420846e-02
   7.0743091e-02
   6.7065284e-02
   5.3762734e-02
   4.8936922e-02
   4.7209550e-02
   5.2682117e-02
   6.7423053e-02
   7.1702085e-02
   7.2040379e-02
   7.6045088e-02
   7.7454761e-02
   7.4199021e-02
   7.1751915e-02
   7.1555331e-02
   7.0600510e-02
   7.0642136e-02
   7.0064217e-02
   3.3947419e-02
   3.6661692e-02
   3.8132977e-02
   3.9726555e-02
   4.3384559e-02
   4.5880314e-02
   4.7932021e-02
   4.6703566e-02
   5.0293036e-02
   5.1491246e-02
   4.9126893e-02
   4.9561057e-02
   4.4591539e-02
   4.8440360e-02
   4.8665676e-02
   4.0641733e-02
   4.7628500e-02
   5.7041291e-02
   6.0668889e-02
   5.8908351e-02
   4.7847185e-02
   3.3948850e-02
   2.3746185e-02
   1.9602913e-02
   1.6011648e-02
   2.4227316e-02
   2.8389594e-02
   1.9586906e-02
   1.8524149e-02
   2.1068992e-02
   1.9633543e-02
   1.9184586e-02
   2.2973025e-02
   2.8027648e-02
   3.0132700e-02
   3.2469891e-02
  -5.7235393e-03
  -1.5452437e-03
   1.9984839e-03
   4.5804698e-03
   5.5304747e-03
   4.9846568e-03
   4.9499525e-03
   4.6334830e-03
   5.7979068e-03
   3.7166723e-03
  -1.1554742e-03
  -4.1399640e-03
  -5.8765877e-03
  -2.7874620e-03
  -4.0166569e-03
  -7.4649663e-03
  -3.0030643e-03
   1.1035723e-03
   2.9142261e-03
   4.2928820e-03
   5.5184690e-03
   2.9549222e-03
  -3.7404059e-03
  -9.0426775e-03
  -1.5488914e-02
  -1.8069522e-02
  -1.8756950e-02
  -2.4789561e-02
  -2.5860472e-02
  -2.3821650e-02
  -2.4620028e-02
  -2.3369778e-02
  -1.8499561e-02
  -1.4208653e-02
  -1.1756907e-02
  -8.9362636e-03
  -2.8887793e-02
  -2.6734361e-02
  -2.5536101e-02
  -2.5053604e-02
  -2.6088066e-02
  -2.8143397e-02
  -2.9808672e-02
  -3.1545907e-02
  -3.3946145e-02
  -3.6382474e-02
  -3.7526261e-02
  -3.6474217e-02
  -3.5127014e-02
  -3.5420701e-02
  -3.7071735e-02
  -3.7199140e-02
  -3.3048235e-02
  -2.7176587e-02
  -2.2280110e-02
  -1.7751206e-02
  -1.5596333e-02
  -1.6894586e-02
  -1.9807823e-02
  -2.2230560e-02
  -2.5280762e-02
  -3.0485651e-02
  -3.6334187e-02
  -4.0807556e-02
  -4.3396514e-02
  -4.4681683e-02
  -4.4990830e-02
  -4.3548509e-02
  -4.0842645e-02
  -3.8016059e-02
  -3.4737777e-02
  -3.1464417e-02
