  5.410519e-01
  4.821122e-01
  4.253019e-01
  3.865499e-01
  3.523703e-01
  3.176295e-01
  2.858393e-01
  2.608991e-01
  2.466306e-01
  2.439962e-01
  2.517361e-01
  2.523261e-01
  2.472732e-01
  2.408586e-01
  2.339649e-01
  2.357876e-01
  2.332418e-01
  2.288006e-01
  2.332482e-01
  2.370390e-01
  2.366655e-01
  2.273078e-01
  2.275429e-01
  2.302287e-01
  2.336973e-01
  2.374926e-01
  2.370767e-01
  2.422734e-01
  2.640908e-01
  3.033436e-01
  3.540117e-01
  4.099602e-01
  4.660848e-01
  4.915805e-01
  5.433335e-01
  5.853159e-01
