   7.5408467e-03
   4.8378450e-03
   2.4159527e-03
   5.6694675e-04
  -9.4133598e-04
  -1.8095485e-03
  -2.1247608e-03
  -2.1232544e-03
  -1.9493808e-03
  -1.7605213e-03
  -1.5318736e-03
  -5.4517758e-04
   0.0000000e+00
   0.0000000e+00
   0.0000000e+00
   0.0000000e+00
   0.0000000e+00
   0.0000000e+00
   0.0000000e+00
   0.0000000e+00
   0.0000000e+00
   0.0000000e+00
   0.0000000e+00
   0.0000000e+00
   0.0000000e+00
   0.0000000e+00
   0.0000000e+00
   0.0000000e+00
   0.0000000e+00
   0.0000000e+00
   5.5924195e-03
   7.6672441e-03
   9.8642865e-03
   1.1579217e-02
   1.1268044e-02
   9.7080022e-03
   0.0000000e+00
   0.0000000e+00
   0.0000000e+00
   0.0000000e+00
   0.0000000e+00
   0.0000000e+00
   0.0000000e+00
   0.0000000e+00
   0.0000000e+00
   5.9077481e-03
   7.6385514e-03
   8.8442735e-03
   8.8782948e-03
   0.0000000e+00
   0.0000000e+00
   0.0000000e+00
   0.0000000e+00
   0.0000000e+00
   0.0000000e+00
   0.0000000e+00
   0.0000000e+00
   0.0000000e+00
   0.0000000e+00
   0.0000000e+00
   0.0000000e+00
   0.0000000e+00
   0.0000000e+00
   0.0000000e+00
   0.0000000e+00
   0.0000000e+00
   0.0000000e+00
   0.0000000e+00
   1.8937340e-02
   1.9549473e-02
   1.4787975e-02
   0.0000000e+00
   4.9606604e-03
  -1.2847866e-02
  -1.0630374e-02
  -7.2043514e-03
  -3.9233165e-03
   1.7265217e-03
   5.8955820e-03
   9.0278946e-03
   3.8555633e-03
  -4.4484421e-03
   4.5659769e-03
   9.4153471e-03
   1.3310599e-03
  -3.5310443e-05
   1.8889520e-03
   5.3159768e-04
  -3.2329811e-03
  -0.0000000e+00
   0.0000000e+00
   0.0000000e+00
   0.0000000e+00
   0.0000000e+00
   0.0000000e+00
   0.0000000e+00
   0.0000000e+00
   0.0000000e+00
   0.0000000e+00
   0.0000000e+00
   0.0000000e+00
   0.0000000e+00
   0.0000000e+00
   0.0000000e+00
   2.0638624e-02
   3.1372033e-02
   4.0230596e-02
   3.1247810e-02
  -1.1551687e-02
  -3.1711180e-02
  -3.0969374e-02
  -2.8717395e-02
  -2.4527479e-02
  -1.7173620e-02
  -1.3750179e-02
  -8.2922485e-03
  -9.5093707e-03
  -1.7426383e-02
  -1.0920772e-02
  -8.4234253e-03
  -0.0000000e+00
  -0.0000000e+00
  -0.0000000e+00
  -0.0000000e+00
  -0.0000000e+00
  -0.0000000e+00
   0.0000000e+00
   0.0000000e+00
   0.0000000e+00
   0.0000000e+00
   0.0000000e+00
   0.0000000e+00
   0.0000000e+00
   0.0000000e+00
   0.0000000e+00
   0.0000000e+00
   0.0000000e+00
   0.0000000e+00
   0.0000000e+00
   0.0000000e+00
   1.5598892e-02
   2.2013286e-02
   2.7352740e-02
   1.9163711e-02
  -2.7358418e-02
  -4.3511175e-02
  -4.4753857e-02
  -4.1410301e-02
  -3.4016348e-02
  -2.7609194e-02
  -2.5727883e-02
  -1.9894343e-02
  -1.8257886e-02
  -2.4057761e-02
  -2.1128143e-02
  -3.2989156e-02
  -0.0000000e+00
   0.0000000e+00
   0.0000000e+00
   0.0000000e+00
   0.0000000e+00
   0.0000000e+00
   0.0000000e+00
   0.0000000e+00
   0.0000000e+00
   1.1824630e-03
  -1.7441329e-02
  -0.0000000e+00
   0.0000000e+00
   0.0000000e+00
   0.0000000e+00
   0.0000000e+00
   0.0000000e+00
   0.0000000e+00
   0.0000000e+00
   0.0000000e+00
   1.1000520e-02
   1.7227464e-02
   8.3330650e-03
  -5.5034212e-03
  -3.6415093e-02
  -4.6167314e-02
  -4.4150889e-02
  -3.9418433e-02
  -3.1855211e-02
  -2.6721392e-02
  -2.4514837e-02
  -2.0551138e-02
  -2.0101283e-02
  -2.3329979e-02
  -2.7291222e-02
  -4.2742152e-02
  -4.6430449e-02
   0.0000000e+00
   0.0000000e+00
   0.0000000e+00
   0.0000000e+00
   0.0000000e+00
   0.0000000e+00
  -0.0000000e+00
  -3.2980883e-03
  -1.4356747e-02
  -3.9990485e-02
  -0.0000000e+00
   0.0000000e+00
   0.0000000e+00
   0.0000000e+00
  -1.0402987e-02
  -1.2927703e-02
  -0.0000000e+00
   0.0000000e+00
   0.0000000e+00
   7.8217338e-03
   1.5798919e-02
  -1.2293659e-03
  -2.2538062e-02
  -3.9178606e-02
  -4.1084509e-02
  -3.4329999e-02
  -2.9281480e-02
  -2.4396522e-02
  -2.0670645e-02
  -1.9355180e-02
  -1.8202350e-02
  -1.8839963e-02
  -2.1784434e-02
  -2.4491446e-02
  -3.2241587e-02
  -2.5507873e-02
   0.0000000e+00
   0.0000000e+00
   0.0000000e+00
   0.0000000e+00
   0.0000000e+00
   0.0000000e+00
  -4.6674108e-03
  -1.8062018e-02
  -3.8518272e-02
  -4.5864590e-02
  -0.0000000e+00
   0.0000000e+00
   0.0000000e+00
  -1.0106995e-02
  -1.2510192e-02
  -1.3594358e-02
  -1.4202134e-02
   0.0000000e+00
   0.0000000e+00
   5.0623799e-03
   8.4240334e-03
  -1.1617786e-02
  -3.2133471e-02
  -2.9734163e-02
  -2.6842348e-02
  -2.0071810e-02
  -1.5739817e-02
  -1.3171230e-02
  -1.0788254e-02
  -1.1641899e-02
  -1.2742411e-02
  -1.4392169e-02
  -1.8000312e-02
  -1.7674275e-02
  -1.3574869e-02
  -5.6143817e-03
   2.6099395e-03
   3.5463732e-03
   0.0000000e+00
   0.0000000e+00
  -4.3234242e-03
  -6.4460144e-04
  -6.1945969e-04
  -2.6089238e-02
  -4.0473368e-02
  -3.0713107e-02
  -1.1761391e-02
  -8.0999775e-03
  -1.0262148e-02
  -1.0601157e-02
  -1.0581518e-02
   4.3387004e-04
   4.1235799e-03
   0.0000000e+00
   0.0000000e+00
   2.6237495e-03
  -3.8565148e-03
  -1.9408174e-02
  -2.9888276e-02
  -1.1223548e-02
  -9.3513895e-03
  -4.6480172e-03
  -2.2990392e-03
   5.1702088e-04
   1.0518272e-03
  -8.0026605e-04
  -1.8956128e-03
  -6.4772442e-03
  -1.0966461e-02
  -1.1178782e-02
  -2.8172010e-04
   1.3061874e-02
   1.5652172e-02
   1.2584668e-02
   0.0000000e+00
   0.0000000e+00
  -2.3997081e-03
   4.5744728e-04
   3.1562648e-03
  -1.5024574e-02
  -1.9116422e-02
  -5.4365657e-03
   3.2533254e-03
   7.0755614e-04
  -1.3002502e-03
  -2.6996993e-03
   4.6436535e-03
   2.5880177e-02
   2.1543866e-02
   0.0000000e+00
   0.0000000e+00
   1.0751248e-04
  -8.0202026e-03
  -1.3374818e-02
  -1.4364264e-02
   5.0893314e-03
   6.6457693e-03
   1.1060806e-02
   1.1969735e-02
   1.4908886e-02
   1.3755057e-02
   1.2390785e-02
   1.0932070e-02
   2.9111411e-03
  -1.8353182e-03
  -2.5218094e-03
   1.0484803e-02
   2.1777567e-02
   1.9669413e-02
   2.4239143e-02
   1.9453401e-02
  -0.0000000e+00
   2.0997369e-03
   4.4943042e-03
   0.0000000e+00
  -1.8050147e-03
   2.9216192e-03
   1.6084047e-02
   1.7963968e-02
   1.3735095e-02
   1.1554510e-02
   9.1596497e-03
   2.3953915e-02
   4.0987078e-02
   0.0000000e+00
   0.0000000e+00
   0.0000000e+00
   0.0000000e+00
   6.9631194e-04
   2.1857300e-03
   4.0192939e-03
   1.6158577e-02
   1.8744355e-02
   2.3118703e-02
   2.3226921e-02
   2.5179410e-02
   2.2798348e-02
   2.1237997e-02
   1.8772891e-02
   9.5535712e-03
   6.4276499e-03
   7.2879633e-03
   2.0084370e-02
   2.5156811e-02
   0.0000000e+00
   3.0222054e-02
   2.6177816e-02
   0.0000000e+00
   0.0000000e+00
   7.0624043e-03
   0.0000000e+00
   7.6915361e-03
   1.5868904e-02
   3.0633152e-02
   2.6631249e-02
   2.0093635e-02
   1.7175797e-02
   1.5686495e-02
   3.6039867e-02
   4.3797467e-02
   0.0000000e+00
   0.0000000e+00
   0.0000000e+00
   0.0000000e+00
   1.3064665e-02
   1.5790317e-02
   1.6490813e-02
   2.3069555e-02
   2.6475975e-02
   3.0399373e-02
   3.0004222e-02
   3.0339614e-02
   2.7003674e-02
   2.4556380e-02
   2.1056287e-02
   1.2774563e-02
   1.1931065e-02
   1.5062771e-02
   2.6204437e-02
   2.5625477e-02
   1.5417251e-02
   3.7086401e-02
   3.5970906e-02
   0.0000000e+00
   0.0000000e+00
   7.8331102e-03
   6.6009971e-03
   1.5277483e-02
   2.1984803e-02
   3.8898069e-02
   3.1812129e-02
   0.0000000e+00
   0.0000000e+00
   1.8312374e-02
   3.9473448e-02
   4.0475637e-02
   2.0201218e-02
   0.0000000e+00
   0.0000000e+00
   0.0000000e+00
   2.3814052e-02
   2.4820121e-02
   2.3721585e-02
   2.6436223e-02
   2.9908499e-02
   3.2632839e-02
   3.1741310e-02
   2.9939588e-02
   2.5736853e-02
   2.1993097e-02
   1.7619606e-02
   1.2465381e-02
   1.4137765e-02
   1.9696072e-02
   2.8025486e-02
   2.4081202e-02
   1.4435594e-02
   2.7989531e-02
   3.1464529e-02
   0.0000000e+00
   0.0000000e+00
   5.2412252e-03
   1.0084052e-02
   2.2264354e-02
   2.2595331e-02
   4.1261811e-02
   3.2691035e-02
   0.0000000e+00
   0.0000000e+00
   0.0000000e+00
   3.3848945e-02
   3.3768848e-02
   1.5854395e-02
   0.0000000e+00
   0.0000000e+00
   2.5119665e-02
   3.1278640e-02
   2.8533049e-02
   2.6489383e-02
   2.2834079e-02
   2.5636235e-02
   2.6806457e-02
   2.5384793e-02
   2.1986829e-02
   1.7223418e-02
   1.3928362e-02
   9.4343247e-03
   7.9568299e-03
   1.1188246e-02
   1.6690463e-02
   2.3479221e-02
   1.9661937e-02
   1.8084105e-02
   2.6785860e-02
   2.2491682e-02
   0.0000000e+00
   0.0000000e+00
   0.0000000e+00
   1.6394977e-02
   2.6906116e-02
   2.0814005e-02
   3.3848863e-02
   2.4599062e-02
   7.7215353e-03
   6.2737337e-03
   0.0000000e+00
   2.4465708e-02
   2.7423065e-02
   1.4465964e-02
   0.0000000e+00
   0.0000000e+00
   1.9856690e-02
   2.8867817e-02
   2.3177655e-02
   2.2970881e-02
   1.6267836e-02
   1.8257685e-02
   1.7640792e-02
   1.6201952e-02
   1.2558236e-02
   7.8778034e-03
   5.8861393e-03
   2.4928157e-03
   3.0603278e-03
   6.2323720e-03
   9.7086504e-03
   1.5948204e-02
   1.2015455e-02
   1.8953163e-02
   2.8116452e-02
   1.1779287e-02
   0.0000000e+00
   0.0000000e+00
   0.0000000e+00
   1.8521788e-02
   2.2198338e-02
   2.1651754e-02
   2.5061699e-02
   1.3082131e-02
   2.5760818e-03
   1.2781075e-03
   0.0000000e+00
   0.0000000e+00
   2.1186604e-02
   1.3774963e-02
   4.6703979e-03
   0.0000000e+00
   2.1225905e-02
   2.1140261e-02
   1.6903184e-02
   1.6761828e-02
   1.1705359e-02
   1.3242532e-02
   1.1241477e-02
   1.0056736e-02
   6.2385313e-03
   2.0450270e-03
   1.0930226e-03
  -1.3619558e-03
   2.3338146e-04
   2.4473357e-03
   4.7700442e-03
   9.4241956e-03
   5.8915522e-03
   1.6811676e-02
   2.3821857e-02
   3.9037069e-03
  -0.0000000e+00
   0.0000000e+00
   0.0000000e+00
   1.6457431e-02
   1.7539413e-02
   2.2618152e-02
   1.8558221e-02
   5.8173779e-03
   2.3402954e-03
   1.1511656e-03
   5.1025067e-03
   0.0000000e+00
   1.7680770e-02
   1.2685780e-02
  -7.2692291e-04
   7.8470085e-03
   2.1598816e-02
   1.5319446e-02
   1.3185043e-02
   1.2409189e-02
   7.7858041e-03
   9.1303475e-03
   5.9748003e-03
   5.4750252e-03
   1.6209845e-03
  -1.3888846e-03
  -1.3651109e-03
  -2.9870148e-03
  -1.0101935e-03
  -1.0117842e-03
   1.1940780e-03
   2.0856564e-03
  -3.8338249e-04
   9.3702208e-03
   9.2630273e-03
   2.3461247e-04
  -0.0000000e+00
   0.0000000e+00
   0.0000000e+00
   8.4277097e-03
   1.3443769e-02
   2.3081427e-02
   1.2175176e-02
   2.4734922e-03
   6.2437830e-03
   3.4089833e-03
   7.0366180e-04
   0.0000000e+00
   0.0000000e+00
   9.8969117e-03
  -1.5247264e-03
   7.7469521e-03
   1.8799677e-02
   9.6492162e-03
   1.0688617e-02
   8.5633248e-03
   6.6598002e-03
   7.5473026e-03
   4.7652470e-03
   4.1924473e-03
   9.7581616e-04
  -7.0941274e-04
  -7.9252775e-04
  -2.8650416e-03
  -5.4310507e-04
  -2.9496558e-03
   4.8065669e-04
  -2.4676407e-03
  -4.2297062e-03
  -9.0049417e-04
  -1.3235618e-02
  -1.6242659e-04
   0.0000000e+00
   0.0000000e+00
   0.0000000e+00
   1.5519908e-04
   1.1659783e-02
   1.8556941e-02
   4.4519184e-03
   6.2198485e-03
   9.0515073e-03
   7.6427720e-03
  -2.3655507e-03
  -0.0000000e+00
   0.0000000e+00
   5.0521260e-03
  -8.2485972e-04
   7.1543045e-03
   1.1157290e-02
   7.6467022e-03
   7.9103867e-03
   7.1352799e-03
   6.9590001e-03
   7.1995389e-03
   5.2238950e-03
   4.5213713e-03
   2.3468984e-03
   1.7196444e-03
   1.3057531e-03
  -1.3425898e-04
   1.5025649e-03
  -1.1778176e-03
   1.6966003e-03
  -1.8196668e-03
  -3.4277078e-03
  -3.3868416e-03
  -2.1538474e-02
  -4.1862708e-03
   0.0000000e+00
   0.0000000e+00
   0.0000000e+00
  -2.2620021e-03
   6.2917187e-03
   1.6157945e-02
   3.6900190e-03
   6.5762196e-03
   7.9272147e-03
   7.2205714e-03
  -2.8176375e-03
  -1.0404006e-02
   0.0000000e+00
   3.2335813e-03
  -1.0779903e-04
   5.8899694e-03
   7.2257444e-03
   6.4376625e-03
   6.8171937e-03
   6.8674716e-03
   7.5967615e-03
   7.7158036e-03
   6.5889200e-03
   5.7621952e-03
   4.1896049e-03
   4.2534601e-03
   3.4357298e-03
   2.7069410e-03
   3.6200227e-03
   5.6731870e-04
   2.8193651e-03
  -2.6411545e-03
  -4.3979664e-03
  -8.0082836e-03
  -2.6562218e-02
  -9.1045992e-03
   0.0000000e+00
   0.0000000e+00
   0.0000000e+00
  -3.9765202e-03
   3.2991015e-03
   1.3421646e-02
   3.5931731e-03
   5.1181223e-03
   5.0667981e-03
   3.8918885e-03
  -3.6512073e-03
  -1.0425156e-02
  -2.7216442e-03
   1.5180438e-03
  -9.5119397e-04
   2.7384900e-03
   2.5134531e-03
   3.7555746e-03
   5.2180081e-03
   6.3486551e-03
   5.5989786e-03
   6.4784754e-03
   6.7706923e-03
   6.0143070e-03
   4.8945807e-03
   5.7247104e-03
   5.3821229e-03
   6.6732587e-03
   5.9670522e-03
   3.6797174e-03
   2.3297265e-03
  -3.8731992e-03
  -7.0342524e-03
  -1.3465580e-02
  -2.4581131e-02
  -1.7893268e-02
  -0.0000000e+00
   0.0000000e+00
   0.0000000e+00
  -5.4662406e-03
  -2.6091270e-03
   9.8210737e-03
   0.0000000e+00
  -2.8112503e-03
  -3.9389348e-03
  -7.1583968e-03
  -6.8018096e-03
  -9.8806275e-03
  -6.3873931e-03
  -5.7871296e-04
  -3.3477577e-03
  -1.7484997e-03
  -3.5255917e-03
  -3.0181915e-03
   1.2617772e-03
   2.5075825e-03
  -2.3366273e-03
   1.0700388e-03
   3.0027139e-03
   2.8414482e-03
   1.6919947e-03
   2.3240775e-03
   3.6194178e-03
   5.6736819e-03
   6.0749673e-03
   3.6676242e-03
   5.2250968e-04
  -5.5234516e-03
  -9.8380875e-03
  -1.5799515e-02
  -2.6687084e-02
  -2.6440324e-02
  -2.5360652e-02
  -2.8694575e-02
  -2.1641163e-02
  -1.4774503e-02
  -8.6360564e-03
   9.2007499e-04
  -0.0000000e+00
  -4.7216342e-03
  -1.3527818e-02
  -1.6623775e-02
  -1.3257125e-02
  -1.3957759e-02
  -9.8444847e-03
  -7.1178647e-03
  -9.9599250e-03
  -9.7406693e-03
  -1.1621351e-02
  -1.1768254e-02
  -8.2892803e-03
  -5.8544972e-03
  -1.1131201e-02
  -6.1741727e-03
  -3.0301143e-03
  -2.7014257e-03
  -3.7264319e-03
  -3.7475741e-03
  -1.6822971e-03
   6.3455635e-04
   2.4461343e-03
   4.5027322e-04
  -2.8890232e-03
  -8.3591444e-03
  -1.3378455e-02
  -1.8940767e-02
  -3.0009458e-02
  -2.5968782e-02
  -2.5978819e-02
  -3.1227805e-02
  -2.5908351e-02
  -2.2289075e-02
  -1.4135009e-02
  -0.0000000e+00
  -6.5246989e-03
  -6.1841634e-03
  -1.7395699e-02
  -2.0045467e-02
  -1.7828478e-02
  -1.9024728e-02
  -1.3768543e-02
  -1.3514477e-02
  -1.6267387e-02
  -1.6805261e-02
  -1.7828960e-02
  -1.8324675e-02
  -1.6877245e-02
  -1.4030015e-02
  -2.2763096e-02
  -1.6829034e-02
  -1.2455919e-02
  -1.1549208e-02
  -1.2342742e-02
  -1.3592703e-02
  -1.1555584e-02
  -9.2112003e-03
  -5.6661842e-03
  -6.4439997e-03
  -8.7164771e-03
  -1.3037113e-02
  -1.8594576e-02
  -2.3813779e-02
  -3.4887776e-02
  -3.0797664e-02
  -2.5199492e-02
  -3.2246403e-02
  -3.3815174e-02
  -3.1275814e-02
  -2.1010680e-02
  -0.0000000e+00
  -7.7799392e-03
  -6.1108635e-03
  -1.7933227e-02
  -1.9957388e-02
  -2.2161070e-02
  -2.5925724e-02
  -1.9986684e-02
  -2.1508627e-02
  -2.3966176e-02
  -2.5079111e-02
  -2.4554711e-02
  -2.5351334e-02
  -2.6918693e-02
  -2.4315944e-02
  -3.0260090e-02
  -2.6049796e-02
  -2.0521924e-02
  -1.8627767e-02
  -1.9428521e-02
  -2.1976588e-02
  -2.2525780e-02
  -1.9898577e-02
  -1.6574971e-02
  -1.4387860e-02
  -1.4347618e-02
  -1.6595447e-02
  -2.2412749e-02
  -2.7869558e-02
  -3.0246396e-02
  -2.9959604e-02
  -2.3665052e-02
  -2.5717685e-02
  -3.4959879e-02
  -3.4654755e-02
  -2.6943428e-02
  -1.8969344e-02
  -1.2610092e-02
  -9.9727483e-03
  -1.3245292e-02
  -1.7556915e-02
  -2.2678697e-02
  -2.7191639e-02
  -2.7664632e-02
  -2.6028670e-02
  -2.7511856e-02
  -2.8524010e-02
  -2.7413115e-02
  -2.8673211e-02
  -3.0816477e-02
  -3.0972326e-02
  -2.9732548e-02
  -2.8080221e-02
  -2.2479750e-02
  -1.8938491e-02
  -1.9654386e-02
  -2.2761768e-02
  -2.5767295e-02
  -2.4035430e-02
  -2.1381548e-02
  -1.7834038e-02
  -1.5087327e-02
  -1.5224805e-02
  -1.8951086e-02
  -2.1848308e-02
  -2.0069057e-02
  -2.7485190e-02
  -2.8557489e-02
  -2.1784378e-02
  -2.8171055e-02
  -2.8969506e-02
  -2.3257125e-02
  -1.6399935e-02
  -9.7582918e-03
  -1.1297589e-02
  -1.1403880e-02
  -1.4168649e-02
  -1.8940588e-02
  -2.1929523e-02
  -2.7115151e-02
  -2.4982100e-02
  -2.3978157e-02
  -2.5041139e-02
  -2.4567520e-02
  -2.6019910e-02
  -2.7571054e-02
  -2.9259792e-02
  -2.4324911e-02
  -2.4029013e-02
  -1.9720517e-02
  -1.5261921e-02
  -1.5724102e-02
  -1.8456679e-02
  -2.2248931e-02
  -2.2286037e-02
  -1.9893687e-02
  -1.6887324e-02
  -1.2490720e-02
  -1.1018989e-02
  -1.1940116e-02
  -1.2738508e-02
  -1.2034069e-02
  -2.2345090e-02
  -3.1153029e-02
  -2.1302922e-02
  -2.0760162e-02
  -2.0815784e-02
  -1.5229286e-02
  -1.0176134e-02
  -3.6059704e-03
  -6.9657057e-03
  -9.0646613e-03
  -8.5815107e-03
  -1.2747127e-02
  -1.4130096e-02
  -1.9250322e-02
  -1.9179020e-02
  -1.6883532e-02
  -1.7917810e-02
  -1.7545203e-02
  -1.9333994e-02
  -2.1240626e-02
  -2.3056222e-02
  -1.4505952e-02
  -1.4356637e-02
  -1.2134507e-02
  -7.6068183e-03
  -7.5941212e-03
  -9.3813716e-03
  -1.2636070e-02
  -1.4615856e-02
  -1.2370863e-02
  -1.1010352e-02
  -6.2260171e-03
  -3.4755056e-03
  -2.0637815e-03
  -2.3890140e-03
  -5.4948581e-03
  -1.3656575e-02
  -2.8097298e-02
  -2.2055353e-02
  -0.0000000e+00
  -1.1958364e-02
  -5.8520947e-03
  -1.3186298e-03
   4.5401207e-03
   2.6558179e-03
  -1.9312735e-03
   5.9740016e-04
  -2.9402948e-03
  -3.1616017e-03
  -5.1581752e-03
  -7.8265583e-03
  -5.9430311e-03
  -6.9666994e-03
  -6.1284215e-03
  -8.3026327e-03
  -1.1468774e-02
  -1.2966327e-02
  -1.4398870e-03
  -1.8105541e-04
   8.6231856e-04
   4.1659418e-03
   4.8521496e-03
   3.6639234e-03
   1.7280928e-03
  -5.5287336e-04
   1.0867399e-03
   1.4627589e-03
   4.5552910e-03
   7.7589611e-03
   7.9303207e-03
   5.1948065e-03
   1.2613141e-03
  -6.5031566e-04
  -1.3095802e-02
  -1.7774587e-02
  -0.0000000e+00
  -0.0000000e+00
   0.0000000e+00
   6.4822073e-03
   1.1528802e-02
   1.5213201e-02
   1.2816354e-02
   1.4332032e-02
   1.2487059e-02
   1.2032256e-02
   1.2200804e-02
   9.8250564e-03
   8.8678533e-03
   7.6479041e-03
   8.7233828e-03
   6.5331222e-03
   1.9787857e-03
  -4.9283449e-04
   1.1499052e-02
   1.2747539e-02
   1.5314958e-02
   1.6725585e-02
   1.7435769e-02
   1.5466199e-02
   1.4378211e-02
   1.3598809e-02
   1.4405984e-02
   1.6078416e-02
   1.6352970e-02
   1.8149039e-02
   1.3699336e-02
   1.0645536e-02
   1.3569611e-02
   1.3208976e-02
   9.0443604e-03
   2.6426445e-03
   0.0000000e+00
   0.0000000e+00
   0.0000000e+00
   2.9095459e-03
   7.2628773e-03
   1.8589135e-02
   2.7026244e-02
   2.6816167e-02
   2.9616123e-02
   2.8805375e-02
   2.7058126e-02
   2.6695328e-02
   2.4905963e-02
   2.4380811e-02
   2.2445699e-02
   2.1073366e-02
   1.6845282e-02
   1.2300826e-02
   2.1446466e-02
   2.1471012e-02
   2.5841571e-02
   2.5685068e-02
   2.6090547e-02
   2.2965116e-02
   2.2267792e-02
   2.3303334e-02
   2.2664806e-02
   2.6591182e-02
   2.5055369e-02
   2.4227668e-02
   1.7276250e-02
   2.0382328e-02
   2.8425252e-02
   2.2148423e-02
   2.8897738e-02
   0.0000000e+00
   0.0000000e+00
   0.0000000e+00
  -0.0000000e+00
  -5.6594994e-03
   1.0100254e-03
   1.2732394e-02
   2.4206955e-02
   2.5686027e-02
   3.3840630e-02
   3.5587702e-02
   3.5605635e-02
   3.7024044e-02
   3.6632091e-02
   3.7110321e-02
   3.1669453e-02
   3.0520795e-02
   2.6388144e-02
   2.2135325e-02
   2.4514105e-02
   2.4843663e-02
   2.8781932e-02
   2.8121307e-02
   2.7948599e-02
   2.5747886e-02
   2.4302986e-02
   2.5701575e-02
   2.5163403e-02
   2.8088683e-02
   2.7243249e-02
   2.6469974e-02
   2.3275748e-02
   3.0016553e-02
   3.1848527e-02
   2.2921275e-02
   4.2245205e-02
   3.9514605e-02
   2.4350213e-02
   1.5855173e-02
  -7.8247371e-03
  -1.2705363e-02
  -3.3490863e-03
   3.1321233e-03
   1.5007328e-02
   1.6872918e-02
   2.1459794e-02
   2.7636310e-02
   3.3185545e-02
   3.8083900e-02
   3.9127957e-02
   4.0284276e-02
   3.5436507e-02
   3.3524361e-02
   2.8608710e-02
   2.4333809e-02
   1.9902419e-02
   2.0952703e-02
   2.2819217e-02
   2.2664014e-02
   2.2020858e-02
   2.1817960e-02
   2.0173680e-02
   2.1580931e-02
   2.2176156e-02
   2.0710586e-02
   2.2507764e-02
   2.4413355e-02
   2.4101196e-02
   2.5779961e-02
   2.0728270e-02
   2.0912871e-02
   4.3555260e-02
   4.0490128e-02
   2.7015409e-02
   1.7666427e-02
  -7.5046788e-03
  -1.2752379e-02
  -7.8742411e-03
  -7.6528159e-03
   5.9815189e-03
   8.2335146e-03
   4.8607434e-03
   1.2613893e-02
   1.9044772e-02
   2.6345948e-02
   3.1940054e-02
   3.5287276e-02
   3.2427728e-02
   2.8988101e-02
   2.6152072e-02
   2.0792324e-02
   7.1575064e-03
   6.8633906e-03
   8.9389235e-03
   9.2137614e-03
   7.4594612e-03
   8.9039169e-03
   8.7585896e-03
   1.0477065e-02
   9.3619032e-03
   5.3436751e-03
   1.0687400e-02
   1.2544231e-02
   8.5684406e-03
   4.6183169e-03
   4.3258411e-03
   1.4767521e-02
   2.2292037e-02
   1.8641144e-02
   1.4749170e-02
   8.6315200e-03
  -2.0780144e-03
  -6.3069034e-03
  -1.0069123e-02
  -1.6125681e-02
  -9.2808511e-03
  -4.8315623e-03
  -6.3726990e-03
  -2.1624316e-03
  -1.6386581e-03
   2.8297587e-03
   1.5683478e-02
   2.2053750e-02
   1.7754510e-02
   1.4064345e-02
   1.5360307e-02
   1.1430401e-02
  -6.7983340e-03
  -8.1408834e-03
  -5.1702578e-03
  -3.8750086e-03
  -5.3237830e-03
  -3.7609984e-03
  -2.9073372e-03
  -2.9741789e-03
  -5.4242657e-03
  -6.2492597e-03
  -2.5745860e-04
   5.4446398e-04
  -4.4754646e-03
  -7.5911968e-03
  -4.9596787e-03
  -4.9597776e-04
  -3.1789902e-03
  -5.6689004e-03
  -1.0128175e-03
   2.7261444e-03
   2.1316677e-03
  -1.1958142e-03
  -7.6899994e-03
  -1.7503252e-02
  -2.3071853e-02
  -2.0801658e-02
  -1.4834792e-02
  -1.0712773e-02
  -1.3025888e-02
  -1.0663628e-02
   1.2351844e-03
   7.0657004e-03
   1.8917400e-03
  -9.0204779e-04
   1.0749403e-03
  -1.5789247e-03
  -1.3309429e-02
  -1.5183017e-02
  -1.2740000e-02
  -9.2778569e-03
  -6.0642096e-03
  -3.7818176e-03
  -3.3020463e-03
  -4.2425334e-03
  -4.6995152e-03
  -3.1127813e-03
   7.3173309e-05
   3.0213813e-04
  -3.4901332e-03
  -7.3235543e-03
  -8.7658670e-03
  -9.2097241e-03
  -1.0599809e-02
  -1.1433016e-02
  -1.0087825e-02
  -8.4649958e-03
  -7.2592772e-03
  -5.5601508e-03
  -4.8545920e-03
  -8.0422191e-03
  -1.3879346e-02
  -1.7286956e-02
  -1.6085425e-02
  -1.3448982e-02
  -1.1215213e-02
  -8.0690775e-03
  -3.1393028e-03
   2.9560929e-04
  -7.1816664e-04
  -3.2937336e-03
  -5.8820848e-03
  -9.3695922e-03
