  -2.1390924e+00
  -2.1945891e+00
  -2.0538239e+00
  -1.8472161e+00
  -1.6010677e+00
  -1.3892425e+00
  -1.2627208e+00
  -1.1898978e+00
  -1.1367040e+00
  -1.0704510e+00
  -9.8912531e-01
  -9.0790772e-01
  -8.0788475e-01
  -6.6770814e-01
  -5.5334002e-01
  -5.1972157e-01
  -5.3904759e-01
  -5.3376400e-01
  -4.6443048e-01
  -3.5357879e-01
  -2.6452133e-01
  -2.1647654e-01
  -2.0791182e-01
  -2.3299299e-01
  -2.2339910e-01
  -1.5179470e-01
  -6.1144017e-02
   3.5809524e-02
   1.9426345e-01
   3.8099065e-01
   4.6884131e-01
   3.2084473e-01
  -1.2395117e-01
  -6.8903357e-01
  -1.3218027e+00
  -1.8495820e+00
  -1.8379556e+00
  -2.1405604e+00
  -2.0277505e+00
  -1.8697612e+00
  -1.6882411e+00
  -1.6015568e+00
  -1.6257887e+00
  -1.6863936e+00
  -1.6989427e+00
  -1.5137415e+00
  -1.1527725e+00
  -7.3367578e-01
  -2.4165770e-01
   1.9534919e-01
   3.1929666e-01
   6.8532452e-02
  -4.5014876e-01
  -7.9496157e-01
  -7.8673482e-01
  -5.2827770e-01
  -4.4690886e-01
  -5.1143646e-01
  -6.0402948e-01
  -9.0932143e-01
  -9.3834406e-01
  -5.8772749e-01
  -3.2124391e-01
  -2.0777212e-01
  -1.4846434e-01
  -1.9098099e-02
   2.2388947e-01
   5.3259391e-01
   5.5917090e-01
   3.1761050e-01
  -8.6970702e-02
  -9.6730465e-01
   1.4222656e+00
   7.1568656e-01
   3.0160236e-01
   1.3924438e-01
   1.5039250e-01
   2.7687931e-01
   4.9621779e-01
   7.0809495e-01
   6.5864849e-01
   3.0948418e-01
   6.8961382e-02
   2.9860580e-01
   7.2707593e-01
   1.0841415e+00
   1.3381493e+00
   1.2464203e+00
   8.3124173e-01
   5.8223164e-01
   3.5400376e-01
   2.1311153e-01
  -6.6237710e-02
  -3.9940396e-01
  -3.2166275e-01
  -1.9845922e-01
   7.7939138e-02
   3.0652863e-01
   2.7260000e-01
   2.9131311e-01
   1.9556578e-01
   3.3004183e-01
   5.3093320e-01
   1.0708387e+00
   1.8631409e+00
   2.1770630e+00
   2.5513592e+00
   2.3291876e+00
   4.9376727e+00
   4.4096756e+00
   3.7658706e+00
   3.3440339e+00
   2.9658868e+00
   2.7892928e+00
   2.8967353e+00
   2.9509742e+00
   3.0225081e+00
   2.3807393e+00
   1.7314610e+00
   1.6553574e+00
   1.2178505e+00
   1.1797910e+00
   1.4517156e+00
   1.4583852e+00
   1.2672421e+00
   1.2043360e+00
   1.4117082e+00
   9.5101547e-01
   5.7925332e-01
   7.9689083e-01
   7.4514800e-01
   8.6124361e-01
   1.1358895e+00
   8.0762154e-01
   3.5093480e-01
   3.3648417e-01
   4.2081696e-01
   9.1883534e-01
   1.2969270e+00
   1.6055912e+00
   2.6632690e+00
   3.3526341e+00
   4.0925827e+00
   4.9821138e+00
   6.7588964e+00
   6.7238116e+00
   6.3045774e+00
   5.8372698e+00
   5.3138475e+00
   4.8279996e+00
   4.6071830e+00
   4.3437147e+00
   4.5264010e+00
   4.1032228e+00
   3.6832755e+00
   3.3034899e+00
   1.9381784e+00
   1.6425470e+00
   1.6342797e+00
   1.4428236e+00
   1.4074839e+00
   1.2637084e+00
   2.1252110e+00
   1.7980731e+00
   1.5761902e+00
   2.7949514e+00
   2.4181397e+00
   1.7490075e+00
   1.9744706e+00
   1.6834695e+00
   1.2125773e+00
   1.4636800e+00
   1.8216624e+00
   1.8668339e+00
   2.0077472e+00
   2.1961145e+00
   3.3486753e+00
   4.4814591e+00
   5.2371588e+00
   6.3046398e+00
   6.6057830e+00
   6.8035688e+00
   6.6685591e+00
   6.3415031e+00
   5.9950533e+00
   5.5544572e+00
   5.2111464e+00
   4.8851047e+00
   4.9823012e+00
   4.8408527e+00
   4.7932830e+00
   4.1596088e+00
   2.5180244e+00
   2.1308918e+00
   1.8622023e+00
   1.3313620e+00
   1.3176718e+00
   1.4349067e+00
   2.5116339e+00
   2.6822615e+00
   2.9845667e+00
   4.3733587e+00
   3.5653656e+00
   2.2753596e+00
   2.5695724e+00
   2.7147286e+00
   2.5737600e+00
   3.1415014e+00
   3.3475859e+00
   2.3823195e+00
   1.9255239e+00
   2.3161082e+00
   3.7287107e+00
   5.0845752e+00
   5.7233548e+00
   6.2830820e+00
   4.8694620e+00
   4.9114484e+00
   4.8753100e+00
   4.7420712e+00
   4.5977282e+00
   4.4135013e+00
   4.2453146e+00
   4.0122271e+00
   3.9965773e+00
   4.0178232e+00
   4.1524467e+00
   3.5569848e+00
   2.1771777e+00
   1.8764352e+00
   1.7982013e+00
   1.0157306e+00
   6.3114159e-01
   1.2529213e+00
   2.5082407e+00
   3.1279670e+00
   3.8646824e+00
   4.6041260e+00
   3.2768453e+00
   2.0144072e+00
   2.3182003e+00
   2.7220685e+00
   3.1383656e+00
   3.6507668e+00
   3.2458895e+00
   1.9216709e+00
   1.2136416e+00
   1.6216972e+00
   3.1060420e+00
   4.2802849e+00
   4.6464013e+00
   4.8140780e+00
   2.1017432e+00
   1.9702845e+00
   1.9064205e+00
   1.8826395e+00
   1.8047043e+00
   1.7923709e+00
   1.7993336e+00
   1.6888287e+00
   1.6682011e+00
   1.8203236e+00
   2.0475020e+00
   1.7014855e+00
   8.5804355e-01
   8.7449729e-01
   1.3829177e+00
   6.7572415e-01
  -4.5960632e-01
   1.8475668e-01
   1.9179941e+00
   2.8123105e+00
   3.1563880e+00
   3.2346179e+00
   1.7660036e+00
   6.4347605e-01
   8.7957281e-01
   1.3550839e+00
   2.1546103e+00
   2.2914236e+00
   1.4843479e+00
   8.6170375e-01
   3.7491933e-01
   3.9206132e-01
   1.4049164e+00
   2.1267228e+00
   2.2001703e+00
   2.1514400e+00
  -9.9122500e-01
  -1.1249319e+00
  -1.2216651e+00
  -1.2190119e+00
  -1.3362404e+00
  -1.2871463e+00
  -1.3023419e+00
  -1.2396683e+00
  -1.2085090e+00
  -9.6815598e-01
  -6.4598316e-01
  -7.8569072e-01
  -8.2965171e-01
  -3.8932544e-01
   7.6795018e-01
   5.6891870e-01
  -1.4397336e+00
  -1.3785124e+00
   7.0430171e-01
   1.7114443e+00
   1.0664970e+00
   6.4534563e-01
  -3.2524973e-01
  -1.3925364e+00
  -1.2072464e+00
  -6.9824690e-01
  -1.5794456e-02
  -2.4265790e-01
  -7.5217474e-01
  -1.0509151e-01
  -3.3774421e-01
  -8.5544771e-01
  -6.5987504e-01
  -5.5373627e-01
  -6.3368148e-01
  -9.3650275e-01
  -3.7930584e+00
  -3.8240526e+00
  -3.9051657e+00
  -3.8881888e+00
  -4.0800033e+00
  -3.9771821e+00
  -4.1764898e+00
  -3.8865995e+00
  -3.8225975e+00
  -3.6206150e+00
  -3.2342932e+00
  -3.3218036e+00
  -2.3345361e+00
  -1.5202405e+00
   9.9083163e-02
   7.8548771e-01
  -1.9675883e+00
  -2.7949097e+00
  -9.1426468e-01
  -3.8622785e-03
  -1.5517262e+00
  -2.4865255e+00
  -2.5272341e+00
  -3.3659487e+00
  -3.1774671e+00
  -2.6687987e+00
  -2.5916402e+00
  -2.9802945e+00
  -2.5027444e+00
  -5.8630913e-01
  -8.4705645e-01
  -1.7796122e+00
  -2.3921897e+00
  -3.0040801e+00
  -3.0831025e+00
  -3.7067487e+00
  -5.7867659e+00
  -5.8818835e+00
  -5.9042899e+00
  -5.7295190e+00
  -5.9294028e+00
  -5.6209583e+00
  -5.8544088e+00
  -5.4367383e+00
  -5.3929267e+00
  -5.6529771e+00
  -5.4784230e+00
  -5.5137825e+00
  -3.4234222e+00
  -2.3303686e+00
  -7.2214407e-01
   1.4082081e+00
  -1.5352163e+00
  -3.4451044e+00
  -2.6557311e+00
  -2.6355571e+00
  -3.8744064e+00
  -5.4421505e+00
  -4.9432088e+00
  -4.2391164e+00
  -4.0302946e+00
  -3.9410083e+00
  -4.7294539e+00
  -5.1284379e+00
  -3.0975866e+00
  -3.0068027e-01
  -9.0424998e-01
  -2.0880042e+00
  -3.2401637e+00
  -4.6759131e+00
  -4.7911946e+00
  -5.4790915e+00
  -5.7873726e+00
  -6.0176032e+00
  -6.0809717e+00
  -5.6999702e+00
  -5.6985624e+00
  -5.2671518e+00
  -5.1534057e+00
  -4.9485797e+00
  -4.9762201e+00
  -5.7844930e+00
  -5.9234760e+00
  -5.7512937e+00
  -3.7128477e+00
  -2.4535481e+00
  -1.3889049e+00
   1.7502248e+00
  -3.0603840e-01
  -3.2017088e+00
  -2.9772482e+00
  -4.0699224e+00
  -4.4341936e+00
  -5.4751987e+00
  -5.5883515e+00
  -3.3776822e+00
  -2.9584742e+00
  -3.4960762e+00
  -4.4921498e+00
  -5.0193815e+00
  -2.6703571e+00
   2.1108824e-01
  -1.9823378e-01
  -1.7491863e+00
  -3.1145444e+00
  -4.6370068e+00
  -4.9029039e+00
  -5.2677832e+00
  -5.2784610e+00
  -5.4627056e+00
  -5.5782037e+00
  -5.1122484e+00
  -4.9000034e+00
  -4.4999032e+00
  -4.1578603e+00
  -4.1630130e+00
  -4.2798166e+00
  -5.2799935e+00
  -5.5251331e+00
  -5.2278638e+00
  -3.6428576e+00
  -2.3467240e+00
  -1.7151554e+00
   1.7473973e+00
   7.3735416e-01
  -2.7742958e+00
  -2.8054776e+00
  -4.2558985e+00
  -4.3807292e+00
  -4.5918808e+00
  -4.9532447e+00
  -2.4353547e+00
  -1.7386603e+00
  -2.4535959e+00
  -3.4210002e+00
  -4.0942736e+00
  -2.2629189e+00
   4.4260928e-01
   4.2334795e-01
  -1.5255305e+00
  -2.9862959e+00
  -4.1709781e+00
  -4.4898186e+00
  -4.6957774e+00
  -4.6388373e+00
  -4.7024463e+00
  -4.8487668e+00
  -4.3777928e+00
  -3.9912677e+00
  -3.7033050e+00
  -3.2357333e+00
  -3.4287157e+00
  -3.6126921e+00
  -4.5863967e+00
  -4.8314078e+00
  -4.4291143e+00
  -3.4081969e+00
  -2.1095263e+00
  -1.7538294e+00
   1.5958099e+00
   1.6140636e+00
  -2.2425673e+00
  -2.5151794e+00
  -3.8627882e+00
  -4.0595517e+00
  -3.5542901e+00
  -3.8599055e+00
  -1.5436944e+00
  -6.2644368e-01
  -1.2431361e+00
  -2.0626864e+00
  -2.8913734e+00
  -1.8750392e+00
   4.8263261e-01
   8.2100397e-01
  -1.4456147e+00
  -2.8880789e+00
  -3.5842469e+00
  -3.9198735e+00
  -4.0625596e+00
  -4.0142582e+00
  -3.8582989e+00
  -3.9249060e+00
  -3.6335965e+00
  -3.2132729e+00
  -3.2062433e+00
  -2.8765951e+00
  -3.2090155e+00
  -3.3460444e+00
  -3.8174967e+00
  -3.8886528e+00
  -3.3156602e+00
  -2.9000087e+00
  -1.5542625e+00
  -9.8070404e-01
   1.2461564e+00
   2.2395764e+00
  -1.3611238e+00
  -2.3691471e+00
  -2.6032509e+00
  -3.3567252e+00
  -2.9592345e+00
  -2.3305174e+00
  -7.7389627e-01
   4.7489760e-02
   1.4762847e-01
  -2.9411603e-01
  -1.3375870e+00
  -1.4404993e+00
   7.1563104e-02
   4.0003621e-01
  -1.8425622e+00
  -2.9094516e+00
  -2.9431638e+00
  -3.2845104e+00
  -3.5386324e+00
  -3.9197474e+00
  -3.8619194e+00
  -3.8663449e+00
  -3.8107932e+00
  -3.5632851e+00
  -3.8155174e+00
  -3.6291039e+00
  -4.0438704e+00
  -3.9394946e+00
  -3.9817128e+00
  -3.9214869e+00
  -2.9086983e+00
  -2.7583303e+00
  -7.9763985e-01
   5.3222930e-01
   1.3169502e+00
   2.4827290e+00
  -7.8061891e-01
  -2.5481966e+00
  -1.8288920e+00
  -2.8093224e+00
  -3.5032587e+00
  -2.5272341e+00
  -7.4496055e-01
  -3.2981712e-01
   1.9636348e-01
   4.4148389e-01
  -7.0381641e-01
  -1.1079028e+00
  -6.6608751e-01
  -9.3076926e-01
  -2.4159796e+00
  -2.8594356e+00
  -2.7485242e+00
  -3.2435746e+00
  -3.4389482e+00
  -3.8284197e+00
  -3.9253995e+00
  -4.0018663e+00
  -4.0978270e+00
  -3.9697678e+00
  -4.3484678e+00
  -4.2247128e+00
  -4.6479974e+00
  -4.4401722e+00
  -4.3222885e+00
  -4.1519060e+00
  -2.9098856e+00
  -2.8331568e+00
  -3.5879278e-01
   1.5403614e+00
   1.6044713e+00
   2.5377901e+00
  -5.8761501e-01
  -2.5534933e+00
  -1.4994299e+00
  -2.4192135e+00
  -3.5322952e+00
  -2.8878202e+00
  -1.1172889e+00
  -7.6566279e-01
  -1.4548659e-01
   5.5808955e-01
  -4.5644996e-01
  -1.0328938e+00
  -1.2222053e+00
  -1.7654476e+00
  -2.6509392e+00
  -2.7271681e+00
  -2.6466446e+00
  -3.1965804e+00
  -3.3218830e+00
  -3.7274347e+00
  -4.0246759e+00
  -4.2448740e+00
  -4.4713665e+00
  -4.4523315e+00
  -4.9107145e+00
  -4.8195110e+00
  -5.2177597e+00
  -4.9584981e+00
  -4.7870780e+00
  -4.5030369e+00
  -3.1024674e+00
  -3.0185671e+00
  -1.5275802e-02
   2.4350228e+00
   2.0286453e+00
   2.5114372e+00
  -5.5262420e-01
  -2.4780197e+00
  -1.3382173e+00
  -2.0551861e+00
  -3.3235646e+00
  -3.3692097e+00
  -1.7230928e+00
  -1.2821444e+00
  -7.1208751e-01
   3.9888285e-01
  -3.5994656e-01
  -1.0694282e+00
  -1.7611488e+00
  -2.4695454e+00
  -2.7559870e+00
  -2.5402125e+00
  -2.5757931e+00
  -3.1410102e+00
  -3.1823829e+00
  -3.0153971e+00
  -3.3702137e+00
  -3.8647680e+00
  -4.1487637e+00
  -4.2143378e+00
  -4.5209951e+00
  -4.5363560e+00
  -4.7661424e+00
  -4.7927904e+00
  -4.7715373e+00
  -4.4076681e+00
  -3.6520257e+00
  -3.2031865e+00
  -7.3036623e-01
   1.7284803e+00
   2.0893319e+00
   1.3209027e+00
  -8.1554854e-01
  -1.8159516e+00
  -1.5112202e+00
  -8.0282980e-01
  -9.4491369e-01
  -2.5962768e+00
  -2.6321640e+00
  -1.8205034e+00
  -1.2984778e+00
  -4.1662925e-01
  -5.6366980e-01
  -1.5931138e+00
  -2.0919397e+00
  -2.1794457e+00
  -2.2795866e+00
  -2.1149168e+00
  -2.2252698e+00
  -2.4903753e+00
  -2.5805097e+00
  -2.4982777e+00
  -2.6935067e+00
  -3.1373034e+00
  -3.3710928e+00
  -3.5051889e+00
  -3.6657166e+00
  -3.7177310e+00
  -3.9060571e+00
  -4.0355568e+00
  -4.1456523e+00
  -3.9430897e+00
  -3.7372279e+00
  -3.2430823e+00
  -1.7548378e+00
  -2.9864907e-02
   8.5703135e-01
  -1.0092778e-01
  -1.0957879e+00
  -1.5477297e+00
  -1.7459502e+00
   1.6338782e-01
   4.0931323e-01
  -1.7959620e+00
  -2.3189077e+00
  -1.8203397e+00
  -1.3783110e+00
  -8.8399005e-01
  -1.0359617e+00
  -1.8839660e+00
  -2.1042280e+00
  -1.9093326e+00
  -2.0644696e+00
  -1.9798002e+00
  -2.0546186e+00
  -2.1757541e+00
  -2.2449260e+00
  -2.1703186e+00
  -2.1855659e+00
  -2.5266736e+00
  -2.7032598e+00
  -2.8902645e+00
  -2.9286603e+00
  -2.9739898e+00
  -3.1180944e+00
  -3.2982124e+00
  -3.5359904e+00
  -3.5294735e+00
  -3.7868938e+00
  -3.3867413e+00
  -2.8170366e+00
  -1.9369798e+00
  -7.5527880e-01
  -1.5502640e+00
  -1.5339792e+00
  -1.5331045e+00
  -1.9662186e+00
   7.9181311e-01
   1.2056444e+00
  -1.2487134e+00
  -1.9131781e+00
  -1.7638590e+00
  -1.5136963e+00
  -1.3962722e+00
  -1.6266570e+00
  -2.2100260e+00
  -2.2204106e+00
  -1.8933128e+00
  -2.0524051e+00
  -2.0134130e+00
  -2.0713036e+00
  -2.0917695e+00
  -2.1047239e+00
  -2.2364222e+00
  -1.9823397e+00
  -2.0727960e+00
  -2.1633517e+00
  -2.3768961e+00
  -2.3244075e+00
  -2.2538515e+00
  -2.3333914e+00
  -2.4487103e+00
  -2.8357647e+00
  -3.1540645e+00
  -3.7693147e+00
  -3.8292745e+00
  -4.2202531e+00
  -4.6493414e+00
  -3.6797624e+00
  -3.4088137e+00
  -2.4740513e+00
  -2.1450112e+00
  -2.2011161e+00
   7.2533131e-01
   8.0916969e-01
  -1.2093120e+00
  -1.2053867e+00
  -1.5641738e+00
  -1.8326767e+00
  -2.1515501e+00
  -2.6502566e+00
  -2.7076716e+00
  -2.6331681e+00
  -2.5131587e+00
  -2.5431321e+00
  -2.4735735e+00
  -2.5598659e+00
  -2.5612617e+00
  -2.4173616e+00
  -3.5167413e+00
  -3.1267828e+00
  -3.0189161e+00
  -3.1041358e+00
  -3.2091635e+00
  -3.1710792e+00
  -2.9424284e+00
  -2.8225502e+00
  -2.8793883e+00
  -3.1582675e+00
  -3.6246267e+00
  -4.2622023e+00
  -4.7921329e+00
  -5.3882592e+00
  -6.3639803e+00
  -6.1031561e+00
  -4.6715349e+00
  -3.9620593e+00
  -3.5572133e+00
  -2.4716925e+00
  -1.1404332e+00
  -1.2998298e+00
  -2.2014217e+00
  -1.9062102e+00
  -1.9532125e+00
  -2.7423123e+00
  -3.3916161e+00
  -3.8439693e+00
  -3.8362057e+00
  -3.7966096e+00
  -3.9447384e+00
  -3.9043026e+00
  -3.8522539e+00
  -3.9807553e+00
  -4.0074472e+00
  -3.8086262e+00
  -4.7063270e+00
  -4.3507309e+00
  -4.1608849e+00
  -4.2537985e+00
  -4.3129897e+00
  -4.3025684e+00
  -4.0541658e+00
  -3.8430312e+00
  -3.8364229e+00
  -3.9065506e+00
  -4.3162231e+00
  -4.8419528e+00
  -5.4303570e+00
  -5.9081030e+00
  -6.7353492e+00
  -6.7873335e+00
  -5.2014966e+00
  -4.7321305e+00
  -4.1962914e+00
  -2.7478480e+00
  -2.3433795e+00
  -2.3775768e+00
  -3.0021753e+00
  -2.9760306e+00
  -2.6616693e+00
  -3.5924146e+00
  -4.2830834e+00
  -4.6243730e+00
  -4.7525625e+00
  -4.6815495e+00
  -4.8753505e+00
  -4.8982315e+00
  -4.9589548e+00
  -5.0841303e+00
  -5.1275072e+00
  -4.9833107e+00
  -5.7304635e+00
  -5.4824696e+00
  -5.2663798e+00
  -5.3635616e+00
  -5.4192324e+00
  -5.4437494e+00
  -5.2457433e+00
  -5.0048165e+00
  -4.9173107e+00
  -4.7663884e+00
  -5.0169606e+00
  -5.3506889e+00
  -5.8122830e+00
  -6.0482750e+00
  -6.5292377e+00
  -6.7501168e+00
  -5.3986535e+00
  -5.0362654e+00
  -4.3107057e+00
  -2.8842769e+00
  -3.0284524e+00
  -2.8737340e+00
  -3.6129601e+00
  -3.9747515e+00
  -3.3868628e+00
  -4.3339839e+00
  -4.9376693e+00
  -5.1649122e+00
  -5.4367886e+00
  -5.3248577e+00
  -5.5095096e+00
  -5.6165013e+00
  -5.8170233e+00
  -5.9456139e+00
  -6.0036354e+00
  -5.9446588e+00
  -6.0067211e+00
  -5.9641660e+00
  -5.8311619e+00
  -5.9081804e+00
  -6.0615336e+00
  -6.1284903e+00
  -6.1070920e+00
  -5.9742320e+00
  -5.7643925e+00
  -5.4815396e+00
  -5.4098409e+00
  -5.4164827e+00
  -5.4556518e+00
  -5.3295469e+00
  -5.4119491e+00
  -5.5783628e+00
  -4.9664042e+00
  -4.1916390e+00
  -3.1515273e+00
  -2.4788160e+00
  -2.2460068e+00
  -2.0251682e+00
  -3.5627640e+00
  -4.1834443e+00
  -3.7428988e+00
  -4.5696953e+00
  -4.8848412e+00
  -5.0671120e+00
  -5.3085577e+00
  -5.1864710e+00
  -5.3537973e+00
  -5.4884585e+00
  -5.8154274e+00
  -6.0098101e+00
  -6.0791780e+00
  -6.1048498e+00
  -3.9336770e+00
  -4.0389729e+00
  -4.1934872e+00
  -4.3317680e+00
  -4.5116444e+00
  -4.5960560e+00
  -4.6911783e+00
  -4.6694274e+00
  -4.5089965e+00
  -4.3668537e+00
  -4.0595398e+00
  -3.7576413e+00
  -3.3281765e+00
  -2.9860501e+00
  -3.1637959e+00
  -3.3180575e+00
  -3.0412111e+00
  -1.7701665e+00
  -7.2371650e-01
  -4.9509847e-01
  -9.0246834e-03
  -3.5343444e-01
  -1.6439059e+00
  -1.9390557e+00
  -2.0720797e+00
  -2.5838594e+00
  -2.8218470e+00
  -2.9372559e+00
  -2.9378340e+00
  -3.0148969e+00
  -3.1926854e+00
  -3.2801919e+00
  -3.5431681e+00
  -3.8383913e+00
  -3.9289804e+00
  -3.9319897e+00
  -9.9691659e-01
  -1.1709992e+00
  -1.5479357e+00
  -1.7735741e+00
  -1.8825121e+00
  -1.8864928e+00
  -1.9133981e+00
  -1.9074352e+00
  -1.8630124e+00
  -1.8581166e+00
  -1.6019350e+00
  -1.2438126e+00
  -6.5262127e-01
  -3.4211764e-01
  -6.3104051e-01
  -6.7156249e-01
  -4.7572634e-01
   2.6056567e-01
   8.4983617e-01
   1.2269104e+00
   1.3177350e+00
   6.7751169e-01
   6.7750943e-01
   7.8861910e-01
   4.1785526e-01
   3.9303160e-01
   1.5919891e-01
   1.1265448e-01
   1.7621727e-01
  -4.2896390e-02
  -1.6889432e-01
  -3.5505724e-01
  -5.6402147e-01
  -8.1660444e-01
  -9.3341649e-01
  -9.3649817e-01
   2.1196845e+00
   1.8798498e+00
   1.4312474e+00
   1.2115597e+00
   1.1552826e+00
   1.2912977e+00
   1.3711398e+00
   1.4107241e+00
   1.4070985e+00
   1.3367437e+00
   1.4737104e+00
   1.7209729e+00
   2.2841451e+00
   2.4549386e+00
   2.2695351e+00
   2.5380459e+00
   2.3804099e+00
   1.8735704e+00
   1.7032555e+00
   2.2106035e+00
   2.0699825e+00
   1.5864551e+00
   2.7711951e+00
   3.2700608e+00
   3.0120566e+00
   3.4498518e+00
   3.4012566e+00
   3.4756198e+00
   3.5163820e+00
   3.3013070e+00
   3.1895673e+00
   2.8536810e+00
   2.6301334e+00
   2.4282522e+00
   2.3105514e+00
   2.2332821e+00
   4.5841387e+00
   4.3119502e+00
   3.9881346e+00
   3.9033287e+00
   3.8739459e+00
   4.1228859e+00
   4.2567499e+00
   4.3682056e+00
   4.3878234e+00
   4.3432219e+00
   4.4378658e+00
   4.5076535e+00
   4.9091685e+00
   4.8852616e+00
   5.0284670e+00
   5.6201967e+00
   4.8056351e+00
   2.9869654e+00
   2.0167722e+00
   2.4811657e+00
   2.5505227e+00
   2.4899186e+00
   4.0556955e+00
   4.7639177e+00
   4.9326289e+00
   5.6070621e+00
   5.8644546e+00
   6.1806311e+00
   6.2199762e+00
   6.1402749e+00
   5.9667457e+00
   5.5411450e+00
   5.2650998e+00
   5.0279458e+00
   4.9345423e+00
   4.7442081e+00
   5.5947240e+00
   5.3921146e+00
   5.2956131e+00
   5.3799437e+00
   5.4176803e+00
   5.6581915e+00
   5.7570180e+00
   5.9086933e+00
   5.9416336e+00
   6.0197810e+00
   6.2195807e+00
   6.2524995e+00
   6.4627370e+00
   6.2897940e+00
   6.7561583e+00
   7.2817454e+00
   5.9651318e+00
   3.8814065e+00
   2.6303715e+00
   2.9429214e+00
   3.3205864e+00
   3.3481743e+00
   4.2875495e+00
   4.8634036e+00
   5.4355386e+00
   6.0826998e+00
   6.5047540e+00
   7.0647964e+00
   7.2192769e+00
   7.2780313e+00
   7.0349335e+00
   6.6657329e+00
   6.3959402e+00
   6.0762276e+00
   6.0002599e+00
   5.7687505e+00
   5.0784969e+00
   5.0503478e+00
   5.0870876e+00
   5.2079501e+00
   5.3900509e+00
   5.5627351e+00
   5.6413031e+00
   5.7033195e+00
   5.7160716e+00
   5.9204845e+00
   6.1729617e+00
   6.3428850e+00
   6.3582034e+00
   6.2144346e+00
   6.6793523e+00
   6.6435933e+00
   5.6705570e+00
   4.7492604e+00
   4.1131868e+00
   4.3145399e+00
   4.2787924e+00
   3.7599556e+00
   3.8044665e+00
   3.9723647e+00
   4.4712930e+00
   5.0916772e+00
   5.4301076e+00
   5.7954774e+00
   6.0234671e+00
   6.1325088e+00
   5.9501824e+00
   5.7071047e+00
   5.5649285e+00
   5.3831105e+00
   5.3199558e+00
   5.1848307e+00
   3.5322082e+00
   3.6518326e+00
   3.7270167e+00
   3.8227987e+00
   4.0706882e+00
   4.2243853e+00
   4.3307977e+00
   4.2750764e+00
   4.3625717e+00
   4.5478630e+00
   4.5955629e+00
   4.7224565e+00
   4.5505652e+00
   4.6338797e+00
   4.8396635e+00
   4.3871865e+00
   4.3283272e+00
   4.7088375e+00
   4.8793101e+00
   4.8946528e+00
   4.2221451e+00
   3.3076992e+00
   2.8105412e+00
   2.6228831e+00
   2.6478686e+00
   3.2236326e+00
   3.5019841e+00
   3.2626848e+00
   3.3205163e+00
   3.4449344e+00
   3.3632174e+00
   3.2328320e+00
   3.2868421e+00
   3.4540448e+00
   3.4846163e+00
   3.4970074e+00
   1.1918205e+00
   1.3940284e+00
   1.5783054e+00
   1.7443813e+00
   1.8855351e+00
   1.9362369e+00
   1.9921530e+00
   1.9703010e+00
   2.1182728e+00
   2.1060972e+00
   1.8492225e+00
   1.6991445e+00
   1.5150480e+00
   1.7375023e+00
   1.7181271e+00
   1.3735604e+00
   1.7381271e+00
   2.2325006e+00
   2.4079142e+00
   2.3504026e+00
   2.0686595e+00
   1.6125664e+00
   1.0703094e+00
   7.5625235e-01
   4.1013020e-01
   5.2039117e-01
   6.5456617e-01
   2.4915017e-01
   1.9140533e-01
   2.7720207e-01
   1.9706906e-01
   2.0065074e-01
   4.1104656e-01
   7.0603508e-01
   8.4943098e-01
   1.0080109e+00
  -1.5201875e+00
  -1.2993134e+00
  -1.0926330e+00
  -9.5147973e-01
  -9.6977592e-01
  -1.0966948e+00
  -1.1885688e+00
  -1.2652398e+00
  -1.3595970e+00
  -1.5678279e+00
  -1.7955687e+00
  -1.8587966e+00
  -1.8346348e+00
  -1.8035574e+00
  -1.9967690e+00
  -2.1384268e+00
  -1.9515811e+00
  -1.7999849e+00
  -1.7580419e+00
  -1.5312464e+00
  -1.1325301e+00
  -1.0101038e+00
  -1.1850943e+00
  -1.3607330e+00
  -1.7132689e+00
  -2.2110421e+00
  -2.5507874e+00
  -2.7300234e+00
  -2.7221347e+00
  -2.7337942e+00
  -2.7914054e+00
  -2.6649601e+00
  -2.4214015e+00
  -2.2376564e+00
  -2.0527470e+00
  -1.7804012e+00
  -1.2865415e+00
  -1.3530625e+00
  -1.4594992e+00
  -1.5505390e+00
  -1.6259151e+00
  -1.6718832e+00
  -1.6965430e+00
  -1.7282159e+00
  -1.7661008e+00
  -1.7706918e+00
  -1.6948240e+00
  -1.5584893e+00
  -1.4599694e+00
  -1.4377441e+00
  -1.4488295e+00
  -1.3767674e+00
  -1.1684507e+00
  -9.3701643e-01
  -8.1091267e-01
  -7.9985468e-01
  -8.9728326e-01
  -1.0258392e+00
  -1.1017197e+00
  -1.0757794e+00
  -1.0627543e+00
  -1.1631478e+00
  -1.3479499e+00
  -1.5231401e+00
  -1.6924652e+00
  -1.8290809e+00
  -1.8838540e+00
  -1.8257640e+00
  -1.6824257e+00
  -1.5365796e+00
  -1.3959176e+00
  -1.3011662e+00
