   6.0903201e-03
   3.7299911e-03
   1.7927833e-03
   1.5981606e-04
  -5.7274124e-04
  -1.4518866e-03
  -5.1850405e-05
   1.1411769e-03
   1.7147736e-03
   2.2193896e-03
   2.7616605e-03
   2.3226239e-03
   0.0000000e+00
   0.0000000e+00
   0.0000000e+00
   0.0000000e+00
   0.0000000e+00
   0.0000000e+00
   0.0000000e+00
   0.0000000e+00
   0.0000000e+00
   0.0000000e+00
   0.0000000e+00
   0.0000000e+00
   0.0000000e+00
   0.0000000e+00
   0.0000000e+00
   0.0000000e+00
   0.0000000e+00
   0.0000000e+00
   7.8585029e-03
   1.1384111e-02
   1.4615344e-02
   1.4000601e-02
   1.1838250e-02
   8.8425085e-03
   0.0000000e+00
  -0.0000000e+00
  -0.0000000e+00
   0.0000000e+00
   0.0000000e+00
   0.0000000e+00
   0.0000000e+00
   0.0000000e+00
   0.0000000e+00
   7.1487570e-03
   1.2170055e-02
   1.0450884e-02
   4.1299262e-03
   4.4083335e-03
   3.9306274e-03
  -3.7010164e-04
  -3.1558016e-03
  -0.0000000e+00
   0.0000000e+00
   0.0000000e+00
   0.0000000e+00
   0.0000000e+00
   0.0000000e+00
   0.0000000e+00
   0.0000000e+00
   0.0000000e+00
   0.0000000e+00
   0.0000000e+00
   0.0000000e+00
   0.0000000e+00
   0.0000000e+00
   0.0000000e+00
   2.3967326e-02
   3.3258494e-02
   3.7874028e-02
   0.0000000e+00
  -1.6481688e-02
  -2.2080133e-02
  -1.8519055e-02
  -1.6455051e-02
  -1.1766033e-02
  -5.9167482e-03
  -2.0060935e-03
   3.2110998e-04
  -8.2502374e-03
  -1.1693452e-02
   5.6030658e-03
  -4.7900518e-03
  -7.0376602e-03
  -2.6187987e-03
  -1.0837168e-03
  -2.6461920e-03
  -5.0049054e-03
  -0.0000000e+00
   0.0000000e+00
   0.0000000e+00
   0.0000000e+00
   0.0000000e+00
   0.0000000e+00
   0.0000000e+00
   0.0000000e+00
   0.0000000e+00
   0.0000000e+00
   0.0000000e+00
   0.0000000e+00
   0.0000000e+00
   0.0000000e+00
   0.0000000e+00
   2.2948341e-02
   3.2299861e-02
   3.4639299e-02
   1.2231687e-02
  -3.3007678e-02
  -4.0629592e-02
  -3.8817108e-02
  -3.4571458e-02
  -2.7469257e-02
  -2.2397084e-02
  -1.8950477e-02
  -1.3307497e-02
  -1.9336035e-02
  -1.9426914e-02
  -1.6338643e-02
  -2.8208272e-02
  -0.0000000e+00
   0.0000000e+00
   0.0000000e+00
   0.0000000e+00
   0.0000000e+00
   0.0000000e+00
   0.0000000e+00
   0.0000000e+00
   0.0000000e+00
  -0.0000000e+00
  -1.9973051e-02
   0.0000000e+00
   0.0000000e+00
   0.0000000e+00
   0.0000000e+00
   0.0000000e+00
   0.0000000e+00
   0.0000000e+00
   0.0000000e+00
   0.0000000e+00
   1.6963937e-02
   1.5314179e-02
   1.4229985e-02
  -6.1796666e-03
  -4.0821355e-02
  -4.6498582e-02
  -4.3797508e-02
  -3.7542272e-02
  -3.0201765e-02
  -2.6688963e-02
  -2.3307534e-02
  -1.8866166e-02
  -2.2064194e-02
  -2.4106931e-02
  -3.1255223e-02
  -4.3756996e-02
   0.0000000e+00
   0.0000000e+00
   0.0000000e+00
   0.0000000e+00
   0.0000000e+00
   0.0000000e+00
   0.0000000e+00
  -0.0000000e+00
   0.0000000e+00
  -1.7695029e-02
  -3.0297241e-02
   0.0000000e+00
   0.0000000e+00
   0.0000000e+00
   0.0000000e+00
  -0.0000000e+00
  -0.0000000e+00
   0.0000000e+00
   0.0000000e+00
   0.0000000e+00
   1.5321082e-02
   1.2267175e-02
  -4.6995990e-03
  -2.2713026e-02
  -4.2714816e-02
  -4.2683728e-02
  -3.6979187e-02
  -3.1377789e-02
  -2.5840960e-02
  -2.2905990e-02
  -2.0692727e-02
  -1.9017598e-02
  -2.1178063e-02
  -2.4057128e-02
  -3.2068618e-02
  -3.9535810e-02
  -2.0739832e-02
   0.0000000e+00
   0.0000000e+00
   0.0000000e+00
   0.0000000e+00
   0.0000000e+00
  -0.0000000e+00
  -0.0000000e+00
  -1.6155781e-02
  -4.1173752e-02
  -4.2316417e-02
   0.0000000e+00
   0.0000000e+00
   0.0000000e+00
  -0.0000000e+00
  -1.3838600e-02
  -1.4456537e-02
  -0.0000000e+00
   0.0000000e+00
   0.0000000e+00
   1.1310143e-02
   5.6956937e-03
  -1.8140243e-02
  -3.3491787e-02
  -3.4985863e-02
  -3.0934621e-02
  -2.4118232e-02
  -2.0356534e-02
  -1.6941004e-02
  -1.5269695e-02
  -1.5605555e-02
  -1.5722495e-02
  -1.8231254e-02
  -2.0747434e-02
  -2.1728555e-02
  -2.0839563e-02
  -6.6260811e-03
   0.0000000e+00
   0.0000000e+00
   0.0000000e+00
   0.0000000e+00
   0.0000000e+00
   0.0000000e+00
  -9.9511221e-03
  -3.2726627e-02
  -4.3619651e-02
  -3.0042938e-02
  -0.0000000e+00
  -0.0000000e+00
  -0.0000000e+00
  -1.0550616e-02
  -9.8230792e-03
  -5.7636905e-03
  -5.5335867e-03
   0.0000000e+00
   0.0000000e+00
   3.9941343e-03
  -6.3469736e-03
  -2.5332782e-02
  -3.3695914e-02
  -1.9866072e-02
  -1.5904468e-02
  -1.0455391e-02
  -7.9722730e-03
  -5.4144068e-03
  -5.7750009e-03
  -7.1739107e-03
  -8.7721525e-03
  -1.2829595e-02
  -1.5561452e-02
  -1.1943934e-02
  -1.8832328e-03
   7.5892322e-03
   8.3522997e-03
   8.8302115e-03
   0.0000000e+00
  -0.0000000e+00
  -2.9669608e-03
   2.9532458e-03
  -7.7659860e-03
  -2.9817676e-02
  -2.6276538e-02
  -1.0754739e-02
  -3.1000737e-03
  -5.5661476e-03
  -6.3208020e-03
  -7.4240603e-03
   4.4051558e-03
   1.3242398e-02
   1.2660924e-02
   0.0000000e+00
   0.0000000e+00
  -1.6726451e-03
  -1.2365167e-02
  -2.0945929e-02
  -2.1870807e-02
  -3.6607569e-03
  -4.3313153e-04
   3.0112085e-03
   4.9535343e-03
   7.1961270e-03
   4.9793529e-03
   4.2924117e-03
   7.4227527e-04
  -5.3466489e-03
  -8.5878680e-03
  -3.8709182e-03
   1.2299721e-02
   1.9267920e-02
   1.8050248e-02
   1.6772917e-02
   0.0000000e+00
   0.0000000e+00
  -8.6840236e-04
   4.3015151e-03
  -1.9122934e-03
  -1.3627160e-02
  -2.8195546e-03
   8.4115854e-03
   7.9021286e-03
   4.3669255e-03
   2.7564075e-03
   4.5220898e-03
   2.5453074e-02
   2.9360440e-02
   2.4034077e-02
   0.0000000e+00
   0.0000000e+00
  -2.8480422e-03
  -7.0930556e-03
  -7.7441046e-03
  -5.1617455e-03
   1.0524906e-02
   1.4528455e-02
   1.6617972e-02
   1.8201835e-02
   1.9658010e-02
   1.6403366e-02
   1.6683724e-02
   1.0768437e-02
   3.1317205e-03
   2.7007351e-04
   5.2035539e-03
   2.2092601e-02
   2.3583139e-02
   2.4189767e-02
   2.8678048e-02
   1.2226745e-02
   0.0000000e+00
   5.1302323e-03
   5.7763887e-03
   0.0000000e+00
   3.9530178e-03
   1.7526351e-02
   2.4893068e-02
   1.9308716e-02
   1.6656734e-02
   1.2806782e-02
   1.8606657e-02
   4.2193674e-02
   3.7369703e-02
   0.0000000e+00
   0.0000000e+00
   0.0000000e+00
   0.0000000e+00
   6.5532597e-03
   8.7999757e-03
   1.0516426e-02
   2.2577830e-02
   2.7440943e-02
   2.9051188e-02
   2.9454764e-02
   2.9340405e-02
   2.5359791e-02
   2.4569685e-02
   1.7470067e-02
   1.0945261e-02
   1.1390844e-02
   1.7481748e-02
   2.9677879e-02
   2.1567091e-02
   0.0000000e+00
   3.7958667e-02
   1.2438517e-02
   0.0000000e+00
   0.0000000e+00
   4.8765453e-03
   0.0000000e+00
   1.5517152e-02
   3.1046901e-02
   3.6961686e-02
   2.4606852e-02
   2.1069188e-02
   1.6036596e-02
   2.7928803e-02
   4.7642849e-02
   3.2887019e-02
   0.0000000e+00
   0.0000000e+00
   0.0000000e+00
   0.0000000e+00
   2.3321930e-02
   2.2846106e-02
   2.1746796e-02
   2.7031055e-02
   3.1059448e-02
   3.1979121e-02
   3.0990038e-02
   2.8977923e-02
   2.4447171e-02
   2.1348778e-02
   1.5728557e-02
   1.2412106e-02
   1.5979586e-02
   2.2522889e-02
   2.9585628e-02
   1.7344837e-02
   1.6140505e-02
   3.5038299e-02
   0.0000000e+00
   0.0000000e+00
   0.0000000e+00
   5.4591666e-03
   1.5923820e-02
   1.9314732e-02
   3.1840879e-02
   4.0796924e-02
   2.4695635e-02
   0.0000000e+00
   0.0000000e+00
   2.5836835e-02
   4.0252063e-02
   2.6858835e-02
   1.1939733e-02
   0.0000000e+00
   0.0000000e+00
   0.0000000e+00
   2.9895427e-02
   2.6554499e-02
   2.5345828e-02
   2.5950875e-02
   2.9163433e-02
   2.9220447e-02
   2.7420036e-02
   2.3955716e-02
   1.9586438e-02
   1.5721787e-02
   1.1376160e-02
   1.0919785e-02
   1.5355219e-02
   2.2013932e-02
   2.6281750e-02
   1.6791627e-02
   2.0685107e-02
   2.8317780e-02
   0.0000000e+00
   0.0000000e+00
   0.0000000e+00
   7.5498217e-03
   2.1347042e-02
   2.1524291e-02
   2.8964045e-02
   3.8097810e-02
   1.7354834e-02
   0.0000000e+00
   0.0000000e+00
   0.0000000e+00
   3.2289501e-02
   2.4438163e-02
   9.9112125e-03
   0.0000000e+00
   0.0000000e+00
   2.8271707e-02
   2.8312592e-02
   2.5087101e-02
   2.4389954e-02
   2.2046041e-02
   2.4206115e-02
   2.3297366e-02
   2.1007748e-02
   1.6414354e-02
   1.2539570e-02
   8.8929329e-03
   5.8536269e-03
   7.9170801e-03
   1.1967322e-02
   1.8371733e-02
   2.0700799e-02
   1.5592583e-02
   2.5186658e-02
   2.2742958e-02
   0.0000000e+00
   0.0000000e+00
   0.0000000e+00
   0.0000000e+00
   2.4438083e-02
   2.2208355e-02
   2.5462838e-02
   3.0345166e-02
   1.0505928e-02
   3.4274090e-03
   3.4046571e-03
   0.0000000e+00
   2.4171877e-02
   2.2255246e-02
   7.8643485e-03
   0.0000000e+00
   0.0000000e+00
   2.7826238e-02
   2.3042934e-02
   2.1119425e-02
   2.0867055e-02
   1.4086580e-02
   1.4264111e-02
   1.2497868e-02
   1.0355754e-02
   5.5893585e-03
   2.7640667e-03
   8.7843166e-04
  -6.8518653e-04
   2.8700137e-03
   4.6508750e-03
   9.9340091e-03
   1.0996906e-02
   1.0571908e-02
   2.9474730e-02
   1.6633201e-02
  -3.6147421e-03
   0.0000000e+00
   0.0000000e+00
   0.0000000e+00
   1.9438531e-02
   1.9416543e-02
   2.3719111e-02
   1.4500230e-02
   3.5199511e-03
  -2.8831628e-04
   2.5628592e-03
   0.0000000e+00
   0.0000000e+00
   1.9297652e-02
   5.4024622e-03
  -4.3760277e-03
   0.0000000e+00
   2.2059446e-02
   1.3780608e-02
   1.4329594e-02
   1.2956725e-02
   1.0308663e-02
   9.2315692e-03
   7.3606279e-03
   5.6113997e-03
   9.1483444e-04
  -3.0040409e-04
  -1.5869318e-03
  -1.9629309e-03
   3.2115378e-04
   7.6186092e-04
   4.6590297e-03
   2.6803704e-03
   5.5884188e-03
   1.7172880e-02
   7.3652655e-03
  -1.7318529e-03
   0.0000000e+00
   0.0000000e+00
   0.0000000e+00
   1.1031289e-02
   1.7418639e-02
   2.2228435e-02
   7.2342348e-03
   3.9557004e-03
   4.2202892e-03
   2.1611811e-03
   2.3103737e-03
   0.0000000e+00
   1.5202954e-02
   3.0036168e-03
  -4.6356328e-04
   1.6330449e-02
   1.6035490e-02
   1.0117700e-02
   1.1438322e-02
   8.6057931e-03
   8.3580920e-03
   6.9966656e-03
   5.0585438e-03
   3.5924618e-03
  -5.9606030e-04
  -7.3514145e-04
  -2.3490675e-03
  -1.9729135e-03
  -9.6096180e-04
  -1.1887981e-03
   2.0509574e-03
  -2.8268436e-03
   1.9474488e-03
   3.1618252e-03
  -3.2245925e-03
   2.6592200e-03
   0.0000000e+00
   0.0000000e+00
   0.0000000e+00
   4.0959387e-03
   1.7482386e-02
   1.7420426e-02
   4.1503510e-03
   6.3609397e-03
   7.0357472e-03
   2.7377368e-03
  -3.4059748e-03
   0.0000000e+00
   0.0000000e+00
   1.0148073e-03
   1.3998968e-03
   1.4044812e-02
   1.1826637e-02
   8.1802970e-03
   9.3431706e-03
   6.8484847e-03
   7.3109530e-03
   6.1212708e-03
   4.2022699e-03
   3.0213345e-03
  -2.1360646e-04
   5.1257538e-04
  -1.6249435e-03
  -7.0029643e-04
  -8.9852011e-04
  -1.5342166e-03
   1.2217779e-03
  -5.6697582e-03
  -2.9227685e-04
  -1.0231850e-02
  -1.1917816e-02
   8.3258443e-03
   0.0000000e+00
   0.0000000e+00
   0.0000000e+00
  -2.8638434e-04
   1.7654422e-02
   1.1022347e-02
   3.3951499e-03
   9.9135460e-03
   9.3348958e-03
   4.7644833e-03
  -8.1082712e-03
  -0.0000000e+00
   0.0000000e+00
  -3.3530287e-04
   3.7914938e-03
   1.0458296e-02
   8.9678243e-03
   7.4633956e-03
   7.8290524e-03
   6.5120957e-03
   7.5415052e-03
   6.7221490e-03
   5.5594402e-03
   4.4402331e-03
   3.3425922e-03
   3.7147475e-03
   1.6989929e-03
   2.7845996e-03
   1.2133375e-03
   5.7343242e-04
   1.5072316e-03
  -5.5317665e-03
  -2.4825896e-03
  -1.9631855e-02
  -2.2129510e-02
   2.5909638e-03
   0.0000000e+00
   0.0000000e+00
  -0.0000000e+00
  -3.2605326e-03
   1.2662372e-02
   8.3142200e-03
   3.1343545e-03
   8.0068307e-03
   5.2025015e-03
   3.4299910e-03
  -9.6738720e-03
  -1.0185231e-02
   0.0000000e+00
  -1.1359639e-03
   1.6875279e-03
   3.6093558e-03
   4.0341406e-03
   5.4656495e-03
   6.0559688e-03
   7.1008643e-03
   7.1491855e-03
   6.8746465e-03
   6.5965080e-03
   5.0832056e-03
   4.7732559e-03
   5.0785299e-03
   4.4051651e-03
   5.5017835e-03
   3.4060618e-03
   2.2993821e-03
   5.4615352e-04
  -6.4122435e-03
  -6.6811563e-03
  -2.0457240e-02
  -2.2317383e-02
  -4.3579428e-03
   0.0000000e+00
   0.0000000e+00
  -0.0000000e+00
  -5.2283746e-03
   7.6790610e-03
   1.0037126e-02
   1.3085598e-03
   1.1694031e-03
  -1.7188382e-03
  -3.0136509e-03
  -8.6581912e-03
  -8.9503756e-03
  -2.3319468e-04
  -1.8043921e-03
  -1.2692412e-03
   2.7244147e-05
  -1.3967841e-03
   1.7988159e-03
   3.4413117e-03
   5.3335787e-03
   4.1365796e-03
   5.0387275e-03
   5.6283930e-03
   4.1206111e-03
   4.2084460e-03
   4.7940086e-03
   5.5955146e-03
   6.8269381e-03
   4.7953557e-03
   2.8843072e-03
  -8.5955183e-04
  -7.0491359e-03
  -1.0222272e-02
  -2.1012444e-02
  -2.4228872e-02
  -1.2563010e-02
  -0.0000000e+00
   0.0000000e+00
  -0.0000000e+00
  -8.6148269e-03
   1.4607052e-03
   9.9305548e-03
  -0.0000000e+00
  -5.1057278e-03
  -9.8461965e-03
  -9.6601062e-03
  -1.0025324e-02
  -1.0486993e-02
  -4.2343820e-03
  -4.3606143e-03
  -5.4953936e-03
  -4.9481676e-03
  -7.4335104e-03
  -3.8178773e-03
  -1.4474492e-03
   1.0595276e-03
  -3.1052432e-03
   2.4772421e-04
   1.6272562e-03
   7.7479373e-04
   1.6942821e-04
   1.6872174e-03
   3.8851486e-03
   5.7572438e-03
   4.8643555e-03
   1.5389493e-03
  -2.6199056e-03
  -9.0668341e-03
  -1.3115812e-02
  -2.2469975e-02
  -2.8028952e-02
  -2.3451294e-02
  -2.9675137e-02
  -2.6264862e-02
  -1.8548441e-02
  -1.5296738e-02
  -6.2356077e-03
   4.6043130e-04
  -0.0000000e+00
  -9.9336524e-03
  -2.0673143e-02
  -1.7205084e-02
  -1.5669625e-02
  -1.3638250e-02
  -9.3446178e-03
  -1.1428454e-02
  -1.2715927e-02
  -1.3344445e-02
  -1.5217668e-02
  -1.3384779e-02
  -1.0519476e-02
  -7.4651539e-03
  -1.6379079e-02
  -1.0811742e-02
  -8.9139296e-03
  -8.7992391e-03
  -1.0350141e-02
  -9.2621576e-03
  -6.7064986e-03
  -3.9572008e-03
  -2.6640939e-03
  -5.5564041e-03
  -8.2589770e-03
  -1.4917273e-02
  -1.9065542e-02
  -2.8390141e-02
  -3.4612309e-02
  -2.5035921e-02
  -2.9359512e-02
  -3.3005558e-02
  -3.0393559e-02
  -2.5017589e-02
  -1.4814795e-02
  -0.0000000e+00
  -4.1443435e-03
  -1.0976795e-02
  -2.1926554e-02
  -1.9390613e-02
  -2.3995439e-02
  -2.0992316e-02
  -1.7361501e-02
  -2.0980181e-02
  -2.2189904e-02
  -2.2871649e-02
  -2.2500359e-02
  -2.4154544e-02
  -2.2652047e-02
  -2.0225177e-02
  -2.4317006e-02
  -1.8743690e-02
  -1.5551320e-02
  -1.5176309e-02
  -1.6975161e-02
  -1.7788570e-02
  -1.5828257e-02
  -1.2882506e-02
  -1.0377495e-02
  -1.0949925e-02
  -1.2441573e-02
  -1.7671356e-02
  -2.3345856e-02
  -2.9253984e-02
  -3.3295028e-02
  -2.6340015e-02
  -2.5579752e-02
  -3.2221291e-02
  -3.4269327e-02
  -2.9543942e-02
  -2.0187417e-02
  -0.0000000e+00
  -7.5045843e-03
  -1.1164429e-02
  -1.8381000e-02
  -1.9656561e-02
  -2.5276557e-02
  -2.5547976e-02
  -2.3261106e-02
  -2.4786601e-02
  -2.6517162e-02
  -2.6475813e-02
  -2.5972744e-02
  -2.8287843e-02
  -2.8344529e-02
  -2.7174383e-02
  -2.9128293e-02
  -2.4541039e-02
  -1.9838206e-02
  -1.9202350e-02
  -2.1018298e-02
  -2.3903048e-02
  -2.3105491e-02
  -2.0289969e-02
  -1.7168136e-02
  -1.4985910e-02
  -1.5114937e-02
  -1.8317169e-02
  -2.4902977e-02
  -2.6475618e-02
  -2.7976781e-02
  -2.7768239e-02
  -2.2570392e-02
  -2.8560171e-02
  -3.4795742e-02
  -3.0585626e-02
  -2.2298818e-02
  -1.4222031e-02
  -1.0715791e-02
  -1.1440935e-02
  -1.4220739e-02
  -1.8854998e-02
  -2.3487415e-02
  -2.7361060e-02
  -2.7063256e-02
  -2.5631804e-02
  -2.7589291e-02
  -2.6987640e-02
  -2.7050206e-02
  -2.9152667e-02
  -3.0487543e-02
  -3.0724527e-02
  -2.9105984e-02
  -2.6512546e-02
  -2.0103220e-02
  -1.8662460e-02
  -2.0557484e-02
  -2.5077606e-02
  -2.6664654e-02
  -2.4330495e-02
  -2.1367157e-02
  -1.6585322e-02
  -1.4557744e-02
  -1.5164973e-02
  -1.9032286e-02
  -1.6412796e-02
  -1.8871618e-02
  -3.1790532e-02
  -2.4865424e-02
  -2.1365808e-02
  -2.7013183e-02
  -2.3823233e-02
  -1.9236652e-02
  -1.0513219e-02
  -9.3635283e-03
  -1.2424231e-02
  -1.0890308e-02
  -1.5531424e-02
  -1.7752497e-02
  -2.3261717e-02
  -2.6467437e-02
  -2.2198418e-02
  -2.2940129e-02
  -2.3015661e-02
  -2.3873484e-02
  -2.5392419e-02
  -2.7030155e-02
  -2.8837560e-02
  -1.9161019e-02
  -1.8362507e-02
  -1.3358326e-02
  -1.0630013e-02
  -1.2400691e-02
  -1.5192589e-02
  -1.8902846e-02
  -1.7712476e-02
  -1.5770627e-02
  -1.2068807e-02
  -8.0458960e-03
  -6.7162234e-03
  -5.5085747e-03
  -6.2370501e-03
  -1.1216848e-02
  -2.6928961e-02
  -2.9422548e-02
  -1.7038897e-02
  -1.6101303e-02
  -1.1678549e-02
  -6.4264946e-03
  -1.0623884e-03
   1.8946299e-03
  -5.8568958e-03
  -5.2125109e-03
  -5.3797015e-03
  -8.5257553e-03
  -8.8924412e-03
  -1.3397258e-02
  -1.1766127e-02
  -1.1092841e-02
  -1.1574557e-02
  -1.1598567e-02
  -1.5065236e-02
  -1.6414080e-02
  -1.8250195e-02
  -6.6393418e-03
  -5.8837873e-03
  -2.8481151e-03
   2.0092222e-04
  -1.0267965e-03
  -2.5557678e-03
  -5.9818756e-03
  -5.6535699e-03
  -4.1449503e-03
  -2.3197739e-03
   1.9156127e-03
   3.5934474e-03
   3.8411694e-03
  -9.1941638e-06
  -3.2454841e-03
  -1.3389549e-02
  -2.2417296e-02
  -1.7872137e-02
  -0.0000000e+00
  -7.8276645e-03
   1.4043280e-03
   6.5811593e-03
   1.1504121e-02
   8.1663430e-03
   8.3416304e-03
   7.7271811e-03
   4.9381866e-03
   6.0050627e-03
   3.4494009e-03
   2.7474670e-03
   1.9474847e-03
   1.9134117e-03
   2.2068820e-03
  -2.2521508e-03
  -4.7817309e-03
  -6.6492562e-03
   5.8233188e-03
   7.3766601e-03
   9.4907330e-03
   1.1614794e-02
   1.0806506e-02
   9.2563573e-03
   7.4768420e-03
   7.2079413e-03
   8.9413170e-03
   9.6593536e-03
   1.2366600e-02
   1.2785955e-02
   9.1357343e-03
   7.5021759e-03
   7.7040396e-03
   3.0421664e-03
  -5.6647006e-03
  -6.5047507e-03
  -0.0000000e+00
  -0.0000000e+00
   0.0000000e+00
   7.5527723e-03
   1.3962555e-02
   1.9704435e-02
   2.0642856e-02
   2.1629255e-02
   2.1543205e-02
   2.0478565e-02
   1.9591546e-02
   1.7933995e-02
   1.6706064e-02
   1.6287200e-02
   1.5426963e-02
   1.2015763e-02
   7.7988212e-03
   5.5463202e-03
   1.6441055e-02
   1.8979147e-02
   2.1112107e-02
   2.1618526e-02
   2.0931259e-02
   1.8116295e-02
   1.8782407e-02
   1.7917853e-02
   2.0316711e-02
   2.1239551e-02
   2.1295436e-02
   1.9260494e-02
   1.3193625e-02
   1.9028427e-02
   1.9451046e-02
   1.7982390e-02
   1.6167561e-02
   1.1966656e-02
   0.0000000e+00
   0.0000000e+00
  -0.0000000e+00
   1.1513740e-03
   8.8018067e-03
   2.3100814e-02
   2.6986022e-02
   2.9072696e-02
   3.3659279e-02
   3.1345002e-02
   3.2200720e-02
   3.0910838e-02
   3.0992508e-02
   2.9082542e-02
   2.6054569e-02
   2.4344612e-02
   1.9030880e-02
   1.6955528e-02
   2.3096623e-02
   2.5880389e-02
   2.8140493e-02
   2.7263343e-02
   2.6776716e-02
   2.3141997e-02
   2.4860617e-02
   2.3999553e-02
   2.6287897e-02
   2.7910102e-02
   2.6453199e-02
   2.3500770e-02
   2.0369047e-02
   3.1237846e-02
   2.6004363e-02
   2.8219240e-02
   3.5519449e-02
   0.0000000e+00
   0.0000000e+00
   0.0000000e+00
  -0.0000000e+00
  -5.3429650e-03
   1.6754038e-03
   1.4962090e-02
   2.1690965e-02
   2.4238959e-02
   3.1906161e-02
   3.3536706e-02
   3.7397146e-02
   3.7953787e-02
   3.9592735e-02
   3.6976062e-02
   3.2500636e-02
   3.0938679e-02
   2.5193844e-02
   2.3969311e-02
   2.3096913e-02
   2.5120519e-02
   2.6746973e-02
   2.5592042e-02
   2.5495710e-02
   2.3199657e-02
   2.3392277e-02
   2.4258723e-02
   2.4540257e-02
   2.5401283e-02
   2.6018862e-02
   2.5218718e-02
   2.6231075e-02
   3.0939279e-02
   2.2013791e-02
   3.2432102e-02
   4.6709532e-02
   3.1659902e-02
   2.3621602e-02
   6.3522971e-03
  -1.4925508e-02
  -8.5089896e-03
  -5.4284246e-03
   3.7157049e-03
   1.3758555e-02
   1.1303413e-02
   1.6746100e-02
   2.3812501e-02
   3.0133342e-02
   3.4790281e-02
   3.7871975e-02
   3.7189245e-02
   3.2678459e-02
   3.0330930e-02
   2.4979183e-02
   2.2844780e-02
   1.4550262e-02
   1.5747909e-02
   1.7039541e-02
   1.5933631e-02
   1.6047714e-02
   1.5874691e-02
   1.5687106e-02
   1.7900135e-02
   1.4929532e-02
   1.4890496e-02
   1.9254116e-02
   1.8475581e-02
   1.7074203e-02
   1.3970265e-02
   1.3642342e-02
   2.8340729e-02
   3.6547787e-02
   2.6311731e-02
   1.8535867e-02
   4.4366345e-03
  -1.0369791e-02
  -8.7826345e-03
  -1.2414716e-02
  -7.6481677e-03
   3.9010127e-03
  -2.2015857e-04
   1.6264362e-03
   7.7126194e-03
   1.0941029e-02
   2.0207984e-02
   2.8401650e-02
   2.9043462e-02
   2.3793902e-02
   2.2275150e-02
   1.9780921e-02
   1.5125334e-02
  -8.8317075e-04
   2.0802380e-04
   2.9131577e-03
   1.1828360e-03
   1.0422766e-03
   2.4830727e-03
   3.0526689e-03
   3.3942170e-03
  -7.4024312e-04
   1.2220868e-03
   6.4168945e-03
   3.4191587e-03
  -1.5758072e-03
  -3.0012247e-03
   3.5628965e-03
   1.0078059e-02
   7.0450054e-03
   5.9037944e-03
   6.9537461e-03
   3.6219412e-03
  -1.5273343e-03
  -6.0342234e-03
  -1.3742958e-02
  -1.8648563e-02
  -1.4358635e-02
  -1.1735204e-02
  -8.1110429e-03
  -6.8696141e-03
  -8.8745356e-03
   1.1128735e-03
   1.3460904e-02
   1.2882611e-02
   6.6070999e-03
   7.2162421e-03
   7.6104631e-03
   2.2639581e-03
  -1.3510186e-02
  -1.2720374e-02
  -9.0776794e-03
  -7.8408103e-03
  -6.8242741e-03
  -5.4367776e-03
  -5.8207205e-03
  -7.2787432e-03
  -8.1355376e-03
  -4.3312777e-03
  -5.2743143e-04
  -2.8967913e-03
  -8.0078775e-03
  -8.9536756e-03
  -7.6683788e-03
  -8.5914806e-03
  -1.1653159e-02
  -9.6310005e-03
  -4.2136544e-03
  -1.3002021e-03
  -1.0408916e-03
  -3.4748665e-03
  -9.0970341e-03
  -1.8836865e-02
  -2.4593316e-02
  -2.1813232e-02
  -1.5912613e-02
  -1.3574324e-02
  -1.3682312e-02
  -7.2479206e-03
   1.0866268e-03
   8.2037190e-04
  -3.5220368e-03
  -4.3294537e-03
  -5.1518711e-03
  -9.5603950e-03
  -1.0255454e-02
  -1.0152483e-02
  -7.8760451e-03
  -4.6164813e-03
  -1.8306560e-03
  -4.1343850e-05
   2.6878057e-04
   7.7064258e-05
   3.6125025e-04
   1.1140854e-03
   1.2897287e-03
  -4.0142218e-04
  -3.3616326e-03
  -5.6233620e-03
  -6.9571766e-03
  -7.7228779e-03
  -8.7336842e-03
  -9.6937064e-03
  -1.0193020e-02
  -1.0039674e-02
  -8.2433289e-03
  -4.9905088e-03
  -2.6630315e-03
  -2.6155969e-03
  -4.3093786e-03
  -5.5737579e-03
  -5.7991734e-03
  -5.0143604e-03
  -3.7606740e-03
  -1.9439505e-03
   1.0813437e-04
   1.0035807e-03
  -7.5888311e-05
  -2.5994920e-03
  -5.3591151e-03
  -8.2340352e-03
