  -8.3522883e-03
  -8.2271927e-03
  -7.5915153e-03
  -6.4716352e-03
  -5.3698238e-03
  -4.3844759e-03
  -4.1766423e-03
  -4.5051068e-03
  -4.9909288e-03
  -5.4507060e-03
  -5.6215593e-03
  -4.9557447e-03
   0.0000000e+00
   0.0000000e+00
   0.0000000e+00
   0.0000000e+00
   0.0000000e+00
   0.0000000e+00
   0.0000000e+00
   0.0000000e+00
   0.0000000e+00
   0.0000000e+00
   0.0000000e+00
   0.0000000e+00
   0.0000000e+00
   0.0000000e+00
   0.0000000e+00
   0.0000000e+00
   0.0000000e+00
   0.0000000e+00
   1.3570245e-03
   8.3845043e-04
  -1.3805535e-03
  -3.8762636e-03
  -5.7295078e-03
  -7.1681424e-03
  -0.0000000e+00
  -0.0000000e+00
  -0.0000000e+00
  -0.0000000e+00
  -0.0000000e+00
  -0.0000000e+00
  -0.0000000e+00
  -0.0000000e+00
  -0.0000000e+00
  -8.3139551e-03
  -7.4938458e-03
  -4.7633124e-03
   3.8900694e-03
   8.0394876e-03
   6.3769137e-03
   1.7679139e-03
  -6.9250033e-04
  -0.0000000e+00
   0.0000000e+00
   0.0000000e+00
   0.0000000e+00
   0.0000000e+00
   0.0000000e+00
   0.0000000e+00
   0.0000000e+00
   0.0000000e+00
   0.0000000e+00
   0.0000000e+00
   0.0000000e+00
   0.0000000e+00
   0.0000000e+00
   0.0000000e+00
   4.8006019e-03
   9.4874252e-03
   4.3120162e-03
  -0.0000000e+00
   1.1198458e-02
   3.7333907e-03
  -5.3909986e-05
  -1.1281110e-05
   1.0866574e-03
   3.6444813e-03
   6.6014971e-03
   8.8862618e-03
   5.3198938e-03
   1.2586344e-03
   6.5493365e-04
   4.3010064e-03
   9.6139215e-03
   1.2669530e-02
   1.2891260e-02
   7.4407754e-03
   4.1596718e-03
   0.0000000e+00
   0.0000000e+00
   0.0000000e+00
   0.0000000e+00
   0.0000000e+00
   0.0000000e+00
   0.0000000e+00
   0.0000000e+00
   0.0000000e+00
   0.0000000e+00
   0.0000000e+00
   0.0000000e+00
   0.0000000e+00
   0.0000000e+00
   0.0000000e+00
   2.1330807e-02
   3.6179617e-02
   4.3425396e-02
   2.9527064e-02
   8.3855569e-02
   7.0979424e-02
   5.8468066e-02
   5.1174872e-02
   4.4760868e-02
   4.4066731e-02
   4.3447774e-02
   4.4769228e-02
   4.0734932e-02
   2.3714061e-02
   2.3624956e-02
   1.8261395e-02
   0.0000000e+00
   0.0000000e+00
   0.0000000e+00
   0.0000000e+00
   0.0000000e+00
   0.0000000e+00
   0.0000000e+00
   0.0000000e+00
   0.0000000e+00
   0.0000000e+00
   9.6964715e-03
   0.0000000e+00
   0.0000000e+00
   0.0000000e+00
   0.0000000e+00
   0.0000000e+00
   0.0000000e+00
   0.0000000e+00
   0.0000000e+00
   0.0000000e+00
   3.9429594e-02
   5.5835984e-02
   8.2267335e-02
   9.3829192e-02
   1.3365725e-01
   1.2506382e-01
   1.0827630e-01
   9.5389448e-02
   8.2178608e-02
   7.4690476e-02
   6.7613162e-02
   6.6765890e-02
   6.6743679e-02
   5.3003188e-02
   5.3258277e-02
   3.5265101e-02
   0.0000000e+00
   0.0000000e+00
   0.0000000e+00
   0.0000000e+00
   0.0000000e+00
   0.0000000e+00
   0.0000000e+00
   0.0000000e+00
   0.0000000e+00
   4.3379508e-02
   2.1460864e-02
   0.0000000e+00
   0.0000000e+00
   0.0000000e+00
   0.0000000e+00
   0.0000000e+00
   0.0000000e+00
   0.0000000e+00
   0.0000000e+00
   0.0000000e+00
   6.6571124e-02
   8.8699356e-02
   1.0993179e-01
   1.3205934e-01
   1.4121395e-01
   1.3804212e-01
   1.2201303e-01
   1.0827927e-01
   9.5304348e-02
   8.4657043e-02
   7.5787164e-02
   7.3659815e-02
   7.4494019e-02
   7.0117295e-02
   7.1065083e-02
   4.2839791e-02
   1.8742611e-02
   0.0000000e+00
   0.0000000e+00
   0.0000000e+00
   0.0000000e+00
   0.0000000e+00
   0.0000000e+00
   0.0000000e+00
   6.4690702e-02
   7.6117575e-02
   4.1857461e-02
   0.0000000e+00
   0.0000000e+00
   0.0000000e+00
   0.0000000e+00
   4.6907605e-02
   3.0511290e-02
   0.0000000e+00
   0.0000000e+00
   0.0000000e+00
   8.5802890e-02
   1.1486825e-01
   1.2621361e-01
   1.3824907e-01
   1.0732684e-01
   1.0333177e-01
   9.3420595e-02
   8.4600449e-02
   7.6323941e-02
   6.9649920e-02
   6.4133890e-02
   6.1309680e-02
   5.9900269e-02
   5.9271358e-02
   5.8607165e-02
   3.4614444e-02
   1.5215412e-02
   0.0000000e+00
   0.0000000e+00
   0.0000000e+00
   0.0000000e+00
   0.0000000e+00
   0.0000000e+00
   5.0376710e-02
   7.9426184e-02
   7.5547449e-02
   3.7986260e-02
   0.0000000e+00
   0.0000000e+00
   0.0000000e+00
   4.0760468e-02
   5.0626330e-02
   3.2371446e-02
   2.3740726e-02
   0.0000000e+00
   0.0000000e+00
   7.9226635e-02
   1.0382896e-01
   1.0929778e-01
   1.1096063e-01
   5.3052813e-02
   4.8799340e-02
   4.5072667e-02
   4.0878154e-02
   3.6785394e-02
   3.4931149e-02
   3.2865137e-02
   3.0578041e-02
   2.9235134e-02
   2.9789755e-02
   2.9100876e-02
   1.6972043e-02
   7.0829438e-03
   8.4641524e-03
   5.9587695e-03
   0.0000000e+00
  -0.0000000e+00
   7.1134616e-03
   2.6824357e-02
   4.4399798e-02
   5.9245285e-02
   4.8298310e-02
   1.8441509e-02
   6.9006551e-03
   1.0063953e-02
   1.8173181e-02
   3.2298226e-02
   3.2619685e-02
   1.7220423e-02
   1.1780197e-02
   0.0000000e+00
   0.0000000e+00
   4.2584550e-02
   5.7181571e-02
   5.8539473e-02
   5.7484131e-02
   7.1566144e-05
  -2.4751246e-03
  -2.4882674e-03
  -5.2486067e-03
  -6.8320846e-03
  -7.0057600e-03
  -7.5265076e-03
  -7.3720212e-03
  -7.4644093e-03
  -3.8611412e-03
  -3.6404068e-03
  -5.6436816e-03
  -4.5753252e-03
   2.2906162e-04
   4.0067662e-03
  -0.0000000e+00
  -0.0000000e+00
  -2.2814565e-03
   1.5884775e-02
   2.0220222e-02
   1.7431298e-02
   1.1127508e-02
  -6.3661542e-03
  -1.4439878e-02
  -9.4852727e-03
  -2.7490777e-03
   3.6909536e-03
  -3.2784417e-03
  -3.3140987e-03
   4.3176983e-04
   0.0000000e+00
   0.0000000e+00
   2.4420225e-03
   4.4262148e-03
   2.5560095e-03
   2.9755337e-04
  -4.1562635e-02
  -4.2852603e-02
  -4.0627439e-02
  -4.3942906e-02
  -4.3876112e-02
  -4.4585921e-02
  -4.5148522e-02
  -4.1018803e-02
  -4.1569635e-02
  -3.3726197e-02
  -3.3428553e-02
  -2.8129235e-02
  -1.4834972e-02
  -7.4649555e-03
   3.1927838e-03
  -3.5154519e-03
  -0.0000000e+00
  -1.5389232e-02
  -4.7793048e-03
  -0.0000000e+00
  -2.5611248e-02
  -2.6510062e-02
  -3.2229096e-02
  -3.6423922e-02
  -2.8334897e-02
  -2.7585976e-02
  -3.0283052e-02
  -3.5229985e-02
  -1.9732627e-02
   0.0000000e+00
   0.0000000e+00
   0.0000000e+00
  -0.0000000e+00
  -3.6549121e-02
  -3.8849894e-02
  -4.4507686e-02
  -6.7708999e-02
  -6.9913983e-02
  -6.5214597e-02
  -6.6970728e-02
  -6.5328203e-02
  -6.4021237e-02
  -6.5073073e-02
  -5.7758965e-02
  -6.2162332e-02
  -5.7498973e-02
  -5.9605923e-02
  -4.5965068e-02
  -1.9733418e-02
  -0.0000000e+00
   4.6075349e-03
   1.6519120e-03
  -0.0000000e+00
  -0.0000000e+00
  -2.0745300e-02
  -0.0000000e+00
  -5.3889841e-02
  -6.2703319e-02
  -4.9422614e-02
  -3.6580127e-02
  -2.9736467e-02
  -3.6004696e-02
  -5.1711019e-02
  -5.0747782e-02
  -2.1384527e-02
  -0.0000000e+00
   0.0000000e+00
   0.0000000e+00
  -0.0000000e+00
  -5.9994407e-02
  -6.0123358e-02
  -6.8823434e-02
  -7.0424639e-02
  -7.2887287e-02
  -6.7961030e-02
  -6.4008139e-02
  -6.1761752e-02
  -5.5387057e-02
  -5.5220585e-02
  -5.0628748e-02
  -5.6668948e-02
  -6.0703222e-02
  -6.0536951e-02
  -4.7831565e-02
  -2.1335480e-02
  -1.7640801e-02
   1.5960074e-03
   0.0000000e+00
   0.0000000e+00
  -0.0000000e+00
  -3.0011358e-02
  -4.6666182e-02
  -5.2726358e-02
  -7.0711464e-02
  -5.0993625e-02
  -2.6121256e-02
  -0.0000000e+00
  -0.0000000e+00
  -4.1363259e-02
  -4.4101670e-02
  -1.5447213e-02
  -1.1593347e-03
   0.0000000e+00
   0.0000000e+00
  -0.0000000e+00
  -6.2614068e-02
  -5.9670452e-02
  -6.7270391e-02
  -6.4244784e-02
  -6.6066563e-02
  -6.2555857e-02
  -5.4832105e-02
  -5.2159697e-02
  -4.4318482e-02
  -4.3134835e-02
  -4.1334014e-02
  -4.7952861e-02
  -5.6243792e-02
  -5.4523908e-02
  -4.5453239e-02
  -2.3443138e-02
  -2.0406086e-02
  -4.1527671e-03
   0.0000000e+00
   0.0000000e+00
  -0.0000000e+00
  -2.9728101e-02
  -5.3534474e-02
  -4.7625810e-02
  -6.0280290e-02
  -4.4049345e-02
  -1.2868767e-02
   0.0000000e+00
   0.0000000e+00
  -0.0000000e+00
  -3.3152819e-02
  -1.2209675e-02
   2.1774998e-03
   0.0000000e+00
  -0.0000000e+00
  -4.3101348e-02
  -5.6504689e-02
  -5.3675402e-02
  -6.0088873e-02
  -5.4154310e-02
  -5.4558896e-02
  -5.3064089e-02
  -4.2995408e-02
  -4.0240262e-02
  -3.2766920e-02
  -3.0976372e-02
  -3.1890795e-02
  -3.7938204e-02
  -4.8004765e-02
  -4.5068871e-02
  -4.0180176e-02
  -2.4101479e-02
  -2.0996567e-02
  -6.2503238e-03
   0.0000000e+00
   0.0000000e+00
   0.0000000e+00
  -0.0000000e+00
  -5.2141752e-02
  -4.0394101e-02
  -4.3900907e-02
  -3.2487683e-02
  -5.4476746e-03
  -4.1489741e-03
  -2.8012940e-03
  -0.0000000e+00
  -2.1198371e-02
  -9.4692986e-03
   5.1772036e-03
   0.0000000e+00
  -0.0000000e+00
  -3.9524738e-02
  -4.6741534e-02
  -4.5201238e-02
  -5.0505813e-02
  -4.1312583e-02
  -3.8578410e-02
  -3.8878523e-02
  -3.0478649e-02
  -2.9034374e-02
  -2.5066245e-02
  -2.3863981e-02
  -2.6802046e-02
  -2.9497044e-02
  -3.6240682e-02
  -3.2329615e-02
  -2.9566526e-02
  -2.0098703e-02
  -1.4511867e-02
  -3.8618789e-03
   1.2105853e-02
   0.0000000e+00
   0.0000000e+00
  -0.0000000e+00
  -3.1843452e-02
  -3.3141173e-02
  -2.8953515e-02
  -1.5804514e-02
  -5.5085029e-04
   1.8835863e-03
   1.6311921e-03
   0.0000000e+00
  -0.0000000e+00
  -7.5093452e-03
   2.6920994e-03
  -6.4180061e-04
  -0.0000000e+00
  -3.4816176e-02
  -3.4439959e-02
  -3.5587125e-02
  -3.9492965e-02
  -3.7436053e-02
  -3.4130719e-02
  -3.5512161e-02
  -3.0462323e-02
  -3.0859079e-02
  -2.9964192e-02
  -2.9886767e-02
  -3.3140678e-02
  -3.0871084e-02
  -3.4824546e-02
  -2.8408784e-02
  -2.3417355e-02
  -1.6501419e-02
  -4.9240951e-04
   3.5476541e-03
   1.0532144e-02
   0.0000000e+00
   0.0000000e+00
  -0.0000000e+00
  -1.6257699e-02
  -3.0751856e-02
  -3.1859819e-02
  -1.4261940e-02
  -3.4565232e-03
  -2.7051880e-03
   3.8003922e-03
   3.2600945e-03
  -0.0000000e+00
  -7.2570620e-03
  -5.4005790e-03
  -1.3572937e-02
  -3.0411877e-02
  -2.9952314e-02
  -3.0559901e-02
  -3.2482505e-02
  -3.4283791e-02
  -3.3895645e-02
  -3.1694606e-02
  -3.4075491e-02
  -3.1203644e-02
  -3.2789987e-02
  -3.3574309e-02
  -3.3943489e-02
  -3.7096757e-02
  -3.2713152e-02
  -3.5135504e-02
  -2.7200501e-02
  -2.1400869e-02
  -1.4639201e-02
   7.1772113e-03
   9.8503663e-03
   1.0807371e-02
   0.0000000e+00
   0.0000000e+00
  -0.0000000e+00
  -9.6833342e-03
  -2.7456922e-02
  -3.1509187e-02
  -1.6482577e-02
  -7.3755449e-03
  -6.9556297e-03
   2.4387217e-03
   2.4592951e-03
   0.0000000e+00
  -0.0000000e+00
  -1.1573466e-02
  -1.8393043e-02
  -2.8432330e-02
  -2.4997855e-02
  -2.6836341e-02
  -2.8689969e-02
  -2.9648777e-02
  -2.8471837e-02
  -2.7947212e-02
  -3.1348217e-02
  -2.9819069e-02
  -3.2228719e-02
  -3.3570975e-02
  -3.3977829e-02
  -3.6307696e-02
  -3.0972002e-02
  -3.1989556e-02
  -2.3368718e-02
  -1.8197045e-02
  -1.1606651e-02
   1.1594791e-02
   1.3669753e-02
   1.2515103e-02
   0.0000000e+00
   0.0000000e+00
  -0.0000000e+00
  -8.4150737e-03
  -2.1900788e-02
  -2.8272850e-02
  -1.9523500e-02
  -1.1231720e-02
  -1.0202264e-02
  -8.6480693e-05
   1.9209037e-03
  -0.0000000e+00
  -0.0000000e+00
  -1.6491383e-02
  -2.1321885e-02
  -2.3115912e-02
  -1.8808039e-02
  -2.1793714e-02
  -2.2909034e-02
  -2.3632029e-02
  -2.1343710e-02
  -2.3440523e-02
  -2.7632391e-02
  -2.7675455e-02
  -2.9510017e-02
  -3.0652244e-02
  -3.1187959e-02
  -3.2652028e-02
  -3.1799294e-02
  -3.0953512e-02
  -2.5055988e-02
  -2.1640927e-02
  -1.2727311e-02
   4.9930350e-03
   1.3472443e-02
   1.0321789e-02
   0.0000000e+00
   0.0000000e+00
  -0.0000000e+00
  -7.1746078e-03
  -3.1218556e-03
  -1.1190149e-02
  -2.1273673e-02
  -1.5852431e-02
  -1.0155155e-02
  -5.1153768e-03
  -1.1738922e-03
  -3.5547740e-03
  -0.0000000e+00
  -1.6681582e-02
  -1.6893668e-02
  -1.6580459e-02
  -1.4773335e-02
  -1.6473703e-02
  -1.6704118e-02
  -1.8146461e-02
  -1.8964900e-02
  -2.1036057e-02
  -2.4719752e-02
  -2.5698811e-02
  -2.7122587e-02
  -2.7340295e-02
  -2.8411182e-02
  -2.9831341e-02
  -3.1559180e-02
  -3.1818278e-02
  -3.0228782e-02
  -2.9067554e-02
  -1.9725429e-02
  -9.6367709e-03
   2.0498852e-03
   5.5154590e-03
   0.0000000e+00
   0.0000000e+00
  -0.0000000e+00
  -6.5487484e-03
   6.4822100e-03
  -3.2582476e-03
  -1.7110385e-02
  -1.7770035e-02
  -1.4737488e-02
  -1.0068850e-02
  -7.3730825e-03
  -9.8781545e-03
  -1.6537025e-02
  -1.6604593e-02
  -1.6928663e-02
  -1.7928168e-02
  -1.7111937e-02
  -1.7614918e-02
  -1.6875632e-02
  -1.7765533e-02
  -1.6254427e-02
  -1.7322609e-02
  -2.0011729e-02
  -2.1651486e-02
  -2.2873441e-02
  -2.1999186e-02
  -2.3102166e-02
  -2.3920760e-02
  -2.7403453e-02
  -2.8988244e-02
  -3.1340852e-02
  -3.3005826e-02
  -2.6277974e-02
  -2.6588885e-02
  -1.4533354e-02
   5.2526079e-05
  -0.0000000e+00
   0.0000000e+00
  -0.0000000e+00
  -6.4795446e-03
   1.2549276e-02
   5.7790371e-03
  -0.0000000e+00
  -1.6665762e-02
  -1.8377241e-02
  -1.4730091e-02
  -1.5262239e-02
  -1.7360980e-02
  -2.0175947e-02
  -1.8687628e-02
  -1.8865041e-02
  -2.0374194e-02
  -1.9860588e-02
  -1.9752327e-02
  -1.8014856e-02
  -1.7561287e-02
  -1.6842021e-02
  -1.5376143e-02
  -1.6693113e-02
  -1.8461158e-02
  -2.0134917e-02
  -1.8071607e-02
  -1.8248476e-02
  -1.8120795e-02
  -2.1668917e-02
  -2.6188154e-02
  -3.1324018e-02
  -3.7186611e-02
  -3.6130641e-02
  -4.9342085e-02
  -4.2048355e-02
  -2.5665406e-02
  -2.4572317e-02
  -1.5154478e-02
  -1.7552561e-02
  -8.7028695e-03
   9.8274184e-03
   1.6224443e-03
  -0.0000000e+00
  -1.2823160e-02
  -2.3483448e-02
  -2.1964127e-02
  -2.8365580e-02
  -2.9560784e-02
  -2.7473835e-02
  -2.6759356e-02
  -2.6968256e-02
  -2.7691795e-02
  -2.6426738e-02
  -2.6891686e-02
  -2.4143692e-02
  -2.1194203e-02
  -3.4273721e-02
  -3.0582314e-02
  -3.1464845e-02
  -3.2783482e-02
  -3.3968862e-02
  -3.1745337e-02
  -2.9133491e-02
  -2.8503103e-02
  -3.0573085e-02
  -3.6014449e-02
  -4.1452363e-02
  -4.8843857e-02
  -5.2593689e-02
  -6.7229293e-02
  -7.4551530e-02
  -4.9191106e-02
  -3.9965957e-02
  -3.7168171e-02
  -2.7794211e-02
  -1.7529558e-02
  -8.2882206e-03
  -0.0000000e+00
  -1.3787466e-02
  -1.7995013e-02
  -2.8708432e-02
  -3.6172420e-02
  -4.5743898e-02
  -4.6346944e-02
  -4.3378778e-02
  -4.4920404e-02
  -4.5244344e-02
  -4.4781175e-02
  -4.4529531e-02
  -4.6003319e-02
  -4.3599002e-02
  -3.9477594e-02
  -5.0676256e-02
  -4.6932030e-02
  -4.7349192e-02
  -4.8850745e-02
  -4.9519528e-02
  -4.8410058e-02
  -4.4573054e-02
  -4.3906540e-02
  -4.3989975e-02
  -4.7659181e-02
  -5.2446540e-02
  -5.8282521e-02
  -6.3734740e-02
  -7.2020262e-02
  -8.2945623e-02
  -6.1333761e-02
  -4.8506498e-02
  -5.1306132e-02
  -3.5586930e-02
  -2.6619364e-02
  -2.0639034e-02
  -0.0000000e+00
  -2.4835581e-02
  -2.6232006e-02
  -3.3605885e-02
  -4.7241859e-02
  -5.3957436e-02
  -5.6172553e-02
  -5.4203719e-02
  -5.4832086e-02
  -5.6166705e-02
  -5.6249987e-02
  -5.7970267e-02
  -5.9471235e-02
  -5.8549203e-02
  -5.4845691e-02
  -6.3756183e-02
  -6.0839877e-02
  -6.0487758e-02
  -6.2392838e-02
  -6.2881783e-02
  -6.3260838e-02
  -5.9537232e-02
  -5.8767617e-02
  -5.6928437e-02
  -5.7867192e-02
  -6.1150536e-02
  -6.4417854e-02
  -6.9402203e-02
  -7.0098616e-02
  -7.8988574e-02
  -6.4844489e-02
  -5.2081395e-02
  -5.6600425e-02
  -3.9023448e-02
  -3.3114009e-02
  -2.7363658e-02
  -2.3712389e-02
  -3.6505163e-02
  -3.3960475e-02
  -3.8781917e-02
  -5.4707825e-02
  -5.7438817e-02
  -6.1407749e-02
  -6.0374934e-02
  -5.9657030e-02
  -6.2081866e-02
  -6.3148797e-02
  -6.6891447e-02
  -6.8161264e-02
  -6.8851016e-02
  -6.6272743e-02
  -6.9237560e-02
  -6.8027198e-02
  -6.6361889e-02
  -6.8767272e-02
  -7.0282914e-02
  -7.2252147e-02
  -7.1545810e-02
  -7.0043571e-02
  -6.6300839e-02
  -6.3556440e-02
  -6.2816679e-02
  -6.2384948e-02
  -6.1250560e-02
  -5.6799076e-02
  -6.0447633e-02
  -5.6220330e-02
  -4.7134828e-02
  -4.1738186e-02
  -3.1844378e-02
  -3.0869678e-02
  -2.3268603e-02
  -2.5300829e-02
  -4.1754503e-02
  -3.7167631e-02
  -4.1314941e-02
  -5.3816020e-02
  -5.3860717e-02
  -5.8953308e-02
  -5.7400648e-02
  -5.6301411e-02
  -5.9098128e-02
  -6.1685562e-02
  -6.7116059e-02
  -6.8180069e-02
  -6.9811411e-02
  -6.9465853e-02
  -4.4889610e-02
  -4.7155421e-02
  -4.8355743e-02
  -5.0927222e-02
  -5.2132901e-02
  -5.3428136e-02
  -5.4675777e-02
  -5.3058531e-02
  -5.1218636e-02
  -4.8019245e-02
  -4.4123836e-02
  -3.8780682e-02
  -3.2491077e-02
  -3.1519298e-02
  -3.4046937e-02
  -3.4534421e-02
  -2.6462035e-02
  -1.4266428e-02
  -1.0223477e-02
  -8.4843477e-03
  -3.7197049e-03
  -1.0664158e-02
  -1.7814124e-02
  -1.8002477e-02
  -2.2739645e-02
  -2.8589053e-02
  -3.0184817e-02
  -3.0992923e-02
  -3.0903442e-02
  -3.2489214e-02
  -3.4320291e-02
  -3.6058057e-02
  -4.0724572e-02
  -4.3041583e-02
  -4.3642800e-02
  -4.3954320e-02
  -7.5518806e-03
  -1.1501042e-02
  -1.5741328e-02
  -1.7693974e-02
  -1.8094972e-02
  -1.8009691e-02
  -1.8700348e-02
  -1.8101091e-02
  -1.8736539e-02
  -1.7511116e-02
  -1.4268981e-02
  -8.2984259e-03
  -1.6251013e-03
  -2.8813500e-03
  -5.2285129e-03
  -4.0848684e-03
  -8.8382396e-04
  -2.0326522e-03
   0.0000000e+00
   2.7903049e-03
   6.7793442e-03
   1.0587396e-02
   2.0618573e-02
   1.6433030e-02
   1.7178730e-02
   1.4842878e-02
   1.2134126e-02
   1.3252717e-02
   1.0850525e-02
   7.3933746e-03
   4.2536375e-03
   1.4642113e-03
  -1.8260120e-03
  -4.6526687e-03
  -4.8108147e-03
  -5.8537927e-03
   3.3619877e-02
   2.8512564e-02
   2.3897190e-02
   2.2172477e-02
   2.2787068e-02
   2.4722297e-02
   2.4723558e-02
   2.5374833e-02
   2.3473121e-02
   2.3598056e-02
   2.4839964e-02
   3.0292368e-02
   3.6450148e-02
   3.3173189e-02
   3.5096996e-02
   3.7628368e-02
   2.6441345e-02
   1.7589648e-02
   0.0000000e+00
   0.0000000e+00
   0.0000000e+00
   3.1554773e-02
   5.6761180e-02
   5.1482148e-02
   5.7515188e-02
   6.5712154e-02
   6.4855553e-02
   6.6304736e-02
   6.1429631e-02
   5.7518326e-02
   5.1473144e-02
   4.6663906e-02
   4.3266911e-02
   4.0271334e-02
   3.8885813e-02
   3.6080975e-02
   6.8608500e-02
   6.3097149e-02
   6.1300438e-02
   5.9985973e-02
   6.1756980e-02
   6.5276086e-02
   6.6123173e-02
   6.8124399e-02
   6.6405520e-02
   6.7721829e-02
   6.7257598e-02
   7.1776450e-02
   7.6301649e-02
   7.2596967e-02
   8.3550394e-02
   8.1379585e-02
   4.9186863e-02
   3.0394060e-02
   0.0000000e+00
   0.0000000e+00
   0.0000000e+00
   4.8769741e-02
   7.7889979e-02
   7.8064986e-02
   9.0769365e-02
   1.0142271e-01
   1.0831264e-01
   1.1212904e-01
   1.0755695e-01
   1.0396269e-01
   9.3883201e-02
   8.8072293e-02
   8.2191676e-02
   7.8606889e-02
   7.5924151e-02
   7.1607627e-02
   8.5071102e-02
   8.1429794e-02
   8.3332986e-02
   8.3455019e-02
   8.6362936e-02
   9.0144701e-02
   9.2114188e-02
   9.4709441e-02
   9.3874730e-02
   9.8327488e-02
   9.8780043e-02
   1.0347344e-01
   1.0371616e-01
   1.0259553e-01
   1.1971696e-01
   1.0729790e-01
   6.7722446e-02
   0.0000000e+00
   0.0000000e+00
   0.0000000e+00
   0.0000000e+00
   5.8450427e-02
   7.4825801e-02
   8.0288336e-02
   9.6493721e-02
   1.0441108e-01
   1.1804923e-01
   1.2647791e-01
   1.2553599e-01
   1.2262639e-01
   1.1141160e-01
   1.0675475e-01
   9.8502874e-02
   9.4313927e-02
   9.1871761e-02
   8.7493844e-02
   7.8432441e-02
   7.8567125e-02
   8.0637716e-02
   8.3200783e-02
   8.6822592e-02
   8.9964017e-02
   9.2017822e-02
   9.2325449e-02
   9.3906246e-02
   9.8980211e-02
   1.0225334e-01
   1.0667291e-01
   1.0256486e-01
   1.0602280e-01
   1.1386409e-01
   9.8087497e-02
   7.7450382e-02
   6.1691248e-02
   5.9383296e-02
   6.0210717e-02
   5.7452518e-02
   5.5242345e-02
   5.7785552e-02
   6.0781796e-02
   7.6417543e-02
   8.4091954e-02
   9.0513773e-02
   9.7228512e-02
   9.9957228e-02
   9.8069929e-02
   9.1485329e-02
   8.9459985e-02
   8.4958449e-02
   8.2617469e-02
   8.1876516e-02
   7.9181485e-02
   5.4825969e-02
   5.6684725e-02
   5.7061497e-02
   6.0726531e-02
   6.4282000e-02
   6.7611434e-02
   6.8147697e-02
   6.7690693e-02
   7.2056107e-02
   7.2768524e-02
   7.5466588e-02
   7.5649314e-02
   7.1905397e-02
   7.8032337e-02
   7.2801992e-02
   6.5741099e-02
   7.0950978e-02
   7.1328111e-02
   7.2239622e-02
   6.9593318e-02
   5.4228202e-02
   4.0284753e-02
   3.6449283e-02
   3.3733793e-02
   4.1567806e-02
   5.2512690e-02
   4.9695734e-02
   4.7304910e-02
   5.0406236e-02
   4.9891043e-02
   4.7543630e-02
   4.7859516e-02
   5.0774600e-02
   5.2366611e-02
   5.3482000e-02
   5.3975962e-02
   1.6674714e-02
   1.9714413e-02
   2.1651184e-02
   2.4489498e-02
   2.5809893e-02
   2.7487194e-02
   2.7575567e-02
   2.8419752e-02
   3.1133233e-02
   2.7659800e-02
   2.5489148e-02
   2.1629555e-02
   2.1092210e-02
   2.5482047e-02
   1.9636344e-02
   2.0232616e-02
   2.8312417e-02
   3.2765374e-02
   3.3980340e-02
   3.1124983e-02
   2.4685847e-02
   1.4428406e-02
   8.5908594e-03
   3.1995000e-03
   6.5255252e-04
   6.1079673e-03
   2.2719277e-03
  -4.4401782e-03
  -1.9474376e-03
  -1.4041722e-03
  -2.7134079e-03
  -5.0968881e-04
   5.4809279e-03
   9.3257809e-03
   1.1071551e-02
   1.3788152e-02
  -2.1105943e-02
  -1.7467780e-02
  -1.4606237e-02
  -1.3343156e-02
  -1.4969104e-02
  -1.6931310e-02
  -1.8314449e-02
  -1.9364826e-02
  -2.1608993e-02
  -2.5655514e-02
  -2.7893705e-02
  -2.8214913e-02
  -2.6807249e-02
  -2.6860420e-02
  -3.0023543e-02
  -2.9672934e-02
  -2.5715688e-02
  -2.2403201e-02
  -1.8767457e-02
  -1.4476597e-02
  -1.1627174e-02
  -1.4160434e-02
  -1.8264052e-02
  -2.3446275e-02
  -2.9997954e-02
  -3.4685306e-02
  -3.9636355e-02
  -4.2590488e-02
  -4.2192064e-02
  -4.2235773e-02
  -4.1528501e-02
  -3.8234640e-02
  -3.4405228e-02
  -3.1483989e-02
  -2.8587852e-02
  -2.4996055e-02
  -1.7238012e-02
  -1.7857566e-02
  -1.8798973e-02
  -1.9760614e-02
  -2.0604154e-02
  -2.1237139e-02
  -2.1653727e-02
  -2.2294536e-02
  -2.3101546e-02
  -2.3260374e-02
  -2.2435443e-02
  -2.1182869e-02
  -2.0762954e-02
  -2.1071071e-02
  -2.0650227e-02
  -1.8094085e-02
  -1.4144694e-02
  -1.0066012e-02
  -7.3559945e-03
  -6.8628029e-03
  -8.6943228e-03
  -1.1245463e-02
  -1.2547344e-02
  -1.2912582e-02
  -1.3799338e-02
  -1.5895171e-02
  -1.8975694e-02
  -2.1898478e-02
  -2.3845546e-02
  -2.5077440e-02
  -2.5346452e-02
  -2.4463184e-02
  -2.2501091e-02
  -2.0254288e-02
  -1.8549973e-02
  -1.7437354e-02
