   1.3403399e+00
   6.4608578e-01
   1.3591418e-01
  -1.7734091e-01
  -3.6778696e-01
  -3.8299888e-01
  -2.7444321e-01
  -1.1686426e-01
   1.1290041e-02
   1.1350315e-01
   2.3242906e-01
   3.0093735e-01
   2.7926311e-01
   2.0363038e-01
   1.2395290e-01
   6.1390530e-02
   1.6680449e-02
   3.4137119e-02
   1.2459847e-01
   2.5130555e-01
   3.0441651e-01
   2.5622535e-01
   1.5108600e-01
   5.1841550e-02
   3.7970964e-02
   1.7709141e-01
   4.1172737e-01
   6.1182058e-01
   8.3813478e-01
   1.2078158e+00
   1.7417781e+00
   2.4231567e+00
   2.9145150e+00
   2.9938676e+00
   2.6688055e+00
   2.0371535e+00
   9.0314710e-01
  -6.4489663e-02
  -1.5217507e-01
  -4.2293534e-02
   1.0131492e-01
   4.3773893e-01
   7.7392220e-01
   9.0068167e-01
   5.5710137e-01
   1.8767728e-01
   3.5387984e-01
   5.4708743e-01
   4.1917694e-01
   4.1339448e-01
   5.0515586e-01
   4.4324619e-01
   2.1354368e-01
   7.4467272e-02
   2.3891398e-01
   6.9766140e-01
   1.0616504e+00
   1.1412804e+00
   1.1324301e+00
   7.6236725e-01
   3.5347667e-01
   5.4270947e-01
   9.4664723e-01
   9.6307433e-01
   7.3404044e-01
   7.2039485e-01
   1.1836839e+00
   2.2687929e+00
   3.2914693e+00
   3.4451327e+00
   3.0708072e+00
   2.2100492e+00
  -2.0598485e-01
  -1.3457711e+00
  -1.3148314e+00
  -1.2183713e+00
  -1.0392660e+00
  -6.2188554e-01
  -3.6240584e-01
  -1.1391141e-01
  -4.0194273e-01
  -9.6334958e-01
  -5.7473779e-01
  -5.1518148e-01
  -1.0932167e+00
  -9.4199783e-01
  -4.9580395e-01
  -1.8081573e-01
  -5.2101769e-02
  -1.4771684e-01
  -1.9679228e-02
   3.7399438e-01
   6.6920489e-01
   7.0229840e-01
   4.7604895e-01
  -2.2962393e-01
  -4.5878899e-01
   1.2400133e-01
   5.0672120e-01
   4.4245064e-01
   1.7048211e-01
   1.2155382e-01
   1.8465160e-01
   8.6044800e-01
   2.0003812e+00
   2.0938654e+00
   1.9412589e+00
   1.3990618e+00
  -1.2044345e+00
  -2.1021912e+00
  -2.1884243e+00
  -2.1381622e+00
  -1.8673620e+00
  -1.4880584e+00
  -1.3594481e+00
  -1.0354284e+00
  -1.0479184e+00
  -1.4776722e+00
  -1.2616372e+00
  -1.5997109e+00
  -2.1636045e+00
  -1.5499067e+00
  -1.0405467e+00
  -6.6017719e-01
  -4.1388002e-01
  -7.7134526e-01
  -4.8370743e-01
   4.2383846e-02
   2.1456692e-01
   1.4928675e-01
  -8.5017711e-01
  -1.6305442e+00
  -1.0471429e+00
  -3.2381567e-01
  -1.5926725e-01
  -2.7672819e-01
  -6.7175692e-01
  -7.6400316e-01
  -7.3795852e-01
  -2.5780556e-01
   7.1243554e-01
   7.9479448e-01
   5.2839935e-01
   1.5269287e-02
  -1.8217726e+00
  -2.3312197e+00
  -2.3568697e+00
  -2.2422888e+00
  -1.9431494e+00
  -1.6743906e+00
  -1.5763152e+00
  -1.3269006e+00
  -1.2821099e+00
  -1.5255786e+00
  -1.6594647e+00
  -2.3839927e+00
  -2.6306000e+00
  -1.4014765e+00
  -8.5956901e-01
  -6.6739142e-01
  -6.4228952e-01
  -1.2545714e+00
  -7.6541126e-01
  -3.8330686e-01
  -4.8020583e-01
  -7.6498109e-01
  -2.1784801e+00
  -2.2843077e+00
  -1.2904947e+00
  -9.0829909e-01
  -8.8111341e-01
  -1.1570337e+00
  -1.5326854e+00
  -1.5923843e+00
  -1.3233569e+00
  -7.7719671e-01
  -1.2004238e-01
   1.3249542e-01
  -3.6527210e-01
  -1.1111647e+00
  -2.0732434e+00
  -2.2248957e+00
  -2.0333843e+00
  -1.8432966e+00
  -1.6256181e+00
  -1.4320669e+00
  -1.3713666e+00
  -1.2561781e+00
  -1.2459261e+00
  -1.4162271e+00
  -1.6052648e+00
  -2.2838321e+00
  -2.2860994e+00
  -9.2382044e-01
  -4.6828926e-01
  -4.1541106e-01
  -5.9030533e-01
  -1.1734198e+00
  -6.9539189e-01
  -8.1481004e-01
  -1.3923676e+00
  -1.9426500e+00
  -2.8535457e+00
  -2.0609641e+00
  -1.3423777e+00
  -1.4228424e+00
  -1.4921997e+00
  -1.8614049e+00
  -1.6819761e+00
  -1.3345851e+00
  -1.1719745e+00
  -8.7844503e-01
  -4.7057235e-01
  -1.4977853e-01
  -7.6613873e-01
  -1.6572759e+00
  -1.8647979e+00
  -1.8042776e+00
  -1.4832256e+00
  -1.2439587e+00
  -1.0985875e+00
  -9.1889571e-01
  -9.5171654e-01
  -9.4050802e-01
  -1.0109124e+00
  -1.2438140e+00
  -1.2927338e+00
  -1.4160132e+00
  -9.8892963e-01
   2.0543474e-02
   7.5413221e-02
   9.9467002e-03
  -3.2074007e-01
  -9.4554912e-01
  -5.5087054e-01
  -8.3958342e-01
  -1.9370534e+00
  -2.5413265e+00
  -2.4657802e+00
  -1.3573384e+00
  -1.1805189e+00
  -1.5357025e+00
  -1.6406571e+00
  -1.7705665e+00
  -5.8812969e-01
   1.3545008e-01
  -4.4167459e-01
  -6.1749773e-01
  -4.2579492e-01
  -3.4725174e-01
  -9.2995907e-01
  -1.6950199e+00
  -1.2252684e+00
  -1.0996697e+00
  -7.4169593e-01
  -5.0504696e-01
  -3.4552923e-01
  -2.0587446e-01
  -3.0349195e-01
  -3.3509704e-01
  -6.1191086e-01
  -9.6719021e-01
  -9.4210243e-01
  -3.6442064e-01
   6.7594427e-01
   1.3558955e+00
   1.0603183e+00
   7.1976113e-01
  -6.3159019e-02
  -8.5859566e-01
  -3.6950606e-01
  -4.7649571e-01
  -1.7931070e+00
  -2.1079881e+00
  -1.2365301e+00
  -3.6967092e-01
  -6.4783233e-01
  -1.0544316e+00
  -1.1663603e+00
  -7.5848514e-01
   1.3624920e+00
   1.7826627e+00
   3.4090242e-01
  -8.3593383e-02
  -1.9944663e-01
  -4.4260275e-01
  -8.6756384e-01
  -1.2845372e+00
  -3.6148015e-01
  -2.0691487e-01
   1.8451713e-01
   3.6658412e-01
   5.7553303e-01
   6.1463791e-01
   5.0530797e-01
   4.6135128e-01
  -1.1503439e-01
  -5.6205785e-01
  -5.2345616e-01
   5.8857155e-01
   2.0444865e+00
   2.4991632e+00
   2.3712721e+00
   1.6994992e+00
   8.8174999e-02
  -6.7337739e-01
  -3.9353482e-02
  -6.7939833e-02
  -1.1664025e+00
  -9.8685271e-01
   3.3646670e-01
   8.0748034e-01
   3.2430393e-01
  -7.0935972e-02
  -2.8610933e-01
   7.6746106e-01
   3.2516022e+00
   2.7751684e+00
   8.6244911e-01
   4.3784302e-01
   5.4746591e-02
  -2.8845489e-01
  -4.5289797e-01
  -5.1741374e-01
   5.2598864e-01
   7.5519913e-01
   1.2031237e+00
   1.3082479e+00
   1.5251696e+00
   1.4354819e+00
   1.3246734e+00
   1.2589428e+00
   3.9363778e-01
  -5.5533271e-02
   4.6051711e-02
   1.4271392e+00
   2.8621762e+00
   2.9921038e+00
   3.6283963e+00
   2.7867215e+00
   1.7804644e-01
  -1.5742812e-01
   4.3770656e-01
   1.6705306e-01
  -3.6832124e-01
   2.8211245e-01
   1.8633338e+00
   2.0409074e+00
   1.6081104e+00
   1.1578801e+00
   7.0675391e-01
   2.3384321e+00
   4.4415355e+00
   2.9557400e+00
   1.0699388e+00
   6.9695240e-01
   2.8724012e-01
   1.6668592e-01
   3.2225561e-01
   4.3677881e-01
   1.4396026e+00
   1.8011495e+00
   2.2569660e+00
   2.3242967e+00
   2.3793617e+00
   2.2055131e+00
   1.9722393e+00
   1.7968923e+00
   8.4516394e-01
   6.3265606e-01
   1.0516666e+00
   2.3690261e+00
   3.2179205e+00
   2.3882458e+00
   4.1217818e+00
   3.7624580e+00
   4.0619273e-01
   8.8080517e-01
   9.1854730e-01
   2.4807501e-01
   6.0108480e-01
   1.2392577e+00
   3.1686149e+00
   3.3234898e+00
   2.9389896e+00
   2.3765574e+00
   1.7793018e+00
   3.5760380e+00
   4.3702087e+00
   2.4823381e+00
   9.1251831e-01
   3.2017459e-01
   5.9011934e-01
   1.1275050e+00
   1.5299397e+00
   1.4617767e+00
   1.8098320e+00
   2.1672714e+00
   2.5145121e+00
   2.5667515e+00
   2.4575390e+00
   2.2300329e+00
   1.8823611e+00
   1.5399407e+00
   8.9298856e-01
   9.8903137e-01
   1.6860998e+00
   2.7709174e+00
   3.1079974e+00
   1.9102683e+00
   3.6145573e+00
   3.5891609e+00
   4.0815319e-01
   1.0389452e+00
   9.3674725e-01
   5.1040715e-01
   1.3876292e+00
   1.4246372e+00
   3.3794800e+00
   3.7262056e+00
   2.6408825e+00
   2.4107415e+00
   2.4354491e+00
   3.6051176e+00
   3.6672306e+00
   2.1537275e+00
   5.5074143e-01
  -2.9154670e-01
   8.8233846e-01
   1.8221025e+00
   1.9736295e+00
   1.8180017e+00
   1.7737253e+00
   2.0832865e+00
   2.2949920e+00
   2.2992823e+00
   2.1194384e+00
   1.7929946e+00
   1.4664090e+00
   1.0352286e+00
   7.2122657e-01
   9.9629164e-01
   1.7139452e+00
   2.6705661e+00
   2.6515422e+00
   1.9483676e+00
   3.4209738e+00
   2.8257341e+00
   1.2134388e-03
   5.7460237e-01
   7.6732528e-01
   9.2578638e-01
   1.7911878e+00
   1.5588156e+00
   3.1794538e+00
   3.3565760e+00
   1.7707590e+00
   1.8523664e+00
   2.6264648e+00
   3.3078508e+00
   3.1705296e+00
   2.0078769e+00
   2.1932995e-01
  -5.6566477e-01
   1.1111307e+00
   1.9774789e+00
   1.8645557e+00
   1.7960066e+00
   1.5437593e+00
   1.7958786e+00
   1.8591266e+00
   1.8082813e+00
   1.5884502e+00
   1.1565502e+00
   9.1489214e-01
   4.5512011e-01
   4.4505477e-01
   8.1675404e-01
   1.4261864e+00
   2.2957966e+00
   2.0072274e+00
   2.1326915e+00
   3.3734038e+00
   1.8548045e+00
  -5.3167489e-01
  -7.9741962e-02
   5.2036798e-01
   1.3582002e+00
   1.9432968e+00
   1.6950629e+00
   2.8127150e+00
   2.6042614e+00
   8.3067912e-01
   1.1043620e+00
   2.5096035e+00
   2.8670413e+00
   2.7565722e+00
   1.9177386e+00
  -8.1266403e-02
  -6.2157039e-01
   1.2936987e+00
   1.8468413e+00
   1.5464593e+00
   1.5943241e+00
   9.7783912e-01
   1.1810299e+00
   1.0361595e+00
   9.3319009e-01
   6.5821346e-01
   1.3288419e-01
   8.6679549e-02
  -2.4884119e-01
  -5.3280324e-02
   2.5740653e-01
   5.2781577e-01
   1.3151598e+00
   8.4453210e-01
   2.2384595e+00
   3.5052707e+00
   5.7054846e-01
  -1.1579833e+00
  -8.2438218e-01
   1.3602104e-01
   1.7473443e+00
   1.5547844e+00
   1.9609087e+00
   2.2082486e+00
   1.0581025e+00
   2.1064842e-01
   1.9392980e-01
   1.6403406e+00
   2.1428715e+00
   2.2909409e+00
   1.7751873e+00
  -3.6762426e-01
  -1.9550597e-01
   1.4087745e+00
   1.1822978e+00
   1.0298419e+00
   1.0869813e+00
   6.7512846e-01
   8.5738659e-01
   5.8047652e-01
   5.0035566e-01
   1.2779915e-01
  -3.0821940e-01
  -2.8510296e-01
  -5.3499407e-01
  -2.9903802e-01
  -2.2593215e-01
   6.5335706e-03
   4.0855727e-01
   6.2557697e-02
   1.5045686e+00
   1.9943058e+00
   2.5283974e-01
  -4.7511345e-01
  -8.9399177e-01
   3.0360073e-02
   1.2321639e+00
   1.1608560e+00
   1.9814090e+00
   1.4925778e+00
   5.2686530e-01
   6.0866159e-01
   3.8565916e-01
   6.1169386e-01
   9.1915369e-01
   1.7694818e+00
   1.3860924e+00
  -3.4890419e-01
   2.7855131e-01
   1.2963949e+00
   8.0456942e-01
   8.5669369e-01
   7.8779900e-01
   6.3730049e-01
   7.9424191e-01
   4.7999960e-01
   4.1233015e-01
   2.0212471e-02
  -3.0837190e-01
  -2.9394817e-01
  -5.3731257e-01
  -2.7337486e-01
  -3.9569259e-01
  -8.0185875e-02
  -6.8337880e-02
  -3.0248684e-01
   7.3381382e-01
   1.4439553e-01
   1.2642673e-01
   2.5181466e-01
  -9.9165010e-01
   3.3948168e-02
   6.1704689e-01
   1.0153272e+00
   1.9640313e+00
   9.6624404e-01
   5.8724809e-01
   8.7111872e-01
   7.4014068e-01
   4.8132323e-02
  -1.6867130e-01
   1.2797366e+00
   1.0229952e+00
  -2.2747888e-01
   4.8146123e-01
   1.1230171e+00
   7.2065258e-01
   7.9008180e-01
   7.3505777e-01
   7.1897281e-01
   8.4545253e-01
   5.3369862e-01
   4.7512880e-01
   9.7619768e-02
  -1.0192300e-01
  -1.3380883e-01
  -4.0691554e-01
  -1.1739702e-01
  -4.3924071e-01
   2.6134839e-02
  -4.0209873e-01
  -5.1673014e-01
  -1.4830433e-01
  -2.0901654e+00
   7.4219011e-02
   1.0881275e+00
  -1.1143728e+00
   8.9166087e-02
  -1.1998930e-01
   9.6842743e-01
   1.9267834e+00
   4.6437699e-01
   9.3222206e-01
   1.1020968e+00
   1.2141577e+00
  -3.6629738e-01
  -1.3256163e+00
   7.4506613e-01
   6.2775495e-01
  -4.3105044e-02
   5.8208779e-01
   8.9989136e-01
   7.6416494e-01
   7.6525868e-01
   7.9135469e-01
   9.5187294e-01
   1.0114348e+00
   8.7609226e-01
   8.0971122e-01
   6.1247522e-01
   6.0889637e-01
   4.8635924e-01
   3.4322354e-01
   4.7140282e-01
   1.0553990e-01
   4.1327792e-01
  -3.3480498e-01
  -5.6368971e-01
  -1.2329965e+00
  -3.8477137e+00
  -1.0697656e+00
   2.4177520e-01
  -2.0371430e+00
  -4.4128597e-01
  -5.0632620e-01
   6.0371113e-01
   2.0540845e+00
   5.9457171e-01
   7.5680226e-01
   7.1324301e-01
   7.2908801e-01
  -5.3097469e-01
  -1.9069233e+00
  -2.8738317e-01
   2.5086984e-01
   3.9809685e-02
   3.3886307e-01
   3.8109154e-01
   5.5039203e-01
   6.5723240e-01
   8.2924545e-01
   7.2970557e-01
   8.3137864e-01
   8.3710915e-01
   7.9792404e-01
   6.8135709e-01
   7.6184154e-01
   6.9893360e-01
   7.3363209e-01
   7.3126435e-01
   4.2865157e-01
   4.2343938e-01
  -2.8972015e-01
  -6.6317159e-01
  -1.4710665e+00
  -3.4445748e+00
  -2.0623031e+00
  -1.3307420e+00
  -2.8384461e+00
  -1.2774754e+00
  -6.0554224e-01
   2.6612103e-02
   1.7299629e+00
   8.5350490e-01
   1.6206527e-01
   7.4042857e-02
  -2.0940158e-01
  -7.3448217e-01
  -1.5662011e+00
  -6.6101813e-01
   2.0892041e-02
  -2.2282127e-01
   1.3608932e-03
  -8.1261642e-02
   2.0832285e-02
   3.2193521e-01
   4.6983886e-01
   3.2689197e-01
   5.1317787e-01
   6.5502937e-01
   6.5028455e-01
   5.9430951e-01
   7.2415772e-01
   7.5429520e-01
   9.2770445e-01
   8.6935668e-01
   6.1405201e-01
   3.5359168e-01
  -3.1492139e-01
  -8.0848417e-01
  -1.6315738e+00
  -3.0628280e+00
  -2.8450650e+00
  -2.6518328e+00
  -3.5409395e+00
  -2.1231423e+00
  -9.4403833e-01
  -6.0353036e-01
   1.1187776e+00
   8.6727297e-01
  -2.9609955e-01
  -6.0076578e-01
  -1.0448233e+00
  -9.8148292e-01
  -1.3251987e+00
  -9.1815466e-01
  -2.9698143e-01
  -5.7249648e-01
  -4.2586797e-01
  -5.8911128e-01
  -5.5052817e-01
  -1.5655985e-01
  -1.1880779e-02
  -6.1669572e-01
  -2.2102918e-01
   7.7677167e-02
   1.3303646e-01
   1.0374434e-01
   2.0981270e-01
   4.3595274e-01
   6.8146331e-01
   7.4096658e-01
   5.0165795e-01
   7.4033215e-02
  -5.2269412e-01
  -1.1026772e+00
  -1.6539610e+00
  -2.6927160e+00
  -3.2891479e+00
  -3.6377490e+00
  -4.1645193e+00
  -3.1871769e+00
  -1.9724173e+00
  -1.5125762e+00
  -3.5097809e-01
   2.6378124e-01
  -5.0986094e-01
  -1.5203353e+00
  -1.8093159e+00
  -1.3959984e+00
  -1.2987884e+00
  -9.5786268e-01
  -9.1529037e-01
  -1.2169477e+00
  -1.1787556e+00
  -1.3337827e+00
  -1.3561423e+00
  -1.1046365e+00
  -9.0750677e-01
  -1.7537326e+00
  -1.2412876e+00
  -8.0719101e-01
  -6.7971665e-01
  -7.1505806e-01
  -7.5925404e-01
  -5.2602875e-01
  -2.9967924e-01
  -1.5065670e-03
  -1.1589443e-01
  -3.5717027e-01
  -8.2594860e-01
  -1.4272351e+00
  -1.9683474e+00
  -2.9509768e+00
  -2.9339581e+00
  -3.0094610e+00
  -3.7027240e+00
  -3.5979795e+00
  -3.2879773e+00
  -2.4810605e+00
  -1.9783494e+00
  -9.7153896e-01
  -4.6222261e-01
  -1.7257206e+00
  -1.7767829e+00
  -1.6540136e+00
  -1.8701824e+00
  -1.3564199e+00
  -1.6256409e+00
  -1.9143558e+00
  -2.0156302e+00
  -1.9887763e+00
  -1.9859960e+00
  -2.0679727e+00
  -1.8743572e+00
  -2.3082099e+00
  -1.8702974e+00
  -1.3693674e+00
  -1.1607426e+00
  -1.2062068e+00
  -1.3617196e+00
  -1.2748260e+00
  -1.0369967e+00
  -6.9247746e-01
  -6.2188864e-01
  -6.5616161e-01
  -9.5469463e-01
  -1.5442454e+00
  -2.1674485e+00
  -2.7443004e+00
  -2.6986284e+00
  -2.6828279e+00
  -3.0232356e+00
  -3.4425037e+00
  -3.6025624e+00
  -2.9002652e+00
  -2.4782429e+00
  -1.4196113e+00
  -7.0559740e-01
  -1.5242100e+00
  -1.5941278e+00
  -1.6753012e+00
  -2.0640342e+00
  -1.8598620e+00
  -1.9807698e+00
  -2.2104068e+00
  -2.3542933e+00
  -2.2566452e+00
  -2.2664838e+00
  -2.4114389e+00
  -2.3477004e+00
  -2.6096337e+00
  -2.3188798e+00
  -1.7927916e+00
  -1.4887692e+00
  -1.5387721e+00
  -1.7847997e+00
  -1.8864129e+00
  -1.6588745e+00
  -1.3357103e+00
  -1.0837709e+00
  -8.9032805e-01
  -9.9291074e-01
  -1.5163558e+00
  -2.1610630e+00
  -2.2584209e+00
  -2.4742112e+00
  -2.5890636e+00
  -2.3672447e+00
  -3.0353107e+00
  -3.4631634e+00
  -2.9488597e+00
  -2.4586184e+00
  -1.4765490e+00
  -9.8239988e-01
  -1.2357162e+00
  -1.3271621e+00
  -1.5708352e+00
  -2.0292983e+00
  -2.2648692e+00
  -2.1736097e+00
  -2.2865787e+00
  -2.4457912e+00
  -2.3266761e+00
  -2.3614953e+00
  -2.4923339e+00
  -2.5814128e+00
  -2.4208587e+00
  -2.3463193e+00
  -1.8936880e+00
  -1.4710981e+00
  -1.5009159e+00
  -1.7751792e+00
  -2.0469127e+00
  -1.9324642e+00
  -1.7085167e+00
  -1.3790769e+00
  -9.5010681e-01
  -8.4222097e-01
  -1.1446857e+00
  -1.5079067e+00
  -1.2599282e+00
  -2.2368007e+00
  -3.1052064e+00
  -2.1249838e+00
  -2.2840937e+00
  -2.5557715e+00
  -2.1075599e+00
  -1.5142368e+00
  -7.6925720e-01
  -1.0729250e+00
  -1.0399933e+00
  -9.3998773e-01
  -1.2336363e+00
  -1.4927506e+00
  -2.1347946e+00
  -2.0365674e+00
  -1.8884874e+00
  -2.0428288e+00
  -1.9917342e+00
  -2.0588885e+00
  -2.1284307e+00
  -2.3128886e+00
  -1.5953338e+00
  -1.5868535e+00
  -1.3384281e+00
  -8.8603443e-01
  -8.3686686e-01
  -1.0185549e+00
  -1.2572310e+00
  -1.3994675e+00
  -1.2018650e+00
  -1.0549246e+00
  -5.7162064e-01
  -3.2258871e-01
  -2.6755673e-01
  -2.8652442e-01
  -5.0984263e-01
  -1.4238619e+00
  -3.0601625e+00
  -2.5296142e+00
  -1.6498524e+00
  -1.4831585e+00
  -5.7104665e-01
  -9.8269127e-02
   2.4333465e-01
  -2.0347938e-01
  -6.3077193e-01
  -2.2967245e-01
  -4.7242409e-01
  -5.4846627e-01
  -8.6554098e-01
  -1.1319224e+00
  -9.2422557e-01
  -1.0825483e+00
  -9.8797309e-01
  -1.0804926e+00
  -1.2907796e+00
  -1.4072487e+00
  -7.0137942e-01
  -6.6052610e-01
  -5.2933854e-01
  -1.7146400e-01
  -6.5439537e-02
  -1.7689198e-01
  -3.4010503e-01
  -5.5343282e-01
  -3.8111001e-01
  -3.3646813e-01
  -5.1782876e-03
   2.9656786e-01
   3.8657832e-01
   3.3188194e-01
   2.3466721e-03
  -4.1562429e-01
  -1.9626322e+00
  -2.2354770e+00
  -1.1990060e+00
  -8.2280725e-01
   1.0151334e-01
   6.6366535e-01
   7.4833590e-01
   6.2386906e-01
   2.9946411e-01
   5.4396188e-01
   4.1966838e-01
   3.4127796e-01
   2.5605774e-01
  -2.0747334e-02
  -1.3187379e-03
  -1.1963376e-01
   2.0620704e-02
  -7.9472274e-02
  -3.8276631e-01
  -5.3630161e-01
   2.2645618e-01
   2.9196494e-01
   4.1030240e-01
   6.0602057e-01
   7.2596816e-01
   6.1772180e-01
   5.2741814e-01
   3.7526704e-01
   4.8743474e-01
   5.4704452e-01
   6.6341064e-01
   9.1267550e-01
   8.1575060e-01
   7.5859615e-01
   7.2202051e-01
   5.5586225e-01
  -3.9451231e-01
  -1.0914352e+00
  -4.6521658e-01
  -1.5639107e-01
   2.6139298e-01
   8.8368881e-01
   9.1890241e-01
   1.1643516e+00
   1.2630699e+00
   1.2882243e+00
   1.3525023e+00
   1.2261188e+00
   1.1920973e+00
   1.0546523e+00
   9.4606268e-01
   8.9637960e-01
   9.5348263e-01
   8.9218903e-01
   5.6384318e-01
   3.3747393e-01
   1.0323196e+00
   1.0803683e+00
   1.2652583e+00
   1.2970358e+00
   1.3785866e+00
   1.2217875e+00
   1.1801064e+00
   1.1457888e+00
   1.1822484e+00
   1.3402888e+00
   1.2850136e+00
   1.3933228e+00
   1.0905419e+00
   1.2230774e+00
   1.5409492e+00
   1.2294014e+00
   1.2111393e+00
   6.9448886e-01
   6.3651768e-01
   6.4131327e-01
   1.3098038e-01
   5.2932355e-01
   7.3721382e-01
   1.2247259e+00
   1.7339135e+00
   1.7037423e+00
   1.9750384e+00
   1.8704351e+00
   1.8414753e+00
   1.8595725e+00
   1.7772478e+00
   1.8045553e+00
   1.6774925e+00
   1.6679121e+00
   1.3532848e+00
   1.0925675e+00
   1.5183578e+00
   1.5218804e+00
   1.7390300e+00
   1.7002421e+00
   1.7182678e+00
   1.5505955e+00
   1.5083823e+00
   1.5336666e+00
   1.5258590e+00
   1.7258596e+00
   1.6566973e+00
   1.6711769e+00
   1.4142327e+00
   1.7820719e+00
   2.0096892e+00
   1.4804743e+00
   2.3540034e+00
   2.3460070e+00
   1.8136213e+00
   1.4819051e+00
   4.7558236e-02
  -9.2226108e-02
   3.1134987e-01
   7.4991922e-01
   1.3954825e+00
   1.5091017e+00
   1.8372795e+00
   1.9442501e+00
   2.0853357e+00
   2.2240733e+00
   2.2731096e+00
   2.3630526e+00
   2.1235734e+00
   2.0926350e+00
   1.7877554e+00
   1.5477792e+00
   1.5324589e+00
   1.5323837e+00
   1.6745520e+00
   1.6683726e+00
   1.6383206e+00
   1.5637665e+00
   1.4830550e+00
   1.5212809e+00
   1.5114806e+00
   1.5727797e+00
   1.6530457e+00
   1.7406785e+00
   1.6674540e+00
   1.8790661e+00
   1.7262857e+00
   1.4988813e+00
   2.7626326e+00
   2.9756081e+00
   2.3744690e+00
   1.8254439e+00
   3.5033748e-02
  -4.5999238e-01
  -1.6647436e-01
  -8.1947401e-02
   6.3608235e-01
   8.4812808e-01
   9.4133210e-01
   1.3232383e+00
   1.6820654e+00
   2.0114405e+00
   2.2267311e+00
   2.3895822e+00
   2.2110257e+00
   2.0776832e+00
   1.8283443e+00
   1.5591743e+00
   1.0804408e+00
   1.1037927e+00
   1.1944103e+00
   1.2130530e+00
   1.1294218e+00
   1.1512498e+00
   1.0924852e+00
   1.1813604e+00
   1.1442273e+00
   9.9688554e-01
   1.2450513e+00
   1.3873138e+00
   1.2670693e+00
   1.1165578e+00
   9.7616780e-01
   1.3501183e+00
   2.2282803e+00
   2.2804060e+00
   1.9279097e+00
   1.3762414e+00
   5.5404589e-02
  -3.9787689e-01
  -5.1876646e-01
  -8.5384172e-01
  -2.0947662e-01
   1.0530354e-01
   1.4706694e-02
   3.9262527e-01
   6.4113212e-01
   1.0502156e+00
   1.5872447e+00
   1.9015917e+00
   1.7368286e+00
   1.5617727e+00
   1.4963398e+00
   1.1981832e+00
   2.9035920e-01
   2.6488045e-01
   4.0321192e-01
   4.2524314e-01
   3.0478281e-01
   3.3700570e-01
   3.6436957e-01
   4.3640712e-01
   3.0898336e-01
   1.4336410e-01
   4.3926352e-01
   5.1269352e-01
   2.6305342e-01
   3.6804996e-02
   1.7066330e-01
   6.5425432e-01
   7.7505362e-01
   6.3565868e-01
   7.3389393e-01
   7.0615804e-01
   2.8738785e-01
  -8.3905794e-02
  -5.7160032e-01
  -1.2195170e+00
  -1.1999528e+00
  -8.4645861e-01
  -5.9657991e-01
  -3.5025612e-01
  -4.4609442e-01
  -2.4148005e-01
   5.3347468e-01
   1.0072308e+00
   7.5131804e-01
   5.8981794e-01
   7.2312319e-01
   5.4441953e-01
  -7.1839893e-01
  -8.3467313e-01
  -6.7989576e-01
  -5.2693015e-01
  -4.4998804e-01
  -3.7611464e-01
  -3.6370736e-01
  -4.5580388e-01
  -5.8969277e-01
  -5.3496206e-01
  -2.3398833e-01
  -1.4735626e-01
  -3.5916376e-01
  -5.9760611e-01
  -5.8432508e-01
  -4.6681440e-01
  -6.0884421e-01
  -7.0839834e-01
  -4.3507695e-01
  -1.7577391e-02
   1.4968489e-01
   1.7115891e-02
  -3.2216611e-01
  -9.6339768e-01
  -1.5771184e+00
  -1.6789409e+00
  -1.2769666e+00
  -9.6301782e-01
  -9.6116609e-01
  -8.2408261e-01
  -2.8839266e-01
   9.3586285e-02
  -7.8589387e-02
  -2.6945955e-01
  -2.8108468e-01
  -4.3377998e-01
  -8.3552861e-01
  -9.1098874e-01
  -8.0058962e-01
  -5.8673996e-01
  -3.2927941e-01
  -1.3269025e-01
  -4.7095619e-02
  -3.4534672e-02
  -3.3086896e-02
   4.1338475e-03
   3.7313337e-02
  -3.9089534e-02
  -2.2331773e-01
  -4.5114475e-01
  -5.9976977e-01
  -6.6958356e-01
  -7.6300536e-01
  -8.9115351e-01
  -9.7425193e-01
  -9.5221013e-01
  -7.8261161e-01
  -5.1749647e-01
  -2.1972678e-01
  -9.0114079e-02
  -1.6394882e-01
  -3.0741500e-01
  -3.8027716e-01
  -3.8026276e-01
  -3.3797049e-01
  -2.2929928e-01
  -8.0110289e-02
   2.5708884e-02
  -1.7585885e-02
  -1.6627187e-01
  -3.8966026e-01
  -6.4042830e-01
