  -1.7313064e-02
  -1.6849526e-02
  -1.5660329e-02
  -1.4173469e-02
  -1.2448638e-02
  -1.1571985e-02
  -1.0699276e-02
  -1.0673178e-02
  -1.0695856e-02
  -1.0552826e-02
  -1.0276124e-02
  -9.9687054e-03
   0.0000000e+00
   0.0000000e+00
   0.0000000e+00
   0.0000000e+00
   0.0000000e+00
   0.0000000e+00
   0.0000000e+00
   0.0000000e+00
   0.0000000e+00
   0.0000000e+00
   0.0000000e+00
   0.0000000e+00
   0.0000000e+00
   0.0000000e+00
   0.0000000e+00
   0.0000000e+00
   0.0000000e+00
   0.0000000e+00
   4.3470168e-03
   1.1670214e-03
  -5.3973889e-03
  -1.1023125e-02
  -1.4199917e-02
  -1.7034900e-02
   0.0000000e+00
  -0.0000000e+00
  -0.0000000e+00
  -0.0000000e+00
  -0.0000000e+00
  -0.0000000e+00
  -0.0000000e+00
  -0.0000000e+00
  -0.0000000e+00
  -6.5570952e-03
  -3.3409629e-03
   1.1727205e-04
   7.3800733e-03
   1.0009851e-02
   8.1077834e-03
   3.8678290e-03
   5.5435005e-04
  -0.0000000e+00
   0.0000000e+00
   0.0000000e+00
   0.0000000e+00
   0.0000000e+00
   0.0000000e+00
   0.0000000e+00
   0.0000000e+00
   0.0000000e+00
   0.0000000e+00
   0.0000000e+00
   0.0000000e+00
   0.0000000e+00
   0.0000000e+00
   0.0000000e+00
   6.0380497e-03
   7.1322521e-03
   1.0728059e-02
   0.0000000e+00
   3.9652441e-02
   3.7662208e-02
   3.2809939e-02
   2.8905258e-02
   2.6592568e-02
   2.4405705e-02
   2.0440243e-02
   1.6267233e-02
   1.0407921e-02
   5.9723161e-03
   8.6843757e-03
   1.1907734e-02
   1.4268676e-02
   1.5607673e-02
   1.4738437e-02
   9.5297575e-03
   6.2979573e-03
   0.0000000e+00
   0.0000000e+00
   0.0000000e+00
   0.0000000e+00
   0.0000000e+00
   0.0000000e+00
   0.0000000e+00
   0.0000000e+00
   0.0000000e+00
   0.0000000e+00
   0.0000000e+00
   0.0000000e+00
   0.0000000e+00
   0.0000000e+00
   0.0000000e+00
   3.1187706e-02
   3.0891055e-02
   3.9827202e-02
   4.2793978e-02
   8.9498609e-02
   9.2964500e-02
   8.6443782e-02
   7.7233791e-02
   6.6255100e-02
   5.8511499e-02
   5.0292600e-02
   4.2920228e-02
   3.3584747e-02
   1.9403866e-02
   2.2101734e-02
   1.8806339e-02
   0.0000000e+00
   0.0000000e+00
   0.0000000e+00
   0.0000000e+00
   0.0000000e+00
   0.0000000e+00
   0.0000000e+00
   0.0000000e+00
   0.0000000e+00
   0.0000000e+00
   1.0661093e-02
   0.0000000e+00
   0.0000000e+00
   0.0000000e+00
   0.0000000e+00
   0.0000000e+00
   0.0000000e+00
   0.0000000e+00
   0.0000000e+00
   0.0000000e+00
   5.0093676e-02
   5.0788273e-02
   6.3466041e-02
   8.0420531e-02
   1.0668255e-01
   1.1297372e-01
   1.0737862e-01
   9.8329760e-02
   8.4231779e-02
   7.2253734e-02
   6.1829109e-02
   5.5074733e-02
   4.9597185e-02
   3.7206102e-02
   3.7657730e-02
   2.5711349e-02
   0.0000000e+00
   0.0000000e+00
   0.0000000e+00
   0.0000000e+00
   0.0000000e+00
   0.0000000e+00
   0.0000000e+00
   0.0000000e+00
   0.0000000e+00
   3.8117947e-02
   1.9762293e-02
   0.0000000e+00
   0.0000000e+00
   0.0000000e+00
   0.0000000e+00
   0.0000000e+00
   0.0000000e+00
   0.0000000e+00
   0.0000000e+00
   0.0000000e+00
   6.3430980e-02
   7.5689010e-02
   8.2754932e-02
   9.7008482e-02
   9.0068646e-02
   9.4019845e-02
   9.0885289e-02
   8.6254410e-02
   7.7681616e-02
   6.7672998e-02
   5.8621619e-02
   5.3590346e-02
   5.2129183e-02
   4.7873639e-02
   4.7177620e-02
   2.9360182e-02
   1.3380677e-02
   0.0000000e+00
   0.0000000e+00
   0.0000000e+00
   0.0000000e+00
   0.0000000e+00
   0.0000000e+00
   0.0000000e+00
   5.2173033e-02
   6.1413415e-02
   3.4303119e-02
   0.0000000e+00
   0.0000000e+00
   0.0000000e+00
   0.0000000e+00
   3.8454151e-02
   2.5275327e-02
   0.0000000e+00
   0.0000000e+00
   0.0000000e+00
   6.6011161e-02
   8.9314885e-02
   9.2354439e-02
   9.0610631e-02
   5.4195814e-02
   5.2205626e-02
   5.1609188e-02
   5.1138457e-02
   4.9352203e-02
   4.6286162e-02
   4.1917432e-02
   3.8780108e-02
   3.8396366e-02
   3.9745979e-02
   3.8665880e-02
   2.3979986e-02
   1.1983662e-02
   0.0000000e+00
   0.0000000e+00
   0.0000000e+00
   0.0000000e+00
   0.0000000e+00
   0.0000000e+00
   3.7662745e-02
   5.9875064e-02
   5.7584956e-02
   3.0053477e-02
   0.0000000e+00
   0.0000000e+00
   0.0000000e+00
   3.2238539e-02
   3.9353464e-02
   2.5221456e-02
   1.8349955e-02
   0.0000000e+00
   0.0000000e+00
   5.2226730e-02
   7.1101628e-02
   7.1123943e-02
   6.2438533e-02
   1.5455344e-02
   1.0841289e-02
   1.1320205e-02
   1.1618361e-02
   1.2639825e-02
   1.4632901e-02
   1.4993772e-02
   1.4838059e-02
   1.5505348e-02
   1.8952414e-02
   1.8255267e-02
   1.1173483e-02
   6.2871128e-03
   5.6444617e-03
   3.4717246e-03
   0.0000000e+00
  -0.0000000e+00
   2.1847824e-03
   1.7263855e-02
   3.1824023e-02
   4.3039516e-02
   3.6158916e-02
   1.4241580e-02
   5.6604976e-03
   8.4065748e-03
   1.3719017e-02
   2.4134738e-02
   2.3147997e-02
   1.2389052e-02
   8.8030342e-03
   0.0000000e+00
   0.0000000e+00
   2.3165433e-02
   3.0274384e-02
   2.8880479e-02
   2.2274284e-02
  -1.6931789e-02
  -2.1230519e-02
  -2.0525536e-02
  -2.1500066e-02
  -2.0333547e-02
  -1.6861815e-02
  -1.3733110e-02
  -1.0132264e-02
  -8.8017397e-03
  -4.6072681e-03
  -5.4004574e-03
  -5.9525804e-03
  -2.6386543e-03
   7.8235246e-04
   4.0845567e-03
  -0.0000000e+00
  -0.0000000e+00
  -5.2944357e-03
   8.2353480e-03
   1.3115057e-02
   1.2065222e-02
   9.0701692e-03
  -5.0704982e-03
  -1.2483591e-02
  -7.4796891e-03
  -3.3095540e-03
   1.2711997e-03
  -4.3578120e-03
  -2.9731668e-03
   3.2492324e-04
   0.0000000e+00
  -0.0000000e+00
  -5.1089295e-03
  -8.1865713e-03
  -1.0311703e-02
  -1.4666971e-02
  -3.9934363e-02
  -4.3856200e-02
  -4.2979397e-02
  -4.5345668e-02
  -4.4116586e-02
  -4.0929079e-02
  -3.6849234e-02
  -2.9993394e-02
  -3.0062256e-02
  -2.5404043e-02
  -2.7427418e-02
  -2.3223860e-02
  -1.1017362e-02
  -4.4360948e-03
   6.4993491e-03
  -2.2354578e-03
  -0.0000000e+00
  -1.5426060e-02
  -6.2784249e-03
  -0.0000000e+00
  -1.9932937e-02
  -1.8321941e-02
  -2.4269342e-02
  -3.1456929e-02
  -2.4206202e-02
  -2.2902060e-02
  -2.4786381e-02
  -2.7024023e-02
  -1.3686621e-02
   0.0000000e+00
   0.0000000e+00
   0.0000000e+00
  -0.0000000e+00
  -3.2997619e-02
  -3.6225066e-02
  -4.1070867e-02
  -5.4102171e-02
  -5.9096303e-02
  -5.7892267e-02
  -5.9507832e-02
  -5.6475323e-02
  -5.3107072e-02
  -4.9918842e-02
  -4.2472210e-02
  -4.6527650e-02
  -4.4074535e-02
  -4.7286998e-02
  -3.6133915e-02
  -1.3877812e-02
  -0.0000000e+00
   7.6669407e-03
   2.7869018e-03
  -0.0000000e+00
  -0.0000000e+00
  -1.7863128e-02
  -0.0000000e+00
  -4.1736435e-02
  -4.6491574e-02
  -3.5349358e-02
  -2.8614541e-02
  -2.5802336e-02
  -2.9205492e-02
  -3.9478861e-02
  -3.7041306e-02
  -1.2711531e-02
  -0.0000000e+00
   0.0000000e+00
   0.0000000e+00
  -0.0000000e+00
  -4.3649487e-02
  -4.7885299e-02
  -5.4090407e-02
  -5.3931665e-02
  -5.9132736e-02
  -5.8823705e-02
  -5.7218071e-02
  -5.4318201e-02
  -4.8288472e-02
  -4.6628255e-02
  -4.3321505e-02
  -5.0206427e-02
  -5.1642615e-02
  -4.9975555e-02
  -3.7429292e-02
  -1.4336021e-02
  -1.2330951e-02
   3.4274606e-03
   0.0000000e+00
   0.0000000e+00
  -0.0000000e+00
  -2.5827555e-02
  -3.6916373e-02
  -4.2601839e-02
  -5.5113845e-02
  -3.5451662e-02
  -1.7086810e-02
  -0.0000000e+00
  -0.0000000e+00
  -3.2537026e-02
  -3.2918479e-02
  -7.5445138e-03
   4.1633593e-03
   0.0000000e+00
   0.0000000e+00
  -0.0000000e+00
  -4.2530745e-02
  -4.4058986e-02
  -5.0084937e-02
  -4.8215911e-02
  -5.2536421e-02
  -5.3414270e-02
  -5.0101828e-02
  -4.8126779e-02
  -4.1674156e-02
  -4.1050307e-02
  -4.1330028e-02
  -4.9495142e-02
  -5.3110242e-02
  -4.8451260e-02
  -3.7110239e-02
  -1.7218819e-02
  -1.6031953e-02
  -1.7468189e-03
   0.0000000e+00
   0.0000000e+00
  -0.0000000e+00
  -2.6847111e-02
  -4.4015523e-02
  -3.9676219e-02
  -4.7587287e-02
  -2.9910652e-02
  -5.6954109e-03
   0.0000000e+00
   0.0000000e+00
  -0.0000000e+00
  -2.6003692e-02
  -6.4752982e-03
   7.2911186e-03
   0.0000000e+00
  -0.0000000e+00
  -2.5594744e-02
  -3.6567345e-02
  -3.6655206e-02
  -4.2241018e-02
  -4.0222291e-02
  -4.3062214e-02
  -4.5172915e-02
  -4.1086469e-02
  -4.0442538e-02
  -3.4746461e-02
  -3.5277210e-02
  -3.8484093e-02
  -4.6534885e-02
  -5.1663540e-02
  -4.5176502e-02
  -3.5682160e-02
  -2.0271463e-02
  -1.9048233e-02
  -3.5466206e-03
   0.0000000e+00
   0.0000000e+00
   0.0000000e+00
  -0.0000000e+00
  -4.5031000e-02
  -3.4685828e-02
  -3.5441335e-02
  -2.1561880e-02
   2.1955495e-04
   2.2442344e-03
   3.8260956e-03
  -0.0000000e+00
  -1.8428143e-02
  -6.6081006e-03
   1.0306731e-02
   0.0000000e+00
  -0.0000000e+00
  -2.2331351e-02
  -2.9176598e-02
  -2.8388651e-02
  -3.3583600e-02
  -3.1420507e-02
  -3.1758416e-02
  -3.4762897e-02
  -3.2352284e-02
  -3.3340070e-02
  -3.1032721e-02
  -3.3459019e-02
  -3.7040375e-02
  -4.1208960e-02
  -4.5458708e-02
  -3.9896395e-02
  -3.2708287e-02
  -2.2672951e-02
  -1.8847505e-02
  -1.3870385e-03
   1.4426795e-02
   0.0000000e+00
   0.0000000e+00
  -0.0000000e+00
  -3.1320353e-02
  -3.0406386e-02
  -2.5619363e-02
  -1.0346969e-02
   2.8073464e-03
   9.4138989e-03
   8.1691913e-03
   0.0000000e+00
  -0.0000000e+00
  -7.7988552e-03
   6.9503970e-03
   2.3625665e-03
  -0.0000000e+00
  -2.2353346e-02
  -2.2668134e-02
  -2.2957893e-02
  -2.7249701e-02
  -3.0118650e-02
  -2.9281594e-02
  -3.2259773e-02
  -3.1315513e-02
  -3.3258580e-02
  -3.4408685e-02
  -3.7099477e-02
  -4.0660854e-02
  -4.0158894e-02
  -4.2715348e-02
  -3.6612429e-02
  -3.0045111e-02
  -2.1945823e-02
  -8.7090004e-03
   3.3875505e-03
   1.3870239e-02
   0.0000000e+00
   0.0000000e+00
  -0.0000000e+00
  -1.7790655e-02
  -3.0675742e-02
  -3.0952644e-02
  -1.1155906e-02
  -1.3654418e-03
   4.5594135e-03
   1.0548209e-02
   7.5135014e-03
  -0.0000000e+00
  -9.6521166e-03
  -3.4445075e-03
  -1.1807847e-02
  -2.7977895e-02
  -2.5701653e-02
  -2.4411744e-02
  -2.5857113e-02
  -2.7129911e-02
  -2.8909173e-02
  -2.7495559e-02
  -3.0299108e-02
  -2.9706080e-02
  -3.1780116e-02
  -3.4170367e-02
  -3.6464870e-02
  -4.0041380e-02
  -3.7516039e-02
  -3.9430708e-02
  -3.2982755e-02
  -2.7300524e-02
  -1.9532243e-02
  -7.6418690e-04
   7.2734569e-03
   1.2952330e-02
   0.0000000e+00
   0.0000000e+00
  -0.0000000e+00
  -1.1439310e-02
  -2.9414023e-02
  -3.2351837e-02
  -1.4785689e-02
  -5.9126844e-03
  -1.3625459e-03
   7.7540195e-03
   5.8822148e-03
   0.0000000e+00
  -0.0000000e+00
  -1.1856854e-02
  -1.7938130e-02
  -3.0386895e-02
  -2.6223781e-02
  -2.5662815e-02
  -2.6930608e-02
  -2.6556790e-02
  -2.5916379e-02
  -2.4010638e-02
  -2.6432391e-02
  -2.5273763e-02
  -2.6815899e-02
  -2.8873188e-02
  -3.0244140e-02
  -3.3279505e-02
  -3.0007133e-02
  -3.1277258e-02
  -2.5172429e-02
  -2.1054890e-02
  -1.4245836e-02
   6.2755328e-03
   9.8320879e-03
   1.2663341e-02
   0.0000000e+00
   0.0000000e+00
  -0.0000000e+00
  -9.9131298e-03
  -2.5537171e-02
  -3.0744659e-02
  -1.8622851e-02
  -9.8201344e-03
  -6.7460230e-03
   2.4127429e-03
   4.5435957e-03
   0.0000000e+00
  -0.0000000e+00
  -1.8866636e-02
  -2.2244645e-02
  -2.8141707e-02
  -2.3835406e-02
  -2.5180522e-02
  -2.5496677e-02
  -2.4079738e-02
  -2.0918090e-02
  -1.9328617e-02
  -2.0883579e-02
  -2.0050917e-02
  -2.1292847e-02
  -2.2197694e-02
  -2.3369389e-02
  -2.5416406e-02
  -2.4741553e-02
  -2.5116708e-02
  -2.1132147e-02
  -1.8282572e-02
  -1.0734453e-02
   3.8413377e-03
   1.0402524e-02
   1.0543195e-02
   0.0000000e+00
   0.0000000e+00
  -0.0000000e+00
  -1.1593764e-02
  -8.1067412e-03
  -1.2019631e-02
  -2.1214057e-02
  -1.6532540e-02
  -1.1104565e-02
  -8.6305086e-03
  -1.9340625e-03
  -2.2410341e-03
  -0.0000000e+00
  -1.9194752e-02
  -1.8444387e-02
  -2.0630378e-02
  -1.9801801e-02
  -2.1995043e-02
  -2.0532968e-02
  -2.0365695e-02
  -1.9539939e-02
  -1.8652899e-02
  -1.9052166e-02
  -1.9126415e-02
  -2.0894799e-02
  -2.1457884e-02
  -2.3076426e-02
  -2.4231922e-02
  -2.5387410e-02
  -2.6306851e-02
  -2.5185896e-02
  -2.3299517e-02
  -1.4932214e-02
  -6.2031057e-03
   4.0119798e-03
   6.8420526e-03
   0.0000000e+00
   0.0000000e+00
  -0.0000000e+00
  -1.1342579e-02
   1.3634203e-03
  -3.5438666e-03
  -1.6577275e-02
  -1.8761784e-02
  -1.6732076e-02
  -1.4617552e-02
  -9.2253573e-03
  -1.0681210e-02
  -1.9099465e-02
  -1.6109096e-02
  -1.5799966e-02
  -1.8553296e-02
  -1.9710785e-02
  -2.1456396e-02
  -1.9922158e-02
  -2.0193459e-02
  -1.6992349e-02
  -1.6479895e-02
  -1.5890475e-02
  -1.6464431e-02
  -1.8328700e-02
  -1.8510992e-02
  -1.9872695e-02
  -2.0159025e-02
  -2.2695523e-02
  -2.4252443e-02
  -2.6066700e-02
  -2.5613297e-02
  -1.9264124e-02
  -1.8050632e-02
  -6.5899133e-03
   2.8004769e-03
  -0.0000000e+00
   0.0000000e+00
  -0.0000000e+00
  -1.0215170e-02
   8.5511478e-03
   5.4168757e-03
  -0.0000000e+00
  -1.6990602e-02
  -1.9687338e-02
  -1.8290380e-02
  -1.6531819e-02
  -1.8178113e-02
  -1.9756166e-02
  -1.4113536e-02
  -1.4098612e-02
  -1.6931921e-02
  -1.8770887e-02
  -1.9943714e-02
  -1.8779133e-02
  -1.8690126e-02
  -1.6335087e-02
  -1.5769448e-02
  -1.4857593e-02
  -1.5444280e-02
  -1.7476780e-02
  -1.7730860e-02
  -1.8319746e-02
  -1.8515464e-02
  -2.1570042e-02
  -2.4761764e-02
  -2.8347613e-02
  -3.0112749e-02
  -2.7635947e-02
  -3.4262531e-02
  -2.6253736e-02
  -1.7569744e-02
  -1.6743511e-02
  -1.0801186e-02
  -1.6631863e-02
  -8.1339357e-03
   9.9492218e-03
   2.4167686e-03
  -0.0000000e+00
  -1.0618282e-02
  -2.0697329e-02
  -2.0617833e-02
  -2.5558574e-02
  -2.7079325e-02
  -2.1510929e-02
  -1.5895728e-02
  -1.6538946e-02
  -1.9157091e-02
  -1.9578282e-02
  -2.0305598e-02
  -2.0194642e-02
  -1.8680608e-02
  -2.7320411e-02
  -2.5933173e-02
  -2.5922980e-02
  -2.5755249e-02
  -2.7058413e-02
  -2.7533900e-02
  -2.7119353e-02
  -2.8498951e-02
  -3.0439084e-02
  -3.3865888e-02
  -3.5652619e-02
  -3.8349219e-02
  -3.9126456e-02
  -4.6517633e-02
  -5.3837493e-02
  -3.6660559e-02
  -2.6420342e-02
  -2.5715854e-02
  -2.1687950e-02
  -1.1417901e-02
  -2.9940467e-03
  -0.0000000e+00
  -1.1932614e-02
  -1.0657943e-02
  -1.9153116e-02
  -2.5970139e-02
  -3.3448637e-02
  -3.3437107e-02
  -2.8993681e-02
  -2.8484317e-02
  -2.9019536e-02
  -3.0488990e-02
  -3.0473299e-02
  -3.1494785e-02
  -3.1596322e-02
  -2.9156161e-02
  -3.8326170e-02
  -3.6634337e-02
  -3.6546797e-02
  -3.6632609e-02
  -3.7385717e-02
  -3.8244288e-02
  -3.7627380e-02
  -3.9083570e-02
  -3.9395105e-02
  -4.1123651e-02
  -4.1313104e-02
  -4.2868353e-02
  -4.5281366e-02
  -5.0841592e-02
  -6.2075924e-02
  -4.5165095e-02
  -3.2579750e-02
  -3.5277627e-02
  -2.5559420e-02
  -1.8633425e-02
  -1.3692969e-02
  -0.0000000e+00
  -1.9332182e-02
  -1.6023898e-02
  -2.1444406e-02
  -3.2054517e-02
  -3.6874413e-02
  -3.7952047e-02
  -3.6194012e-02
  -3.6857747e-02
  -3.7978973e-02
  -3.9027542e-02
  -4.0288277e-02
  -4.1355550e-02
  -4.1783575e-02
  -3.9766334e-02
  -4.7544457e-02
  -4.5845751e-02
  -4.5266815e-02
  -4.6006087e-02
  -4.6271686e-02
  -4.7387943e-02
  -4.6923630e-02
  -4.7762010e-02
  -4.6644259e-02
  -4.6350893e-02
  -4.5412794e-02
  -4.5427553e-02
  -4.8556063e-02
  -5.1363669e-02
  -6.1082121e-02
  -4.7647383e-02
  -3.5916839e-02
  -3.9125651e-02
  -2.7576400e-02
  -2.5245437e-02
  -2.1155489e-02
  -1.8721178e-02
  -2.6815390e-02
  -2.2248415e-02
  -2.5511499e-02
  -3.7135821e-02
  -3.8451668e-02
  -4.1316327e-02
  -4.1821942e-02
  -4.2335436e-02
  -4.4206377e-02
  -4.5179732e-02
  -4.8185982e-02
  -4.9165856e-02
  -5.0058585e-02
  -4.8823677e-02
  -5.2552462e-02
  -5.1232424e-02
  -5.0048441e-02
  -5.1884744e-02
  -5.1842406e-02
  -5.2738462e-02
  -5.3107724e-02
  -5.2015711e-02
  -5.0034259e-02
  -4.8006430e-02
  -4.6286598e-02
  -4.4458434e-02
  -4.4996299e-02
  -4.5365270e-02
  -4.8937876e-02
  -4.3288950e-02
  -3.4306124e-02
  -2.9709859e-02
  -2.3866175e-02
  -2.6455836e-02
  -2.0444699e-02
  -1.8199390e-02
  -2.8963305e-02
  -2.6319502e-02
  -2.9403392e-02
  -3.8424280e-02
  -3.7945680e-02
  -4.3166589e-02
  -4.3371107e-02
  -4.2370047e-02
  -4.4837132e-02
  -4.7048148e-02
  -5.1979952e-02
  -5.2614450e-02
  -5.4050859e-02
  -5.3951964e-02
  -3.8449015e-02
  -3.8350478e-02
  -3.8106941e-02
  -3.9605990e-02
  -3.9650902e-02
  -4.0136471e-02
  -4.0810209e-02
  -3.8899504e-02
  -3.8136937e-02
  -3.5903774e-02
  -3.4212980e-02
  -3.1291332e-02
  -2.7887691e-02
  -2.8915931e-02
  -3.1532325e-02
  -3.2402731e-02
  -2.2754751e-02
  -1.1356734e-02
  -9.3636953e-03
  -9.0069165e-03
  -4.8231035e-03
  -7.5347773e-03
  -1.1549577e-02
  -1.4724010e-02
  -1.8974075e-02
  -2.3756342e-02
  -2.6849702e-02
  -2.8652774e-02
  -2.8448591e-02
  -2.9217618e-02
  -3.0788623e-02
  -3.1972956e-02
  -3.6121916e-02
  -3.8569644e-02
  -3.9557390e-02
  -3.9344966e-02
  -1.3942913e-02
  -1.4680875e-02
  -1.5256621e-02
  -1.6046094e-02
  -1.6481068e-02
  -1.6823770e-02
  -1.7776765e-02
  -1.6673939e-02
  -1.6929651e-02
  -1.5367180e-02
  -1.3873407e-02
  -1.1277625e-02
  -6.8330718e-03
  -9.1590770e-03
  -1.2074557e-02
  -1.2429426e-02
  -6.5238462e-03
  -4.1586681e-03
   0.0000000e+00
  -4.0141187e-04
   3.3294347e-03
   5.2719414e-03
   1.3751888e-02
   9.4207125e-03
   8.5506840e-03
   4.9877884e-03
   1.4646642e-04
   8.5924705e-04
  -1.0300900e-03
  -4.0761833e-03
  -6.3973721e-03
  -8.2661621e-03
  -1.1033968e-02
  -1.3837231e-02
  -1.4094363e-02
  -1.4250817e-02
   1.5463492e-02
   1.4013488e-02
   1.3602038e-02
   1.2789561e-02
   1.2098505e-02
   1.1971511e-02
   1.0470509e-02
   1.1186673e-02
   1.0205727e-02
   1.1640044e-02
   1.2528074e-02
   1.5065711e-02
   1.8876038e-02
   1.4476771e-02
   1.4910193e-02
   1.5441314e-02
   1.0862176e-02
   7.8222491e-03
   0.0000000e+00
   0.0000000e+00
   0.0000000e+00
   2.0703695e-02
   4.0711874e-02
   3.6142482e-02
   3.8001687e-02
   4.1167721e-02
   3.8606122e-02
   3.8957972e-02
   3.3854812e-02
   2.9831316e-02
   2.4942989e-02
   2.1348512e-02
   1.8697210e-02
   1.6739503e-02
   1.6543068e-02
   1.5385652e-02
   4.4405244e-02
   4.2667218e-02
   4.3178305e-02
   4.1712508e-02
   4.1194338e-02
   4.0994450e-02
   3.9879903e-02
   4.1208241e-02
   3.9719757e-02
   4.2003222e-02
   4.1952126e-02
   4.4519085e-02
   4.5798041e-02
   4.1054383e-02
   4.9321719e-02
   4.6468876e-02
   2.7336119e-02
   1.7226922e-02
   0.0000000e+00
   0.0000000e+00
   0.0000000e+00
   3.8727035e-02
   6.1488714e-02
   5.9026372e-02
   6.4500220e-02
   6.8961389e-02
   7.2772764e-02
   7.3412068e-02
   6.8031311e-02
   6.5183103e-02
   5.6577116e-02
   5.1279891e-02
   4.7470365e-02
   4.6569075e-02
   4.5768972e-02
   4.3855395e-02
   6.4815357e-02
   6.3629441e-02
   6.4865112e-02
   6.3310638e-02
   6.3737787e-02
   6.4019956e-02
   6.4817913e-02
   6.6445686e-02
   6.4955913e-02
   6.8116762e-02
   6.7379169e-02
   6.9253102e-02
   6.6746049e-02
   6.5798208e-02
   7.9633780e-02
   6.9887713e-02
   4.4704600e-02
   0.0000000e+00
   0.0000000e+00
   0.0000000e+00
   0.0000000e+00
   5.2361112e-02
   6.4715862e-02
   6.4401694e-02
   7.2556861e-02
   7.5707279e-02
   8.4085718e-02
   8.8464923e-02
   8.7329090e-02
   8.6231083e-02
   7.6901436e-02
   7.2051667e-02
   6.7240834e-02
   6.6608712e-02
   6.5502137e-02
   6.3861392e-02
   7.0285283e-02
   7.0124842e-02
   7.0630535e-02
   7.1055353e-02
   7.3089503e-02
   7.5460479e-02
   7.7190943e-02
   7.6939575e-02
   7.7440858e-02
   7.9167403e-02
   7.8020737e-02
   7.7948898e-02
   7.3761284e-02
   7.7745743e-02
   8.4671073e-02
   7.4964888e-02
   6.3759815e-02
   5.5523493e-02
   5.5516474e-02
   5.7482841e-02
   5.5096697e-02
   5.1200476e-02
   5.2195247e-02
   5.2076168e-02
   6.2605694e-02
   6.7252345e-02
   7.0841558e-02
   7.6850772e-02
   8.0173090e-02
   7.8977965e-02
   7.4267700e-02
   7.3024586e-02
   7.0580274e-02
   7.0123456e-02
   7.0333026e-02
   7.0070460e-02
   5.9090648e-02
   5.9937440e-02
   5.9714150e-02
   6.2111467e-02
   6.4363003e-02
   6.7005239e-02
   6.7038529e-02
   6.6391297e-02
   6.9913544e-02
   6.7763999e-02
   6.6098861e-02
   6.4922981e-02
   6.2442180e-02
   6.7088895e-02
   6.3881636e-02
   6.1756112e-02
   6.8509169e-02
   7.0468888e-02
   7.2807901e-02
   6.9631264e-02
   5.1777374e-02
   3.5647292e-02
   3.1884622e-02
   3.0834202e-02
   3.8653314e-02
   4.8291199e-02
   4.7353473e-02
   4.8182275e-02
   5.2355882e-02
   5.1393427e-02
   5.0038841e-02
   5.1248390e-02
   5.3982966e-02
   5.5662014e-02
   5.7255134e-02
   5.8607820e-02
   2.7287718e-02
   3.0010773e-02
   3.1241640e-02
   3.2448683e-02
   3.2059502e-02
   3.2237578e-02
   3.1886335e-02
   3.3051927e-02
   3.5131015e-02
   3.1014932e-02
   2.9305780e-02
   2.7455581e-02
   2.7314832e-02
   3.2024130e-02
   2.8933324e-02
   2.9406942e-02
   3.6433663e-02
   4.0173028e-02
   3.9958544e-02
   3.3855326e-02
   2.3495473e-02
   1.2275503e-02
   7.1209548e-03
   4.1737892e-03
   3.8729543e-03
   1.0855551e-02
   1.0873884e-02
   7.7322549e-03
   1.0671762e-02
   1.1976833e-02
   1.1093164e-02
   1.2172915e-02
   1.6567415e-02
   2.0587854e-02
   2.2631461e-02
   2.4754880e-02
  -1.1747587e-02
  -9.3990173e-03
  -8.3954446e-03
  -9.7869914e-03
  -1.2046672e-02
  -1.3604655e-02
  -1.3928108e-02
  -1.4022059e-02
  -1.5683161e-02
  -1.8147673e-02
  -1.8651670e-02
  -1.8006248e-02
  -1.6847316e-02
  -1.5755005e-02
  -1.7404171e-02
  -1.7562225e-02
  -1.5026984e-02
  -1.3749778e-02
  -1.3553246e-02
  -1.2967087e-02
  -1.1704764e-02
  -1.2891077e-02
  -1.5459512e-02
  -1.9756775e-02
  -2.5899818e-02
  -2.9558716e-02
  -3.2854963e-02
  -3.4620829e-02
  -3.3107720e-02
  -3.1503383e-02
  -3.0646238e-02
  -2.8145583e-02
  -2.3893142e-02
  -2.0259982e-02
  -1.7567029e-02
  -1.4588261e-02
  -1.4887003e-02
  -1.5917305e-02
  -1.7393526e-02
  -1.8697238e-02
  -1.9321740e-02
  -1.9483965e-02
  -1.9501770e-02
  -1.9845052e-02
  -2.0287568e-02
  -1.9960167e-02
  -1.8718174e-02
  -1.7370785e-02
  -1.7067520e-02
  -1.7567417e-02
  -1.7631091e-02
  -1.5776351e-02
  -1.2491385e-02
  -9.0224026e-03
  -7.2510708e-03
  -7.6541351e-03
  -9.6552316e-03
  -1.1923462e-02
  -1.3017654e-02
  -1.3291910e-02
  -1.3959417e-02
  -1.5409281e-02
  -1.7238369e-02
  -1.8848576e-02
  -2.0027203e-02
  -2.0761125e-02
  -2.0394981e-02
  -1.9007491e-02
  -1.7222762e-02
  -1.5707903e-02
  -1.4699602e-02
  -1.4386726e-02
