   1.2738401e+00
   6.2571572e-01
   1.3127686e-01
  -1.8692553e-01
  -4.1866274e-01
  -5.5917341e-01
  -6.4793873e-01
  -7.3253080e-01
  -7.7175462e-01
  -7.0337874e-01
  -4.9066314e-01
  -2.1464641e-01
   1.3133185e-04
   1.3514605e-01
   1.6029783e-01
   1.2455464e-01
   8.5912411e-02
   9.7319461e-02
   1.7164727e-01
   2.9850745e-01
   3.8997009e-01
   3.8368616e-01
   2.9015696e-01
   1.6871446e-01
   1.3178807e-01
   2.5955188e-01
   4.9057546e-01
   6.9292957e-01
   9.4007135e-01
   1.3509501e+00
   1.9358397e+00
   2.6691603e+00
   3.1513088e+00
   3.1305287e+00
   2.6541564e+00
   1.9468490e+00
   7.0323312e-01
   8.1834629e-02
  -2.0300138e-01
  -3.5723993e-01
  -4.9113381e-01
  -4.9846521e-01
  -4.8657793e-01
  -5.5701941e-01
  -7.3583221e-01
  -7.2550607e-01
  -2.7922094e-01
   1.2601650e-01
   2.6183480e-01
   3.8992733e-01
   4.4545799e-01
   3.4911346e-01
   1.8157071e-01
   1.3520779e-01
   2.8487095e-01
   7.0901340e-01
   1.1131229e+00
   1.2177775e+00
   1.1488283e+00
   7.1866345e-01
   3.2816651e-01
   5.7954866e-01
   9.7331250e-01
   9.0167707e-01
   6.2662262e-01
   5.5348480e-01
   9.3652731e-01
   1.9918346e+00
   2.8665709e+00
   2.6668487e+00
   1.9378875e+00
   1.3327898e+00
  -4.0866774e-01
  -1.2124316e+00
  -1.5308275e+00
  -1.7416117e+00
  -1.8862051e+00
  -1.7252949e+00
  -1.5608792e+00
  -1.2586379e+00
  -1.2045113e+00
  -1.2315768e+00
  -6.8827599e-01
  -7.1209478e-01
  -1.2243390e+00
  -1.1359106e+00
  -6.2230861e-01
  -1.9019350e-01
  -3.2496629e-03
  -2.8667189e-03
   1.2007737e-01
   4.2376477e-01
   5.4427838e-01
   4.7471985e-01
   2.2838740e-01
  -4.2576051e-01
  -5.6272447e-01
   3.8760848e-02
   3.3564755e-01
   1.2311661e-01
  -1.6804557e-01
  -2.6916400e-01
  -2.9177544e-01
   2.9778177e-01
   1.0782570e+00
   8.4340042e-01
   4.0977076e-01
   2.3440312e-01
  -1.4672343e+00
  -2.0189462e+00
  -2.2091217e+00
  -2.2991426e+00
  -2.2656648e+00
  -1.9473748e+00
  -1.7391488e+00
  -1.3273889e+00
  -1.1792839e+00
  -1.2864480e+00
  -9.4697022e-01
  -1.3073214e+00
  -1.8680768e+00
  -1.4168108e+00
  -8.7195837e-01
  -4.7285705e-01
  -2.9350314e-01
  -5.9528321e-01
  -3.1185845e-01
   3.1312712e-02
  -1.2531292e-01
  -1.7077084e-01
  -9.1853762e-01
  -1.5738468e+00
  -9.9751800e-01
  -4.5716664e-01
  -4.5275527e-01
  -6.6980477e-01
  -1.0202329e+00
  -1.0795830e+00
  -1.0748794e+00
  -7.7493465e-01
  -3.2623413e-01
  -3.8868006e-01
  -6.8089890e-01
  -9.8664999e-01
  -2.0847828e+00
  -2.2352324e+00
  -2.1322808e+00
  -2.0033345e+00
  -1.8083625e+00
  -1.4772714e+00
  -1.2485186e+00
  -9.6805769e-01
  -9.2099851e-01
  -1.0852187e+00
  -1.1398122e+00
  -1.6427429e+00
  -1.7898647e+00
  -8.0566275e-01
  -3.7221673e-01
  -2.9603919e-01
  -4.0151462e-01
  -9.2899686e-01
  -4.7498155e-01
  -4.3585420e-01
  -8.6815572e-01
  -9.1701174e-01
  -1.8885487e+00
  -1.9287448e+00
  -1.1139879e+00
  -9.9812186e-01
  -1.0771279e+00
  -1.3889639e+00
  -1.6604556e+00
  -1.6397293e+00
  -1.4449351e+00
  -1.1174825e+00
  -9.9681276e-01
  -9.2288804e-01
  -1.2898363e+00
  -1.8464880e+00
  -2.1267037e+00
  -2.0689261e+00
  -1.7422917e+00
  -1.4830503e+00
  -1.2453631e+00
  -9.0674102e-01
  -7.1255553e-01
  -5.6470275e-01
  -6.6976666e-01
  -8.9394152e-01
  -1.1196127e+00
  -1.4557258e+00
  -1.1879628e+00
  -2.7339345e-01
   6.2281013e-02
   1.0399514e-01
  -2.8426963e-01
  -7.1882880e-01
  -3.1005436e-01
  -8.0176467e-01
  -1.5729207e+00
  -1.8022008e+00
  -2.3059444e+00
  -1.6514359e+00
  -1.1818752e+00
  -1.4041350e+00
  -1.4668281e+00
  -1.8590378e+00
  -1.5573311e+00
  -1.1484866e+00
  -1.1720196e+00
  -9.6271378e-01
  -9.9836248e-01
  -1.0378387e+00
  -1.4801571e+00
  -2.0540853e+00
  -1.6291523e+00
  -1.5757390e+00
  -1.2438563e+00
  -9.6911865e-01
  -7.3538295e-01
  -3.2415093e-01
  -2.2860298e-01
  -1.6491150e-01
  -5.0905925e-01
  -8.4109366e-01
  -9.0699412e-01
  -7.5409237e-01
  -1.0049520e-02
   4.0998734e-01
   3.9251952e-01
   4.7805214e-01
  -1.0680619e-01
  -5.2700925e-01
  -1.9127637e-01
  -7.0937989e-01
  -1.8041482e+00
  -2.1267426e+00
  -1.8447821e+00
  -1.0897155e+00
  -1.1048483e+00
  -1.4477241e+00
  -1.4699562e+00
  -1.6780523e+00
  -4.3768863e-01
   4.0070324e-01
  -3.9257824e-01
  -5.0248617e-01
  -5.9729392e-01
  -9.6113044e-01
  -1.3814671e+00
  -1.7529655e+00
  -8.3023459e-01
  -8.5526890e-01
  -5.8162806e-01
  -3.3418608e-01
  -6.3889585e-02
   3.4176846e-01
   3.7042987e-01
   3.2618800e-01
  -3.6393090e-01
  -7.8956240e-01
  -5.9631366e-01
   1.2908409e-01
   1.3539729e+00
   1.5219461e+00
   1.0782593e+00
   8.9741558e-01
  -3.8507655e-03
  -5.7792882e-01
  -9.0964675e-02
  -3.0663747e-01
  -1.4872135e+00
  -1.5710046e+00
  -7.3761702e-01
  -2.3782442e-01
  -6.3189745e-01
  -1.0019109e+00
  -9.9111152e-01
  -7.9374999e-01
   1.2886456e+00
   1.9825950e+00
   3.9526042e-01
   9.5102035e-02
  -1.4799697e-01
  -8.0417991e-01
  -1.0938056e+00
  -1.1100854e+00
  -6.5738335e-03
  -6.6167288e-02
   2.4190322e-01
   4.6768039e-01
   7.8911543e-01
   1.0605322e+00
   1.0579096e+00
   8.7146616e-01
  -1.5133351e-01
  -5.6001544e-01
  -1.7286503e-01
   9.7245741e-01
   2.4429588e+00
   2.5575733e+00
   2.1332297e+00
   1.5451704e+00
   6.0162280e-02
  -4.7812542e-01
   1.5303905e-01
   2.9978137e-03
  -9.0114748e-01
  -5.4200673e-01
   5.8801144e-01
   8.6506391e-01
   3.0645558e-01
  -9.3663037e-02
  -2.0342338e-01
   4.8126653e-01
   2.8721788e+00
   2.8045826e+00
   8.7077135e-01
   5.9068209e-01
   1.4337742e-01
  -5.7347435e-01
  -6.0309815e-01
  -2.7010423e-01
   6.7920393e-01
   6.7071050e-01
   1.1178192e+00
   1.3387188e+00
   1.6632254e+00
   1.7425904e+00
   1.6834526e+00
   1.3591175e+00
   1.4132524e-01
  -1.0078289e-01
   3.9712486e-01
   1.7132773e+00
   3.0799127e+00
   2.9710624e+00
   3.2326450e+00
   2.4473553e+00
   1.8021777e-01
   8.8278964e-02
   5.2647871e-01
   2.0071752e-02
  -2.8815550e-01
   4.5061257e-01
   1.8429776e+00
   2.0374062e+00
   1.5454245e+00
   1.1040673e+00
   6.5564865e-01
   1.7986966e+00
   3.8160641e+00
   2.7533774e+00
   9.8916358e-01
   7.9273987e-01
   2.3752178e-01
  -2.4732774e-01
   9.0777516e-02
   6.0121334e-01
   1.2167195e+00
   1.3726808e+00
   1.9283458e+00
   2.1414296e+00
   2.3019701e+00
   2.2810761e+00
   1.9939386e+00
   1.5887417e+00
   5.3569135e-01
   7.1138391e-01
   1.3451459e+00
   2.4546625e+00
   3.2669407e+00
   2.1295494e+00
   3.7438726e+00
   3.5753388e+00
   6.2111271e-01
   1.3617433e+00
   7.2538187e-01
  -2.2787782e-01
   4.7406242e-01
   9.9361668e-01
   2.9633087e+00
   3.1326539e+00
   2.7351334e+00
   2.4111374e+00
   1.5879934e+00
   2.8906225e+00
   3.6092150e+00
   2.0282969e+00
   7.5691533e-01
   2.7285891e-01
   1.3803627e-01
   4.1660195e-01
   1.0990744e+00
   1.3050366e+00
   1.3550563e+00
   1.6317205e+00
   2.0592470e+00
   2.1821437e+00
   2.2034724e+00
   2.1421690e+00
   1.7360336e+00
   1.3183980e+00
   7.4998128e-01
   1.2317051e+00
   1.9435881e+00
   2.7469134e+00
   2.9917524e+00
   1.5148378e+00
   3.3972502e+00
   3.6370001e+00
   8.4297325e-01
   1.4886752e+00
   4.3811351e-01
  -3.9969331e-02
   1.2510564e+00
   1.1157402e+00
   3.1771186e+00
   3.4339015e+00
   2.3313832e+00
   2.3730661e+00
   2.2275603e+00
   2.9548614e+00
   2.8506881e+00
   1.7023926e+00
   4.3248013e-01
  -6.2492542e-01
   5.4308176e-02
   1.0417824e+00
   1.4493066e+00
   1.3496566e+00
   1.2944201e+00
   1.6111373e+00
   1.8983022e+00
   1.9250799e+00
   1.8995875e+00
   1.7450835e+00
   1.3852471e+00
   1.0107199e+00
   8.4378397e-01
   1.4250882e+00
   2.0499480e+00
   2.7054689e+00
   2.5720258e+00
   1.6550781e+00
   3.3364792e+00
   3.0023978e+00
   4.7691339e-01
   7.5640970e-01
   1.5334693e-01
   5.3348505e-01
   1.7164397e+00
   1.3535879e+00
   3.0512223e+00
   3.1405830e+00
   1.4689765e+00
   1.5921952e+00
   2.3801351e+00
   2.7390084e+00
   2.3551755e+00
   1.6290814e+00
   1.0001464e-01
  -1.1592786e+00
   9.0862677e-02
   1.2488595e+00
   1.3203162e+00
   1.2056922e+00
   1.1503978e+00
   1.4679745e+00
   1.6291213e+00
   1.5828186e+00
   1.5415796e+00
   1.2909876e+00
   1.0399270e+00
   7.4497907e-01
   8.9680243e-01
   1.4696488e+00
   1.9253631e+00
   2.4986293e+00
   2.1120379e+00
   2.0754033e+00
   3.4252737e+00
   2.1040962e+00
  -1.3621583e-01
  -2.2627634e-01
  -8.6083926e-02
   1.2291134e+00
   1.9563520e+00
   1.6350373e+00
   2.8045305e+00
   2.5373957e+00
   5.8760971e-01
   5.8515916e-01
   2.1805503e+00
   2.3988414e+00
   1.9917575e+00
   1.6063180e+00
  -2.4693629e-01
  -1.4325457e+00
   1.9149591e-01
   1.2067351e+00
   1.0160089e+00
   9.9823934e-01
   8.8797876e-01
   1.1492819e+00
   1.2370317e+00
   1.2162787e+00
   1.1549368e+00
   8.5216022e-01
   7.7290045e-01
   6.6424850e-01
   9.6331663e-01
   1.3418344e+00
   1.4549529e+00
   1.9814553e+00
   1.5636456e+00
   2.7372971e+00
   3.7927680e+00
   8.1522714e-01
  -1.1546427e+00
  -1.2994874e+00
  -1.8069848e-01
   2.0828571e+00
   1.6894793e+00
   2.0171127e+00
   2.4579961e+00
   1.2438227e+00
   1.0383243e-01
  -5.8993819e-01
   1.0300036e+00
   1.8207972e+00
   1.7346083e+00
   1.4137383e+00
  -7.4649295e-01
  -1.1218681e+00
   4.3245284e-01
   6.3672695e-01
   5.5967523e-01
   7.3269825e-01
   7.8189886e-01
   1.0642893e+00
   1.1248822e+00
   1.2186689e+00
   1.1545182e+00
   9.5626509e-01
   9.8156703e-01
   8.9718688e-01
   1.1806467e+00
   1.3068333e+00
   1.3533355e+00
   1.6265250e+00
   1.2888849e+00
   2.4704494e+00
   2.7545276e+00
   4.2028478e-01
  -7.6404101e-01
  -1.1120942e+00
   7.3609024e-02
   1.7411981e+00
   1.3139436e+00
   2.0629022e+00
   1.9327719e+00
   6.9751740e-01
   4.5391840e-01
  -3.6389124e-01
  -1.9351922e-01
   6.0473216e-01
   1.4301535e+00
   8.9915580e-01
  -9.4322050e-01
  -5.4965323e-01
   5.7040012e-01
   3.3927453e-01
   4.6755916e-01
   6.6762668e-01
   7.6994514e-01
   1.0819385e+00
   1.1271605e+00
   1.2626675e+00
   1.2382028e+00
   1.1296130e+00
   1.2304717e+00
   1.1041565e+00
   1.3868922e+00
   1.3441994e+00
   1.4483001e+00
   1.4535720e+00
   1.0991639e+00
   1.9235756e+00
   1.2751287e+00
   2.8822631e-01
  -6.2915057e-02
  -9.1106141e-01
   2.9477301e-01
   1.1197078e+00
   1.1303893e+00
   2.1135428e+00
   1.4638983e+00
   6.5057921e-01
   5.8125609e-01
   3.1218458e-02
  -7.5251770e-01
  -5.5818784e-01
   1.0180813e+00
   5.4851836e-01
  -8.7722325e-01
  -2.0798577e-01
   6.1882728e-01
   3.7999561e-01
   4.7658849e-01
   6.8763936e-01
   8.0063753e-01
   1.1498374e+00
   1.1833355e+00
   1.3315342e+00
   1.3715124e+00
   1.3565681e+00
   1.5286160e+00
   1.3242231e+00
   1.6131214e+00
   1.4200369e+00
   1.6469719e+00
   1.3447763e+00
   9.2613024e-01
   1.1787276e+00
  -5.9158552e-01
   2.6322835e-01
   8.6930581e-01
  -6.7909630e-01
   5.2740539e-01
   2.9122573e-01
   1.0143855e+00
   2.1726383e+00
   9.6419126e-01
   8.3190351e-01
   6.1976353e-01
   5.5378026e-01
  -1.0683744e+00
  -1.8381689e+00
   5.0527809e-01
   2.3189779e-01
  -6.8006236e-01
   6.7361467e-02
   6.3121906e-01
   5.8414833e-01
   5.3411452e-01
   7.4996356e-01
   7.6197219e-01
   9.4765848e-01
   1.0545954e+00
   1.1424363e+00
   1.1980021e+00
   1.3329878e+00
   1.4515452e+00
   1.4444871e+00
   1.6194282e+00
   1.4091992e+00
   1.6149137e+00
   1.0153508e+00
   5.5687499e-01
  -1.1883097e-01
  -2.4187946e+00
  -5.1846778e-01
   4.1027838e-01
  -1.5587904e+00
   1.9003242e-02
  -1.7034689e-01
   5.8897197e-01
   2.3469265e+00
   1.0211824e+00
   5.3031766e-01
   2.9978216e-02
   3.3298001e-02
  -1.0157301e+00
  -2.5261950e+00
  -6.3668287e-01
   2.0512721e-01
  -1.9479582e-01
   2.6312584e-01
   5.5449414e-01
   6.9220448e-01
   5.8005381e-01
   6.4203298e-01
   4.4431406e-01
   4.9545667e-01
   6.3894367e-01
   7.3661524e-01
   7.4124676e-01
   9.0973139e-01
   9.6679568e-01
   1.1638080e+00
   1.2592436e+00
   1.0966275e+00
   1.1461405e+00
   5.6424618e-01
   1.8149403e-01
  -6.1729187e-01
  -2.3650241e+00
  -1.3582926e+00
  -1.0757897e+00
  -2.6050878e+00
  -8.8486707e-01
  -1.3825171e-01
   9.4234824e-02
   1.8937459e+00
   1.2223758e+00
   5.0982710e-02
  -4.6373588e-01
  -8.4610522e-01
  -1.2109056e+00
  -2.0737801e+00
  -9.6389544e-01
   1.0630593e-01
  -1.4420542e-01
   2.3877662e-01
   3.2780650e-01
   3.0844790e-01
   3.5236806e-01
   2.8848934e-01
   1.1700795e-02
  -1.7053530e-02
   1.3591279e-01
   2.4849695e-01
   2.3133330e-01
   3.8878475e-01
   4.2201670e-01
   7.4267572e-01
   8.0725763e-01
   6.8056121e-01
   6.0820782e-01
   8.2636038e-02
  -2.5470421e-01
  -1.0282755e+00
  -2.3042510e+00
  -2.0892193e+00
  -2.3615448e+00
  -3.5132298e+00
  -1.7769239e+00
  -3.4381407e-01
  -4.2856084e-01
   1.1770617e+00
   1.1393516e+00
  -2.6897100e-01
  -9.1326134e-01
  -1.5620915e+00
  -1.4169211e+00
  -1.6889749e+00
  -1.1274958e+00
  -1.1115587e-01
  -2.2942956e-01
   8.8553257e-02
   8.5244636e-03
  -1.2840085e-01
  -8.3366912e-03
  -1.4254652e-01
  -8.0725219e-01
  -7.9791080e-01
  -7.0057641e-01
  -5.5830583e-01
  -5.2754753e-01
  -4.9332457e-01
  -3.9454121e-01
  -1.2355288e-01
   2.4618852e-02
  -8.8520378e-02
  -2.2222069e-01
  -5.8777082e-01
  -9.4785056e-01
  -1.3347364e+00
  -2.2537122e+00
  -2.7185457e+00
  -3.4257033e+00
  -4.2858206e+00
  -2.8427368e+00
  -1.2081671e+00
  -1.1449743e+00
  -3.5999727e-01
   3.1728617e-01
  -2.5958592e-01
  -1.3606696e+00
  -2.0287988e+00
  -1.6937233e+00
  -1.4085406e+00
  -9.3621214e-01
  -6.7766787e-01
  -6.6731635e-01
  -4.0959900e-01
  -6.1668220e-01
  -7.9195601e-01
  -7.8388670e-01
  -8.6591822e-01
  -1.6134820e+00
  -1.4887357e+00
  -1.4383453e+00
  -1.3005643e+00
  -1.1658020e+00
  -1.2299528e+00
  -1.1061882e+00
  -9.9686092e-01
  -7.5825346e-01
  -8.1015933e-01
  -8.3632298e-01
  -1.0466983e+00
  -1.4996723e+00
  -1.7731338e+00
  -2.5925760e+00
  -2.5991952e+00
  -2.8241242e+00
  -3.6229227e+00
  -3.0873020e+00
  -2.5219972e+00
  -1.9750223e+00
  -1.7960272e+00
  -1.1179740e+00
  -1.8207231e-01
  -1.1570905e+00
  -1.5769010e+00
  -1.5825009e+00
  -1.7372298e+00
  -1.1232372e+00
  -1.3217655e+00
  -1.4102924e+00
  -1.2590643e+00
  -1.2980950e+00
  -1.3293761e+00
  -1.5664245e+00
  -1.6055353e+00
  -1.9533859e+00
  -1.8153253e+00
  -1.7474629e+00
  -1.6022878e+00
  -1.4587257e+00
  -1.5161151e+00
  -1.4571723e+00
  -1.3571017e+00
  -1.1417037e+00
  -1.1140513e+00
  -1.0873786e+00
  -1.2019389e+00
  -1.6182853e+00
  -1.9838004e+00
  -2.4392390e+00
  -2.3924081e+00
  -2.4310675e+00
  -2.7793388e+00
  -2.7909329e+00
  -2.8165784e+00
  -2.3689480e+00
  -2.1856661e+00
  -1.5497258e+00
  -4.9518996e-01
  -8.5752904e-01
  -1.1645123e+00
  -1.4212179e+00
  -1.8022912e+00
  -1.5442692e+00
  -1.6557019e+00
  -1.7773852e+00
  -1.6807749e+00
  -1.5961292e+00
  -1.6145378e+00
  -1.8378017e+00
  -1.9428158e+00
  -2.1073673e+00
  -1.9849277e+00
  -1.8886812e+00
  -1.7250257e+00
  -1.6072363e+00
  -1.6343247e+00
  -1.6500371e+00
  -1.5321242e+00
  -1.3628067e+00
  -1.2657638e+00
  -1.2018068e+00
  -1.2330962e+00
  -1.5371331e+00
  -1.9574937e+00
  -2.0131633e+00
  -2.1550703e+00
  -2.2586672e+00
  -2.0025334e+00
  -2.2612607e+00
  -2.6343029e+00
  -2.4430175e+00
  -2.1263168e+00
  -1.5220014e+00
  -8.5801613e-01
  -6.0196275e-01
  -7.6658189e-01
  -1.2335513e+00
  -1.7042066e+00
  -1.9239589e+00
  -1.8653578e+00
  -1.9333941e+00
  -1.8787668e+00
  -1.7092348e+00
  -1.7647722e+00
  -1.9055852e+00
  -2.0876873e+00
  -1.9484837e+00
  -1.8566378e+00
  -1.7532844e+00
  -1.5450315e+00
  -1.4920754e+00
  -1.4992810e+00
  -1.5327726e+00
  -1.4319117e+00
  -1.2851482e+00
  -1.1863772e+00
  -1.1033300e+00
  -1.0647332e+00
  -1.1162283e+00
  -1.2699136e+00
  -1.1079943e+00
  -1.9330000e+00
  -2.7481164e+00
  -1.7916281e+00
  -1.4597196e+00
  -1.6258939e+00
  -1.7098249e+00
  -1.3381361e+00
  -6.8404341e-01
  -9.9027608e-01
  -6.4355628e-01
  -4.7472871e-01
  -1.0336821e+00
  -1.2590715e+00
  -1.8717806e+00
  -1.8411919e+00
  -1.6079680e+00
  -1.5842960e+00
  -1.4516223e+00
  -1.6063875e+00
  -1.6532810e+00
  -1.8438208e+00
  -1.4293289e+00
  -1.3152511e+00
  -1.2964890e+00
  -1.0635694e+00
  -1.0326899e+00
  -1.0594848e+00
  -1.0023959e+00
  -1.0905707e+00
  -8.7301672e-01
  -8.6252105e-01
  -7.0724851e-01
  -6.2990165e-01
  -4.6324462e-01
  -1.5916336e-01
  -4.7755045e-01
  -1.4162630e+00
  -3.0423777e+00
  -2.4679377e+00
  -9.6531951e-01
  -6.7160863e-01
  -3.5637110e-01
  -2.2057109e-01
   1.4664084e-01
  -1.2486786e-01
  -5.0920695e-01
  -9.4223797e-02
  -5.0324667e-01
  -6.4254606e-01
  -8.7659073e-01
  -1.1539139e+00
  -8.3058804e-01
  -8.3374554e-01
  -6.8182981e-01
  -8.5490626e-01
  -1.0752153e+00
  -1.2028848e+00
  -8.4527326e-01
  -7.4187434e-01
  -7.4783111e-01
  -5.4851246e-01
  -5.0581831e-01
  -5.4125017e-01
  -4.5819631e-01
  -6.2166971e-01
  -4.2147553e-01
  -4.3073028e-01
  -2.6964530e-01
  -1.5616462e-01
  -6.9789156e-02
   2.4197741e-01
  -1.2514639e-01
  -6.7351699e-01
  -2.3397439e+00
  -2.5281010e+00
  -8.1472063e-01
  -3.4099028e-01
   1.3055708e-01
   3.8904351e-01
   3.9012745e-01
   5.7617587e-01
   2.8662741e-01
   4.9663559e-01
   2.8609231e-01
   2.1043792e-02
  -3.3871140e-02
  -2.7059641e-01
  -1.8675339e-01
  -1.8752655e-01
   3.5307989e-02
  -9.6010774e-02
  -4.1969112e-01
  -6.0344517e-01
  -1.7948671e-01
  -1.2717640e-01
  -7.8602158e-02
   5.2331030e-02
   1.3177092e-01
   6.2078245e-02
   1.4969942e-01
   1.3771691e-02
   1.1913216e-01
   1.3024983e-01
   2.0484648e-01
   3.3579326e-01
   1.8077877e-01
   4.4614059e-01
   4.1758943e-01
   1.3800405e-01
  -1.0480218e+00
  -1.7849886e+00
  -5.2153522e-01
  -6.5975107e-02
   1.1008292e-01
   5.6698120e-01
   4.2517642e-01
   9.6295667e-01
   1.1881526e+00
   1.1885090e+00
   1.1787257e+00
   8.2243681e-01
   7.0198671e-01
   5.6452656e-01
   4.7650790e-01
   4.9642175e-01
   6.7017138e-01
   6.1663884e-01
   2.8883135e-01
   5.4825708e-02
   4.9899179e-01
   4.7404948e-01
   6.2016181e-01
   6.8497149e-01
   8.1287555e-01
   7.0669029e-01
   7.8712099e-01
   7.3682412e-01
   7.1537022e-01
   7.5203811e-01
   6.8908944e-01
   7.9199367e-01
   4.4908100e-01
   7.9449466e-01
   1.1276104e+00
   8.0344193e-01
   4.9239477e-01
  -3.0257480e-01
   1.2198506e-01
   3.9484699e-01
  -1.3287377e-01
   2.8018026e-01
   3.4563784e-01
   9.9755722e-01
   1.7003275e+00
   1.6805819e+00
   1.8338329e+00
   1.5592278e+00
   1.3262685e+00
   1.2197161e+00
   1.1577140e+00
   1.2174026e+00
   1.1975466e+00
   1.2081607e+00
   9.3611484e-01
   7.1185122e-01
   1.0535718e+00
   9.6675491e-01
   1.1531302e+00
   1.2098649e+00
   1.3565137e+00
   1.2848426e+00
   1.3315008e+00
   1.3499445e+00
   1.2578402e+00
   1.2667436e+00
   1.1533761e+00
   1.2022238e+00
   9.5649868e-01
   1.4292213e+00
   1.6484711e+00
   1.1736810e+00
   1.7501115e+00
   1.3358069e+00
   1.0671787e+00
   1.0600154e+00
  -2.1669631e-01
  -2.1514348e-01
   2.2153500e-01
   7.5513016e-01
   1.5472159e+00
   1.6622075e+00
   1.8373083e+00
   1.8645317e+00
   1.7644538e+00
   1.6784224e+00
   1.7709697e+00
   1.8877429e+00
   1.6766747e+00
   1.6525731e+00
   1.4203534e+00
   1.2173577e+00
   1.2874476e+00
   1.1810435e+00
   1.3020638e+00
   1.4102126e+00
   1.5056016e+00
   1.5506228e+00
   1.5369984e+00
   1.6217394e+00
   1.5474187e+00
   1.4527721e+00
   1.4924320e+00
   1.5277314e+00
   1.4692330e+00
   1.7273505e+00
   1.5528750e+00
   1.3548396e+00
   2.3390090e+00
   2.2547429e+00
   1.7492654e+00
   1.3945696e+00
  -1.8003669e-01
  -4.7262916e-01
   2.4986602e-03
   2.4767107e-01
   1.0796770e+00
   1.2691931e+00
   1.2361165e+00
   1.5417612e+00
   1.6988674e+00
   1.8317426e+00
   2.0468056e+00
   2.2460330e+00
   2.0298195e+00
   1.8757725e+00
   1.6886832e+00
   1.4025990e+00
   1.0625312e+00
   9.3684262e-01
   9.9065173e-01
   1.1357063e+00
   1.1466371e+00
   1.2381785e+00
   1.2424209e+00
   1.4281195e+00
   1.3721842e+00
   1.1794896e+00
   1.4474846e+00
   1.4539906e+00
   1.2713047e+00
   1.1571282e+00
   9.9795556e-01
   1.3484411e+00
   2.0329502e+00
   1.8740757e+00
   1.5079925e+00
   1.0144840e+00
  -1.3303050e-01
  -3.4173653e-01
  -2.9377943e-01
  -4.4827807e-01
   3.9916694e-01
   7.8438920e-01
   6.4745778e-01
   8.8878858e-01
   9.8023504e-01
   1.2625008e+00
   1.6804901e+00
   2.0096390e+00
   1.8303195e+00
   1.6054473e+00
   1.5562681e+00
   1.2333609e+00
   3.7298056e-01
   1.9614364e-01
   2.5280437e-01
   4.1400677e-01
   4.2627451e-01
   4.7858581e-01
   5.5257952e-01
   7.1433574e-01
   6.1259896e-01
   5.0077391e-01
   8.6557990e-01
   7.9907930e-01
   4.1798806e-01
   2.2100660e-01
   3.2104623e-01
   7.4926627e-01
   7.7946132e-01
   3.7218475e-01
   3.4087387e-01
   3.9718911e-01
   1.9304982e-01
   7.3008440e-02
  -3.7000698e-01
  -9.8766577e-01
  -7.5353628e-01
  -1.9847931e-01
   9.1097608e-02
   1.9794218e-01
  -8.8271517e-03
   1.0727917e-01
   6.9823951e-01
   1.1267673e+00
   8.9541352e-01
   6.7498791e-01
   7.6994920e-01
   6.2090170e-01
  -6.7123407e-01
  -8.3214434e-01
  -7.2820479e-01
  -4.8298794e-01
  -2.7381146e-01
  -1.7419553e-01
  -1.6831839e-01
  -2.3181856e-01
  -2.9023147e-01
  -1.2025520e-01
   2.4866298e-01
   2.3204671e-01
  -1.0997858e-01
  -3.9943854e-01
  -4.4654924e-01
  -3.7306404e-01
  -5.6147950e-01
  -8.5199618e-01
  -7.0609790e-01
  -1.7469425e-01
   2.5558239e-01
   3.1550249e-01
  -3.7975441e-02
  -7.7251440e-01
  -1.3473070e+00
  -1.3444571e+00
  -9.3001151e-01
  -6.9992208e-01
  -7.5323936e-01
  -6.5216070e-01
  -2.0807433e-01
   1.1864732e-01
  -5.2711565e-02
  -2.8560564e-01
  -3.4421234e-01
  -4.4898087e-01
  -8.9740860e-01
  -9.3437248e-01
  -8.0641192e-01
  -5.7970673e-01
  -3.1611781e-01
  -1.3267577e-01
  -6.1966110e-02
  -3.7916700e-02
   1.4256100e-02
   1.0996162e-01
   1.7265485e-01
   6.8322934e-02
  -1.6704340e-01
  -4.3781075e-01
  -5.9957528e-01
  -6.5576005e-01
  -7.3048071e-01
  -8.6514175e-01
  -9.6171898e-01
  -9.1951030e-01
  -6.8635714e-01
  -3.5183910e-01
   4.4892726e-03
   1.7461583e-01
   1.2752898e-01
  -1.7440434e-02
  -1.4738967e-01
  -2.3976108e-01
  -3.0667664e-01
  -2.9322922e-01
  -2.1324192e-01
  -1.5471362e-01
  -2.1397965e-01
  -3.5862020e-01
  -5.5691126e-01
  -7.5633043e-01
