   1.5214728e+00   1.6086505e+00   1.6574920e+00   1.6726106e+00   1.6818321e+00   1.6877600e+00   1.6961353e+00   1.7270961e+00   1.7656237e+00   1.7574205e+00   1.6565708e+00   1.5171120e+00   1.4708378e+00   1.5505419e+00   1.6554401e+00   1.6487758e+00   1.5209379e+00   1.4063225e+00   1.3741598e+00   1.3324271e+00   1.2470291e+00   1.1859384e+00   1.1722679e+00   1.1840652e+00   1.2379627e+00   1.3593124e+00   1.4916778e+00   1.6013498e+00   1.7022394e+00   1.7633814e+00   1.7628626e+00   1.6913055e+00   1.5723214e+00   1.4728242e+00   1.4217969e+00   1.4466933e+00
   1.1317425e+00   1.1797941e+00   1.1183581e+00   1.0027242e+00   9.2961956e-01   8.9715481e-01   9.1838586e-01   9.7206688e-01   1.0976555e+00   1.2021413e+00   1.3569808e+00   1.2865393e+00   1.1908594e+00   1.2026958e+00   1.2759962e+00   1.3424029e+00   1.3536455e+00   1.4934486e+00   1.4460275e+00   1.2695480e+00   1.1229829e+00   1.0078413e+00   1.0273948e+00   1.4519484e+00   2.0595989e+00   2.3975818e+00   2.3759587e+00   2.3661752e+00   2.3368585e+00   2.2365689e+00   2.1204822e+00   1.9878604e+00   1.7456071e+00   1.5319288e+00   1.3307260e+00   1.1658418e+00
   2.2628331e+00   2.4144189e+00   2.5541537e+00   2.6394649e+00   2.6963770e+00   2.6835620e+00   2.6971993e+00   2.7165790e+00   2.8783877e+00   2.8281481e+00   2.6525104e+00   2.5577650e+00   2.3310227e+00   2.4971340e+00   2.6009500e+00   2.4655185e+00   2.8099174e+00   3.2274706e+00   3.3789611e+00   3.1502123e+00   2.5166969e+00   1.8019100e+00   1.2817647e+00   1.4832628e+00   1.3687462e+00   1.3262281e+00   1.5503833e+00   1.3686310e+00   1.4105077e+00   1.5399472e+00   1.6448013e+00   1.8685915e+00   1.8678421e+00   1.9931086e+00   2.1600995e+00   2.2169592e+00
   4.5110054e+00   4.5287347e+00   4.5577755e+00   4.6117964e+00   4.7723885e+00   4.9259539e+00   5.0478182e+00   5.0287118e+00   5.1048021e+00   5.1651444e+00   5.0382009e+00   4.9978895e+00   4.7895541e+00   4.8539863e+00   5.0078130e+00   4.7768373e+00   5.1049995e+00   5.4558468e+00   5.5695086e+00   5.5599351e+00   4.6950846e+00   3.5707803e+00   2.9048896e+00   2.7754264e+00   2.8964677e+00   3.5595624e+00   3.8371086e+00   3.7803807e+00   4.0274301e+00   4.2270899e+00   4.2889276e+00   4.3989229e+00   4.4369926e+00   4.5076418e+00   4.5577312e+00   4.5401874e+00
   5.3780527e+00   5.3446860e+00   5.3723507e+00   5.4072089e+00   5.4937611e+00   5.6226172e+00   5.7145596e+00   5.7921047e+00   5.7425590e+00   5.8443570e+00   5.8612823e+00   5.7967210e+00   5.7005739e+00   5.6672654e+00   6.1055908e+00   6.0215845e+00   5.6931710e+00   5.0662756e+00   4.3331618e+00   4.6115384e+00   4.5468559e+00   4.0388412e+00   3.9792204e+00   3.9811127e+00   4.3880877e+00   4.9314852e+00   5.1431456e+00   5.4898281e+00   5.8189144e+00   5.9934740e+00   5.9010363e+00   5.7889490e+00   5.6540775e+00   5.5380177e+00   5.5006485e+00   5.4119349e+00
   4.9366644e+00   4.8880200e+00   4.9350737e+00   4.9912170e+00   4.9536734e+00   4.9983085e+00   4.9830659e+00   5.1066470e+00   5.0554498e+00   5.1183069e+00   5.2213860e+00   5.1563342e+00   5.1737006e+00   5.0015039e+00   5.6080020e+00   5.9005111e+00   4.9918814e+00   0.0000000e+00   0.0000000e+00   0.0000000e+00   0.0000000e+00   3.3337395e+00   4.1780457e+00   4.5745967e+00   5.0120896e+00   5.4211097e+00   5.7243904e+00   6.0809544e+00   6.0585032e+00   6.1208705e+00   5.9354738e+00   5.5870619e+00   5.2980359e+00   5.1371158e+00   5.1261983e+00   4.9674175e+00
   3.3194482e+00   3.2803160e+00   3.2403116e+00   3.2804620e+00   3.1970359e+00   3.2094550e+00   3.1511490e+00   3.1700334e+00   3.1583542e+00   3.1776213e+00   3.3277420e+00   3.3616349e+00   3.5710366e+00   3.3796674e+00   3.6020047e+00   4.0231326e+00   3.2935394e+00   2.3061253e+00   0.0000000e+00   0.0000000e+00   0.0000000e+00   2.1877412e+00   3.4907889e+00   4.2200921e+00   4.4241398e+00   4.7561727e+00   4.8593910e+00   4.9078591e+00   4.6546107e+00   4.4987343e+00   4.3141425e+00   3.9123521e+00   3.6768157e+00   3.5381951e+00   3.4935848e+00   3.3550217e+00
   1.7169461e+00   1.6674025e+00   1.6760244e+00   1.6856713e+00   1.6624396e+00   1.6718578e+00   1.6577311e+00   1.6754808e+00   1.6484957e+00   1.6526828e+00   1.6201628e+00   1.6109207e+00   1.5784606e+00   1.5368643e+00   1.5871074e+00   1.8700007e+00   2.2448840e+00   2.2884886e+00   0.0000000e+00   0.0000000e+00   0.0000000e+00   1.3025670e+00   2.1881673e+00   2.8372355e+00   2.5860543e+00   2.7999569e+00   2.5540729e+00   2.3274660e+00   2.1829633e+00   1.8868186e+00   1.8215127e+00   1.7049290e+00   1.7168673e+00   1.7328000e+00   1.7227290e+00   1.6786480e+00
   1.9119333e+00   1.8363419e+00   1.9278858e+00   1.9289798e+00   1.9892499e+00   1.9919555e+00   2.0455675e+00   2.1011662e+00   2.0125999e+00   2.0004792e+00   1.7405276e+00   1.6095414e+00   1.2025139e+00   1.1889493e+00   1.3855200e+00   1.6389028e+00   2.7735226e+00   2.7004650e+00   0.0000000e+00   1.1811438e+00   1.1509783e+00   7.3524314e-01   1.1861364e+00   1.6291356e+00   1.3621521e+00   1.5570428e+00   1.3628719e+00   1.2066151e+00   1.2393205e+00   1.0594380e+00   1.1197165e+00   1.2735128e+00   1.4793524e+00   1.6967798e+00   1.7941648e+00   1.8301325e+00
   4.1807814e+00   4.0961504e+00   4.0857801e+00   4.0940166e+00   4.1874137e+00   4.1717453e+00   4.2642865e+00   4.2272820e+00   4.0772467e+00   4.0199189e+00   3.7670422e+00   3.6185734e+00   3.2613914e+00   3.0529962e+00   3.2863460e+00   3.7481675e+00   4.3552337e+00   2.9177203e+00   1.1694624e+00   9.1074520e-01   4.8093396e-01   4.9063617e-01   1.1995196e+00   1.6769049e+00   2.0538347e+00   2.4435096e+00   2.8077784e+00   3.0825181e+00   3.1945167e+00   3.3027267e+00   3.3865719e+00   3.4935703e+00   3.6931627e+00   3.9916301e+00   4.1360397e+00   4.2027245e+00
   5.6878196e+00   5.5884405e+00   5.4422717e+00   5.4181935e+00   5.5018302e+00   5.4576168e+00   5.5357476e+00   5.4633113e+00   5.3138015e+00   5.1729119e+00   5.0531787e+00   4.9002447e+00   4.8155805e+00   4.9208357e+00   5.0497129e+00   5.3586350e+00   5.0899288e+00   3.7094401e+00   2.7888934e+00   2.6424160e+00   2.6111836e+00   2.0752197e+00   2.7978660e+00   3.5298098e+00   3.1910578e+00   3.9148267e+00   4.2658999e+00   4.4617607e+00   4.9650718e+00   4.8170931e+00   4.9158573e+00   5.1046854e+00   5.3960920e+00   5.6391276e+00   5.6754560e+00   5.7970522e+00
   5.3931427e+00   5.2553134e+00   5.1267295e+00   5.1075168e+00   5.0952373e+00   5.0999813e+00   5.0590000e+00   5.0359240e+00   4.9848776e+00   4.8945041e+00   4.9109068e+00   4.8433509e+00   5.1022825e+00   5.4570169e+00   6.0476747e+00   6.1980171e+00   4.9243999e+00   4.3304257e+00   4.0178900e+00   3.5007589e+00   3.4097590e+00   3.1815677e+00   3.4932749e+00   3.3207402e+00   2.6910052e+00   3.6362770e+00   4.2651749e+00   4.4619169e+00   4.7307067e+00   4.6843352e+00   4.9034925e+00   5.0759196e+00   5.2653432e+00   5.4231124e+00   5.4955802e+00   5.5130405e+00
   4.5398750e+00   4.3913403e+00   4.3060923e+00   4.2879672e+00   4.2539368e+00   4.3086095e+00   4.1989746e+00   4.1878223e+00   4.1911888e+00   4.2298031e+00   4.3553114e+00   4.4374862e+00   4.8352528e+00   5.2424774e+00   6.1479959e+00   6.2129831e+00   4.7838211e+00   4.5663218e+00   4.3922243e+00   3.6167929e+00   2.9403267e+00   0.0000000e+00   3.2510223e+00   2.5220590e+00   2.3023241e+00   3.2498379e+00   3.8778052e+00   4.1858449e+00   4.0174060e+00   3.9761825e+00   4.2122450e+00   4.3307238e+00   4.4689407e+00   4.5767431e+00   4.7227182e+00   4.6600213e+00
   3.5483787e+00   3.4086545e+00   3.3676512e+00   3.3451962e+00   3.3443950e+00   3.4287477e+00   3.3014350e+00   3.2880896e+00   3.3309565e+00   3.5028822e+00   3.7115035e+00   3.9515390e+00   4.3279228e+00   4.7239727e+00   5.7288971e+00   5.6894126e+00   4.6249708e+00   4.6560540e+00   4.3554797e+00   3.4350634e+00   2.1837139e+00   0.0000000e+00   2.6210336e+00   1.7356145e+00   2.0599825e+00   2.9243828e+00   3.3888805e+00   3.7885115e+00   3.2737635e+00   3.1126838e+00   3.2754931e+00   3.3613592e+00   3.4872165e+00   3.5772686e+00   3.7671023e+00   3.6698627e+00
   2.4036499e+00   2.3207661e+00   2.3087294e+00   2.2635077e+00   2.4381060e+00   2.4772624e+00   2.4731430e+00   2.4444070e+00   2.5289234e+00   2.7934782e+00   3.0340316e+00   3.4295046e+00   3.3762932e+00   3.7344828e+00   4.1716085e+00   3.8376199e+00   4.3223325e+00   4.6351404e+00   3.6639507e+00   2.8842134e+00   1.5715247e+00   1.0012436e+00   0.0000000e+00   1.4900872e+00   2.2120778e+00   2.8871851e+00   2.8211794e+00   3.1267529e+00   2.7805792e+00   2.0799686e+00   1.9101985e+00   2.0850271e+00   2.2916378e+00   2.4472593e+00   2.5290923e+00   2.5434675e+00
   2.4182394e+00   2.2989476e+00   2.3910480e+00   2.3865016e+00   2.5834436e+00   2.6883167e+00   2.7577308e+00   2.9270563e+00   3.0097162e+00   3.1847049e+00   3.2498558e+00   3.3339914e+00   2.8408824e+00   2.6148846e+00   2.9155615e+00   2.3927341e+00   0.0000000e+00   0.0000000e+00   0.0000000e+00   2.6791875e+00   1.3852648e+00   1.8982587e+00   0.0000000e+00   2.2729798e+00   2.2736435e+00   2.5250084e+00   2.3070295e+00   2.5673645e+00   2.8087893e+00   2.1423156e+00   1.6065343e+00   1.9355890e+00   2.1365740e+00   2.3667365e+00   2.3996449e+00   2.3961652e+00
   2.7345657e+00   2.6365421e+00   2.7706523e+00   2.8294740e+00   2.9778175e+00   3.1843166e+00   3.2765417e+00   3.5528872e+00   3.6372001e+00   3.7234583e+00   3.6924803e+00   3.3825765e+00   2.7991881e+00   1.8564613e+00   2.6628520e+00   2.1835148e+00   0.0000000e+00   0.0000000e+00   0.0000000e+00   2.3837914e+00   1.6356337e+00   2.3740838e+00   2.4522259e+00   2.6649446e+00   2.1586885e+00   2.0883095e+00   1.9217050e+00   2.4828322e+00   2.6455081e+00   2.4332495e+00   1.8903742e+00   2.2254045e+00   2.3878198e+00   2.6299834e+00   2.6773520e+00   2.5973785e+00
   3.1990483e+00   3.1479371e+00   3.3026326e+00   3.4402699e+00   3.5075524e+00   3.8395028e+00   3.9370279e+00   4.2943964e+00   4.3812060e+00   4.3707609e+00   4.2668161e+00   3.4938979e+00   2.9522743e+00   1.1812590e+00   2.7751489e+00   2.4394324e+00   0.0000000e+00   0.0000000e+00   0.0000000e+00   2.0242462e+00   2.0856893e+00   2.7402587e+00   2.9622376e+00   2.9282312e+00   1.9590764e+00   1.5791614e+00   1.5533190e+00   2.5721481e+00   0.0000000e+00   2.8375587e+00   2.4335830e+00   2.7186162e+00   2.8257599e+00   3.0523057e+00   3.1418025e+00   2.9557958e+00
   3.4940516e+00   3.5727112e+00   3.6657568e+00   3.9326052e+00   3.9513025e+00   4.4047538e+00   4.5600180e+00   5.0012234e+00   5.0114439e+00   4.9135260e+00   4.8240493e+00   3.7109002e+00   3.4125865e+00   1.7978368e+00   1.8389307e+00   2.0718917e+00   0.0000000e+00   0.0000000e+00   0.0000000e+00   1.6248192e+00   2.8385890e+00   4.5119493e+00   3.6831599e+00   2.0106586e+00   1.3428545e+00   8.9202642e-01   1.4338005e+00   0.0000000e+00   0.0000000e+00   2.6981795e+00   2.9026001e+00   3.3960019e+00   3.4501671e+00   3.2214310e+00   3.4808085e+00   3.2968725e+00
   3.3894732e+00   3.4692323e+00   3.5887160e+00   3.8219090e+00   3.8771298e+00   4.2706985e+00   4.4430394e+00   4.9070110e+00   4.9338875e+00   4.9346666e+00   4.8542490e+00   3.9312356e+00   3.5175829e+00   2.5292392e+00   2.2646980e+00   2.0543063e+00   0.0000000e+00   0.0000000e+00   0.0000000e+00   2.2503395e+00   3.0725777e+00   4.5759215e+00   3.3320417e+00   1.2962978e+00   8.7951851e-01   1.1082432e+00   1.4575591e+00   0.0000000e+00   0.0000000e+00   2.0894141e+00   2.1758816e+00   3.1546247e+00   3.3776221e+00   2.9832175e+00   3.2155452e+00   3.1663451e+00
   3.3384037e+00   3.4316769e+00   3.5981004e+00   3.7617421e+00   3.8319960e+00   4.1218462e+00   4.2620864e+00   4.7392807e+00   4.8378315e+00   5.0083079e+00   4.9285593e+00   4.2051001e+00   3.6084182e+00   3.1371460e+00   2.8799207e+00   2.2508614e+00   0.0000000e+00   0.0000000e+00   0.0000000e+00   2.8956566e+00   3.3561392e+00   4.4016671e+00   3.1176195e+00   9.6492374e-01   6.8104994e-01   1.2807126e+00   1.4162958e+00   0.0000000e+00   2.2336910e+00   1.7311625e+00   1.6769369e+00   2.8150830e+00   3.1634018e+00   2.7771831e+00   2.9749951e+00   3.0318074e+00
   3.3882247e+00   3.5250273e+00   3.7943708e+00   3.7937366e+00   3.8370758e+00   3.9026354e+00   3.8974605e+00   4.3709599e+00   4.6772697e+00   5.2131808e+00   5.1163692e+00   4.6645520e+00   3.6926978e+00   3.6398728e+00   4.0597428e+00   2.9556245e+00   0.0000000e+00   0.0000000e+00   0.0000000e+00   3.7513439e+00   3.8193696e+00   3.6736132e+00   3.1390606e+00   1.3645578e+00   9.9613463e-01   1.4047523e+00   0.0000000e+00   0.0000000e+00   2.6255147e+00   1.8142042e+00   1.5341029e+00   0.0000000e+00   2.5910219e+00   2.5861448e+00   2.7245194e+00   2.8536623e+00
   4.0127563e+00   4.3461673e+00   4.6781530e+00   4.5446157e+00   4.4778097e+00   4.2737761e+00   4.0357656e+00   4.3692286e+00   4.8397026e+00   5.7503452e+00   5.7139243e+00   5.3209405e+00   3.9284222e+00   3.0576615e+00   3.9660182e+00   3.5138257e+00   0.0000000e+00   0.0000000e+00   0.0000000e+00   4.1830371e+00   4.2147226e+00   3.6640055e+00   4.2774594e+00   2.7367930e+00   8.0715144e-01   1.1897810e+00   0.0000000e+00   3.6848896e+00   2.9126436e+00   2.1512744e+00   0.0000000e+00   0.0000000e+00   2.2403598e+00   2.9121225e+00   3.2399010e+00   3.3404365e+00
   4.6185760e+00   5.0317063e+00   5.3883977e+00   5.2540569e+00   5.1896429e+00   4.8593488e+00   4.5849981e+00   4.6221318e+00   5.0063891e+00   5.9362688e+00   5.9517965e+00   5.7233782e+00   4.1282878e+00   2.6517413e+00   3.8849597e+00   3.9804583e+00   0.0000000e+00   0.0000000e+00   3.0083766e+00   4.1108332e+00   4.1872048e+00   4.2661614e+00   5.1483421e+00   3.5477924e+00   0.0000000e+00   0.0000000e+00   0.0000000e+00   4.6363578e+00   3.2652423e+00   2.1536627e+00   0.0000000e+00   0.0000000e+00   2.3096366e+00   3.2460458e+00   3.8174000e+00   4.0630007e+00
   5.1374249e+00   5.5553682e+00   5.9298549e+00   5.8470678e+00   5.8496173e+00   5.4474821e+00   5.2109146e+00   4.8785190e+00   5.0518818e+00   5.8307176e+00   5.8731706e+00   5.9039564e+00   4.2875853e+00   2.4349739e+00   3.8537924e+00   4.2773209e+00   0.0000000e+00   0.0000000e+00   3.1450071e+00   3.6262446e+00   3.9226799e+00   4.7934089e+00   5.6183222e+00   4.2158656e+00   0.0000000e+00   0.0000000e+00   4.6171083e+00   5.3224444e+00   3.7320319e+00   2.1148479e+00   0.0000000e+00   0.0000000e+00   0.0000000e+00   3.5619776e+00   4.3120975e+00   4.7851505e+00
   5.3038352e+00   5.5630933e+00   5.9542516e+00   5.9962012e+00   6.1869055e+00   5.8070671e+00   5.7120940e+00   4.9418998e+00   4.7052884e+00   5.0457887e+00   5.0369943e+00   5.5135885e+00   4.3138676e+00   0.0000000e+00   3.9771766e+00   4.0453516e+00   0.0000000e+00   0.0000000e+00   2.6995642e+00   0.0000000e+00   3.2227416e+00   4.6102615e+00   4.9118366e+00   4.6688009e+00   4.6733624e+00   4.4723296e+00   4.3802167e+00   5.2996278e+00   4.4360051e+00   0.0000000e+00   0.0000000e+00   0.0000000e+00   0.0000000e+00   3.7612737e+00   4.4211161e+00   5.2326846e+00
   4.0418129e+00   4.1934023e+00   4.5422926e+00   4.6524720e+00   4.9594321e+00   4.7102776e+00   4.5675478e+00   3.7688746e+00   3.2369556e+00   3.1287131e+00   2.9375796e+00   3.6269026e+00   3.7116601e+00   3.1885803e+00   3.4221909e+00   2.7764208e+00   0.0000000e+00   2.9190221e+00   1.2127016e+00   0.0000000e+00   1.3868188e+00   2.0700154e+00   2.6377273e+00   3.6219754e+00   3.4102681e+00   2.6976473e+00   2.3551173e+00   3.1863549e+00   4.3790908e+00   0.0000000e+00   0.0000000e+00   0.0000000e+00   0.0000000e+00   3.0037863e+00   3.3682933e+00   3.9920790e+00
   2.1047621e+00   2.3680618e+00   2.5863841e+00   2.6012714e+00   2.7941370e+00   2.6150630e+00   2.4012029e+00   1.9200552e+00   1.5023832e+00   1.4552709e+00   1.1284492e+00   1.5566878e+00   2.6322269e+00   2.6470466e+00   2.4754093e+00   0.0000000e+00   0.0000000e+00   1.8006172e+00   1.0982020e+00   1.3346405e+00   1.7845573e+00   1.8148558e+00   1.1691220e+00   1.5152575e+00   1.2982028e+00   1.1644633e+00   1.2983263e+00   1.3856596e+00   3.0492249e+00   2.8184531e+00   0.0000000e+00   0.0000000e+00   1.0730972e+00   1.5197688e+00   1.8188589e+00   2.0508409e+00
   1.7237533e+00   1.7372793e+00   1.7194160e+00   1.6909854e+00   1.7694610e+00   1.7650149e+00   1.6780970e+00   1.4861593e+00   1.3729288e+00   1.6230724e+00   1.6074686e+00   1.5012268e+00   1.9679302e+00   2.0049026e+00   1.7173589e+00   0.0000000e+00   0.0000000e+00   1.1288336e+00   1.5528489e+00   2.2058105e+00   2.9679098e+00   3.0567884e+00   1.7707552e+00   1.3017699e+00   1.4038826e+00   1.6588328e+00   2.0606726e+00   2.0374067e+00   2.4555230e+00   2.2859961e+00   0.0000000e+00   0.0000000e+00   1.1716027e+00   1.6516792e+00   1.9236001e+00   1.9157124e+00
   3.1142993e+00   2.9746245e+00   2.9049593e+00   2.8957140e+00   2.9157292e+00   2.8831793e+00   2.7527580e+00   2.5630590e+00   2.5978249e+00   2.9345737e+00   3.1605421e+00   2.7525671e+00   2.0673323e+00   0.0000000e+00   0.0000000e+00   0.0000000e+00   0.0000000e+00   0.0000000e+00   0.0000000e+00   2.6826677e+00   3.6958747e+00   4.3862844e+00   3.3753536e+00   0.0000000e+00   0.0000000e+00   0.0000000e+00   3.0891086e+00   3.4276798e+00   2.9710592e+00   2.0016456e+00   0.0000000e+00   0.0000000e+00   2.2284215e+00   2.9764161e+00   3.3716145e+00   3.3911304e+00
   5.0984249e+00   5.2548227e+00   5.3606625e+00   5.3220525e+00   5.2005811e+00   4.8002663e+00   4.3758502e+00   3.9301682e+00   3.8498988e+00   3.8261638e+00   3.8427489e+00   3.6302004e+00   2.4711409e+00   0.0000000e+00   0.0000000e+00   0.0000000e+00   0.0000000e+00   0.0000000e+00   0.0000000e+00   0.0000000e+00   3.0960727e+00   4.3460879e+00   4.0747590e+00   0.0000000e+00   0.0000000e+00   0.0000000e+00   0.0000000e+00   3.3101826e+00   3.4485602e+00   0.0000000e+00   0.0000000e+00   0.0000000e+00   3.0855718e+00   4.0120001e+00   4.5845771e+00   4.9930058e+00
   6.1042891e+00   6.5960503e+00   6.7356400e+00   6.5555525e+00   6.1214471e+00   5.4227619e+00   4.9253130e+00   4.3043165e+00   4.0686140e+00   3.6160264e+00   3.3110080e+00   3.3852191e+00   0.0000000e+00   0.0000000e+00   0.0000000e+00   0.0000000e+00   0.0000000e+00   0.0000000e+00   0.0000000e+00   0.0000000e+00   0.0000000e+00   2.9966059e+00   3.1859879e+00   0.0000000e+00   0.0000000e+00   0.0000000e+00   0.0000000e+00   0.0000000e+00   0.0000000e+00   0.0000000e+00   0.0000000e+00   0.0000000e+00   3.2235980e+00   3.9768128e+00   4.5109439e+00   5.4972734e+00
   5.5819933e+00   6.0806150e+00   6.1114359e+00   5.8583681e+00   5.3740726e+00   4.7509503e+00   4.3645368e+00   3.7163336e+00   3.2638843e+00   2.6673504e+00   2.1117682e+00   2.3673065e+00   0.0000000e+00   0.0000000e+00   0.0000000e+00   0.0000000e+00   0.0000000e+00   0.0000000e+00   0.0000000e+00   0.0000000e+00   0.0000000e+00   0.0000000e+00   1.3634073e+00   0.0000000e+00   0.0000000e+00   0.0000000e+00   0.0000000e+00   0.0000000e+00   0.0000000e+00   0.0000000e+00   0.0000000e+00   0.0000000e+00   2.8176107e+00   3.3431350e+00   3.8404498e+00   4.9183254e+00
   3.3363094e+00   3.3391619e+00   3.2531245e+00   3.1277671e+00   3.0175655e+00   2.7804396e+00   2.5606999e+00   2.1429698e+00   1.8488517e+00   1.5799459e+00   1.0265185e+00   1.2479382e+00   1.8520634e+00   2.0538418e+00   1.9846432e+00   1.6220013e+00   1.0896093e+00   0.0000000e+00   0.0000000e+00   0.0000000e+00   0.0000000e+00   0.0000000e+00   0.0000000e+00   0.0000000e+00   0.0000000e+00   0.0000000e+00   0.0000000e+00   0.0000000e+00   0.0000000e+00   0.0000000e+00   0.0000000e+00   0.0000000e+00   2.3498738e+00   2.6129477e+00   2.9898641e+00   3.4319038e+00
   0.0000000e+00   0.0000000e+00   0.0000000e+00   0.0000000e+00   0.0000000e+00   0.0000000e+00   0.0000000e+00   0.0000000e+00   0.0000000e+00   1.0641211e+00   6.3933796e-01   4.8575258e-01   7.7181089e-01   1.0032073e+00   9.8592407e-01   7.3475027e-01   4.6116340e-01   0.0000000e+00   0.0000000e+00   0.0000000e+00   0.0000000e+00   0.0000000e+00   0.0000000e+00   0.0000000e+00   0.0000000e+00   0.0000000e+00   0.0000000e+00   0.0000000e+00   0.0000000e+00   0.0000000e+00   0.0000000e+00   0.0000000e+00   2.9542327e+00   2.8051000e+00   2.2523017e+00   0.0000000e+00
   2.7449279e+00   2.6353540e+00   2.5221519e+00   2.3757844e+00   2.1792753e+00   1.9926251e+00   1.8598142e+00   1.7364451e+00   1.5898125e+00   1.4067720e+00   1.1803859e+00   1.0046473e+00   0.0000000e+00   0.0000000e+00   0.0000000e+00   0.0000000e+00   0.0000000e+00   0.0000000e+00   0.0000000e+00   0.0000000e+00   0.0000000e+00   0.0000000e+00   0.0000000e+00   0.0000000e+00   0.0000000e+00   0.0000000e+00   0.0000000e+00   0.0000000e+00   0.0000000e+00   0.0000000e+00   1.9751059e+00   2.6771557e+00   3.1930149e+00   3.3199224e+00   3.1577481e+00   2.9091191e+00
