  -1.8012608e-02
  -1.8346049e-02
  -1.7613873e-02
  -1.6266795e-02
  -1.4574891e-02
  -1.2712081e-02
  -1.1660088e-02
  -1.0800587e-02
  -1.0110407e-02
  -9.5871784e-03
  -8.8187767e-03
  -9.2838570e-03
  -0.0000000e+00
   0.0000000e+00
   0.0000000e+00
   0.0000000e+00
   0.0000000e+00
   0.0000000e+00
   0.0000000e+00
   0.0000000e+00
   0.0000000e+00
   0.0000000e+00
   0.0000000e+00
   0.0000000e+00
   0.0000000e+00
   0.0000000e+00
   0.0000000e+00
   0.0000000e+00
   0.0000000e+00
   0.0000000e+00
   6.6541437e-03
   3.9216326e-03
  -1.5372680e-03
  -7.8921821e-03
  -1.3493402e-02
  -1.6637225e-02
  -0.0000000e+00
  -0.0000000e+00
  -0.0000000e+00
  -0.0000000e+00
  -0.0000000e+00
  -0.0000000e+00
  -0.0000000e+00
  -0.0000000e+00
  -0.0000000e+00
  -1.0955618e-02
  -9.1621994e-03
  -7.9849221e-03
  -2.8879942e-03
   0.0000000e+00
   0.0000000e+00
   0.0000000e+00
   0.0000000e+00
   0.0000000e+00
   0.0000000e+00
   0.0000000e+00
   0.0000000e+00
   0.0000000e+00
   0.0000000e+00
   0.0000000e+00
   0.0000000e+00
   0.0000000e+00
   0.0000000e+00
   0.0000000e+00
   0.0000000e+00
   0.0000000e+00
   0.0000000e+00
   0.0000000e+00
   1.9541501e-04
  -5.1917905e-03
  -1.1476472e-02
  -0.0000000e+00
   1.7518782e-02
   1.6074498e-02
   1.2650848e-02
   8.6724301e-03
   6.1126630e-03
   5.4913359e-03
   4.0702447e-03
   2.2100606e-03
   1.0742844e-03
   9.7930584e-04
   7.7863800e-04
   4.9473671e-03
   9.0635141e-03
   1.2179543e-02
   1.2408639e-02
   9.2663105e-03
   4.8800030e-03
   0.0000000e+00
   0.0000000e+00
   0.0000000e+00
   0.0000000e+00
   0.0000000e+00
   0.0000000e+00
   0.0000000e+00
   0.0000000e+00
   0.0000000e+00
   0.0000000e+00
   0.0000000e+00
   0.0000000e+00
   0.0000000e+00
   0.0000000e+00
   0.0000000e+00
   1.8822506e-02
   1.7901796e-02
   2.1955234e-02
   2.2898222e-02
   6.3819662e-02
   6.6162802e-02
   6.2836923e-02
   5.6387983e-02
   4.9586009e-02
   4.3958567e-02
   3.9735261e-02
   3.2763701e-02
   2.5871601e-02
   1.4986431e-02
   1.0820300e-02
   1.4298064e-02
   0.0000000e+00
   0.0000000e+00
   0.0000000e+00
   0.0000000e+00
   0.0000000e+00
   0.0000000e+00
   0.0000000e+00
   0.0000000e+00
   0.0000000e+00
   0.0000000e+00
   0.0000000e+00
   0.0000000e+00
   0.0000000e+00
   0.0000000e+00
   0.0000000e+00
   0.0000000e+00
   0.0000000e+00
   0.0000000e+00
   0.0000000e+00
   0.0000000e+00
   3.6237315e-02
   3.9010920e-02
   4.3324241e-02
   5.8740687e-02
   9.9000126e-02
   1.0836215e-01
   1.0711896e-01
   9.9366054e-02
   8.6556390e-02
   7.2671540e-02
   6.4901561e-02
   5.4167654e-02
   4.8385788e-02
   3.5333585e-02
   2.7040049e-02
   2.7456420e-02
   0.0000000e+00
   0.0000000e+00
   0.0000000e+00
   0.0000000e+00
   0.0000000e+00
   0.0000000e+00
   0.0000000e+00
   0.0000000e+00
   0.0000000e+00
   2.6844327e-02
   1.6945735e-02
   0.0000000e+00
   0.0000000e+00
   0.0000000e+00
   0.0000000e+00
   0.0000000e+00
   0.0000000e+00
   0.0000000e+00
   0.0000000e+00
   0.0000000e+00
   4.8107248e-02
   6.2757428e-02
   6.6327133e-02
   8.4409840e-02
   9.9695697e-02
   1.0715459e-01
   1.0833607e-01
   1.0196020e-01
   9.2013471e-02
   7.7599965e-02
   6.8012409e-02
   5.7835232e-02
   5.5424917e-02
   4.8738234e-02
   4.3996826e-02
   3.8214639e-02
   2.6003060e-02
   0.0000000e+00
   0.0000000e+00
   0.0000000e+00
   0.0000000e+00
   0.0000000e+00
   0.0000000e+00
   0.0000000e+00
   3.2577800e-02
   5.3976037e-02
   3.8128849e-02
   0.0000000e+00
   0.0000000e+00
   0.0000000e+00
   0.0000000e+00
   3.3459381e-02
   2.6484073e-02
   0.0000000e+00
   0.0000000e+00
   0.0000000e+00
   4.9225525e-02
   7.9493403e-02
   8.7915778e-02
   9.4635658e-02
   7.6673590e-02
   7.5592563e-02
   7.5833835e-02
   7.3702537e-02
   7.0386805e-02
   6.3657254e-02
   5.7128515e-02
   5.0243482e-02
   4.8492536e-02
   4.7873225e-02
   4.7915813e-02
   3.8900163e-02
   1.9940583e-02
   0.0000000e+00
   0.0000000e+00
   0.0000000e+00
   0.0000000e+00
   0.0000000e+00
   0.0000000e+00
   3.1338562e-02
   4.6140060e-02
   7.0344724e-02
   4.6084292e-02
   0.0000000e+00
   0.0000000e+00
   0.0000000e+00
   2.8798644e-02
   3.7466830e-02
   3.7813194e-02
   2.0911338e-02
   0.0000000e+00
   0.0000000e+00
   4.4893761e-02
   7.8496523e-02
   8.9152433e-02
   8.5227668e-02
   3.8909853e-02
   3.1445757e-02
   2.9600728e-02
   3.0622100e-02
   3.1127023e-02
   3.1988464e-02
   3.1525359e-02
   2.9323099e-02
   2.7795561e-02
   2.9426046e-02
   3.1698298e-02
   2.5102781e-02
   1.4456248e-02
   9.2268327e-03
   6.6454508e-03
   0.0000000e+00
  -0.0000000e+00
   1.3345440e-03
   1.3004798e-02
   3.1454773e-02
   5.0631680e-02
   5.7667106e-02
   3.5632238e-02
   1.4571643e-02
   1.3114182e-02
   1.6190529e-02
   2.7046584e-02
   3.7216730e-02
   3.0730933e-02
   1.4873920e-02
   0.0000000e+00
   0.0000000e+00
   2.7894098e-02
   4.8138313e-02
   5.3706881e-02
   4.8541095e-02
  -1.9179627e-03
  -7.0199347e-03
  -9.0506831e-03
  -8.0512110e-03
  -8.4926300e-03
  -5.4496792e-03
  -3.0935064e-03
  -4.5973668e-04
   8.0226391e-04
   3.7508330e-03
   6.1475043e-03
   3.5007261e-03
   1.3914877e-03
   1.7898674e-03
   3.7318705e-03
   0.0000000e+00
  -0.0000000e+00
  -6.4850454e-03
   5.2184541e-03
   1.7811072e-02
   2.5453912e-02
   2.6220070e-02
   1.3219492e-02
  -2.1695655e-03
  -1.5464183e-03
   2.2566717e-03
   1.0420747e-02
   1.1537362e-02
   3.4708946e-03
   2.0032641e-03
   0.0000000e+00
   0.0000000e+00
   4.5993809e-03
   6.3287546e-03
   5.9797345e-03
   1.9426103e-03
  -3.0992158e-02
  -3.3479676e-02
  -3.5742417e-02
  -3.5206482e-02
  -3.7145134e-02
  -3.3421312e-02
  -3.1507835e-02
  -2.4716275e-02
  -2.2313032e-02
  -1.9907452e-02
  -1.7190268e-02
  -1.9510437e-02
  -1.1992356e-02
  -5.2709327e-03
   2.0038346e-03
   3.1682807e-03
  -0.0000000e+00
  -1.4779515e-02
  -6.4178192e-03
   0.0000000e+00
  -4.2899391e-03
  -8.3770053e-03
  -1.0483991e-02
  -2.3949949e-02
  -2.2289332e-02
  -1.7200654e-02
  -1.5272127e-02
  -1.8268358e-02
  -1.5698683e-02
  -0.0000000e+00
   0.0000000e+00
   0.0000000e+00
  -0.0000000e+00
  -2.2131614e-02
  -2.4499750e-02
  -3.0227225e-02
  -4.7110543e-02
  -4.9493629e-02
  -5.2175757e-02
  -5.1262289e-02
  -5.2900758e-02
  -4.7989119e-02
  -4.7051810e-02
  -3.8877655e-02
  -3.7188210e-02
  -3.7422549e-02
  -3.5109632e-02
  -3.6876343e-02
  -2.0185016e-02
  -0.0000000e+00
   7.8254319e-04
   5.5612935e-03
   0.0000000e+00
  -0.0000000e+00
  -1.4973476e-02
  -0.0000000e+00
  -2.2936512e-02
  -3.4401648e-02
  -3.0456068e-02
  -3.0353982e-02
  -2.7162706e-02
  -2.4849921e-02
  -2.9241897e-02
  -3.5824168e-02
  -2.2824783e-02
  -0.0000000e+00
   0.0000000e+00
   0.0000000e+00
  -0.0000000e+00
  -3.4783974e-02
  -3.8973745e-02
  -4.6305560e-02
  -5.3141125e-02
  -5.6602679e-02
  -6.0011353e-02
  -5.8322184e-02
  -5.8763657e-02
  -5.2832302e-02
  -5.1662557e-02
  -4.4911198e-02
  -4.4865455e-02
  -4.8521101e-02
  -4.6196099e-02
  -4.5816161e-02
  -2.3691514e-02
  -1.1631723e-02
   3.7307724e-03
   6.8586732e-03
   0.0000000e+00
  -0.0000000e+00
  -1.8840903e-02
  -2.4997217e-02
  -3.4591511e-02
  -4.9015354e-02
  -4.4304617e-02
  -2.8168035e-02
  -0.0000000e+00
  -0.0000000e+00
  -3.1904660e-02
  -4.1163351e-02
  -2.3470359e-02
   2.2741920e-05
   0.0000000e+00
   0.0000000e+00
  -0.0000000e+00
  -3.8449425e-02
  -4.3896124e-02
  -5.0505679e-02
  -5.1095761e-02
  -5.5782914e-02
  -6.0092006e-02
  -5.7223614e-02
  -5.5890840e-02
  -4.9684882e-02
  -4.6493642e-02
  -4.4297092e-02
  -4.6719868e-02
  -5.4555502e-02
  -5.1442973e-02
  -4.6668027e-02
  -2.5540981e-02
  -1.3306203e-02
  -7.9600939e-03
   2.5406897e-03
   0.0000000e+00
   0.0000000e+00
  -2.0692614e-02
  -3.7180394e-02
  -4.1935340e-02
  -5.0989095e-02
  -5.0380103e-02
  -1.9109298e-02
  -0.0000000e+00
   0.0000000e+00
  -0.0000000e+00
  -3.4772515e-02
  -2.0381549e-02
   3.5639295e-03
   0.0000000e+00
   0.0000000e+00
  -2.4887941e-02
  -3.6421604e-02
  -4.2031910e-02
  -4.5051053e-02
  -4.0185239e-02
  -4.4009399e-02
  -4.8393056e-02
  -4.5810644e-02
  -4.3570567e-02
  -3.9709110e-02
  -3.5455823e-02
  -3.7939858e-02
  -4.2479116e-02
  -5.2223302e-02
  -4.8954364e-02
  -4.1883435e-02
  -2.7036073e-02
  -1.7230725e-02
  -1.3307663e-02
   5.6675356e-05
   0.0000000e+00
   0.0000000e+00
  -0.0000000e+00
  -4.0433846e-02
  -4.3834645e-02
  -3.6456458e-02
  -3.6859024e-02
  -9.8342085e-03
   1.0421711e-03
  -1.8642257e-03
   0.0000000e+00
  -2.1593094e-02
  -1.6629778e-02
   4.9762111e-03
   0.0000000e+00
  -0.0000000e+00
  -1.7255737e-02
  -2.7868221e-02
  -3.1657781e-02
  -3.2010417e-02
  -3.3158403e-02
  -3.4755863e-02
  -3.8138010e-02
  -3.7143294e-02
  -3.5757888e-02
  -3.4503896e-02
  -3.2078382e-02
  -3.6412071e-02
  -3.9736398e-02
  -4.7201812e-02
  -4.5068096e-02
  -3.7942465e-02
  -2.7379587e-02
  -1.9342680e-02
  -1.2611153e-02
   3.9098173e-03
   0.0000000e+00
   0.0000000e+00
   0.0000000e+00
  -3.2614557e-02
  -3.6537006e-02
  -3.1056931e-02
  -2.4345594e-02
  -4.1692462e-03
   4.9053119e-03
   7.3483689e-03
   0.0000000e+00
  -0.0000000e+00
  -1.3584518e-02
   2.5903028e-03
   1.0995373e-02
  -0.0000000e+00
  -2.1230131e-02
  -2.3398800e-02
  -2.5734171e-02
  -2.6115565e-02
  -3.0090241e-02
  -3.0423010e-02
  -3.2698698e-02
  -3.3090994e-02
  -3.2381304e-02
  -3.3356346e-02
  -3.2529224e-02
  -3.7601519e-02
  -3.9316513e-02
  -4.3797936e-02
  -4.2529028e-02
  -3.4917124e-02
  -2.7702600e-02
  -1.8727433e-02
  -8.5879648e-03
   8.3944027e-03
   0.0000000e+00
   0.0000000e+00
   0.0000000e+00
  -2.3670738e-02
  -3.0493305e-02
  -3.1206720e-02
  -1.9612666e-02
  -2.6439836e-03
   4.3432834e-03
   9.7484337e-03
   6.1795853e-03
   0.0000000e+00
  -1.2019744e-02
  -1.8046059e-03
   1.6971400e-03
  -1.7455142e-02
  -2.6365506e-02
  -2.2724399e-02
  -2.4525849e-02
  -2.4796164e-02
  -2.8812878e-02
  -2.8821807e-02
  -2.9468132e-02
  -3.1262070e-02
  -3.1041842e-02
  -3.4669179e-02
  -3.5506397e-02
  -4.0705740e-02
  -4.0338341e-02
  -4.0419154e-02
  -3.9684758e-02
  -3.0560002e-02
  -2.6949843e-02
  -1.3140425e-02
   1.4698926e-03
   1.0926592e-02
   0.0000000e+00
   0.0000000e+00
  -0.0000000e+00
  -1.2243531e-02
  -2.6369993e-02
  -3.6093131e-02
  -2.2121437e-02
  -5.0060591e-03
  -2.0217036e-03
   8.2886992e-03
   1.0428127e-02
   0.0000000e+00
  -0.0000000e+00
  -9.4462913e-03
  -8.6741038e-03
  -2.2989625e-02
  -3.1666640e-02
  -2.4287108e-02
  -2.7057773e-02
  -2.6354983e-02
  -2.6904715e-02
  -2.6472157e-02
  -2.6725573e-02
  -2.8282786e-02
  -2.7628126e-02
  -3.1374186e-02
  -3.1728122e-02
  -3.6380585e-02
  -3.5741076e-02
  -3.4798663e-02
  -3.4120250e-02
  -2.5007337e-02
  -2.3248803e-02
  -5.5733146e-03
   9.4416317e-03
   1.0988107e-02
   0.0000000e+00
   0.0000000e+00
  -0.0000000e+00
  -9.4649208e-03
  -2.0769914e-02
  -3.1596363e-02
  -2.5424058e-02
  -1.2012050e-02
  -8.6503988e-03
  -1.5804452e-03
   5.5808602e-03
   0.0000000e+00
  -0.0000000e+00
  -1.6788930e-02
  -1.8418271e-02
  -2.6124118e-02
  -2.8288571e-02
  -2.4420252e-02
  -2.7519051e-02
  -2.5219534e-02
  -2.2599675e-02
  -2.1460595e-02
  -2.1541074e-02
  -2.2324741e-02
  -2.1493752e-02
  -2.3952721e-02
  -2.3740945e-02
  -2.6997872e-02
  -2.6563970e-02
  -2.5724446e-02
  -2.4598785e-02
  -1.8538943e-02
  -1.6935773e-02
  -3.3860255e-03
   9.7047016e-03
   1.1088109e-02
   0.0000000e+00
   0.0000000e+00
  -0.0000000e+00
  -1.0053710e-02
  -1.3417686e-02
  -2.0698790e-02
  -2.0874599e-02
  -1.6111946e-02
  -1.0670874e-02
  -5.8579044e-03
   4.4951515e-04
   3.2203327e-04
  -0.0000000e+00
  -1.8423470e-02
  -1.8563308e-02
  -2.2438550e-02
  -2.3048908e-02
  -2.1518670e-02
  -2.3672940e-02
  -2.1189969e-02
  -2.1938477e-02
  -2.0416755e-02
  -2.0866729e-02
  -2.1321824e-02
  -2.1573965e-02
  -2.3615889e-02
  -2.3906857e-02
  -2.6783742e-02
  -2.7239528e-02
  -2.7768323e-02
  -2.6574872e-02
  -2.2337131e-02
  -1.8865986e-02
  -5.0786054e-03
   6.2855878e-03
   9.5337750e-03
   0.0000000e+00
   0.0000000e+00
  -0.0000000e+00
  -1.2639725e-02
  -8.6335419e-03
  -6.1740871e-03
  -1.5953662e-02
  -2.0805072e-02
  -1.4733854e-02
  -1.2449266e-02
  -7.1720709e-03
  -3.6206865e-03
  -1.2339192e-02
  -1.9750590e-02
  -1.7676990e-02
  -1.9933905e-02
  -2.0604908e-02
  -2.1586206e-02
  -2.2442117e-02
  -2.0498974e-02
  -1.8446939e-02
  -1.6851578e-02
  -1.6914656e-02
  -1.6376153e-02
  -1.8202409e-02
  -1.8970078e-02
  -1.9765943e-02
  -2.0950753e-02
  -2.1877863e-02
  -2.4076190e-02
  -2.4074269e-02
  -2.5475159e-02
  -1.9995697e-02
  -1.4325602e-02
  -5.9148320e-03
   2.6583808e-03
   0.0000000e+00
   0.0000000e+00
   0.0000000e+00
  -1.7321698e-02
  -9.0590009e-05
   7.3111040e-03
  -0.0000000e+00
  -1.7931858e-02
  -1.9282503e-02
  -1.8638743e-02
  -1.4868098e-02
  -1.2680493e-02
  -1.7349375e-02
  -1.7209442e-02
  -1.2749422e-02
  -1.5459769e-02
  -1.7545003e-02
  -1.9895781e-02
  -1.9122660e-02
  -1.8545130e-02
  -1.7624836e-02
  -1.5942639e-02
  -1.5657770e-02
  -1.4983486e-02
  -1.6894493e-02
  -1.7965045e-02
  -1.8347986e-02
  -1.8891014e-02
  -2.0115802e-02
  -2.3439681e-02
  -2.5523435e-02
  -2.9251311e-02
  -2.5880942e-02
  -2.6424449e-02
  -2.5784668e-02
  -1.7195644e-02
  -1.6383268e-02
  -1.2520458e-02
  -1.2270099e-02
  -1.7021479e-02
   3.5428011e-03
   7.2178731e-03
  -0.0000000e+00
  -1.1257213e-02
  -1.7433980e-02
  -2.0494202e-02
  -2.0500377e-02
  -2.4009669e-02
  -2.2824280e-02
  -1.7687580e-02
  -1.4540686e-02
  -1.7303826e-02
  -1.8903283e-02
  -1.9844852e-02
  -1.9974045e-02
  -1.9247364e-02
  -2.1679109e-02
  -1.9990964e-02
  -1.9486496e-02
  -1.9104181e-02
  -2.0345671e-02
  -2.1710301e-02
  -2.1595143e-02
  -2.2105122e-02
  -2.3533145e-02
  -2.6744595e-02
  -2.9491231e-02
  -3.2972921e-02
  -3.2214280e-02
  -3.4942988e-02
  -4.0905502e-02
  -3.0419483e-02
  -2.2735712e-02
  -1.8339807e-02
  -1.7412173e-02
  -1.7070619e-02
   4.6828575e-04
   0.0000000e+00
  -1.3093175e-02
  -8.9466178e-03
  -1.5239221e-02
  -2.1540986e-02
  -2.5355535e-02
  -3.0607935e-02
  -2.6946060e-02
  -2.2033760e-02
  -2.0758623e-02
  -2.2768933e-02
  -2.3922285e-02
  -2.4126768e-02
  -2.4940675e-02
  -2.3792082e-02
  -3.2053255e-02
  -3.0233560e-02
  -2.9396361e-02
  -2.9639160e-02
  -2.9591862e-02
  -3.1196287e-02
  -3.0421318e-02
  -3.1231260e-02
  -3.2745499e-02
  -3.4849636e-02
  -3.7447397e-02
  -3.8792171e-02
  -4.1156694e-02
  -4.3612175e-02
  -5.6879580e-02
  -5.4009225e-02
  -3.2623652e-02
  -2.9380152e-02
  -2.8009226e-02
  -1.7492361e-02
  -9.1553228e-03
  -0.0000000e+00
  -1.3637833e-02
  -1.2117423e-02
  -1.4114033e-02
  -2.3865012e-02
  -3.2146681e-02
  -3.6517225e-02
  -3.2777123e-02
  -3.1247403e-02
  -3.2321632e-02
  -3.3156101e-02
  -3.4164019e-02
  -3.4289617e-02
  -3.5769153e-02
  -3.4019873e-02
  -4.6142440e-02
  -4.4718035e-02
  -4.3084092e-02
  -4.3704022e-02
  -4.3658018e-02
  -4.5002375e-02
  -4.4850688e-02
  -4.5262638e-02
  -4.6019640e-02
  -4.5160685e-02
  -4.5954924e-02
  -4.4852845e-02
  -4.7732145e-02
  -4.9909659e-02
  -5.9512116e-02
  -6.0125332e-02
  -3.7922375e-02
  -3.8627852e-02
  -3.5690065e-02
  -2.3500497e-02
  -2.3238294e-02
  -1.8177717e-02
  -2.2161055e-02
  -2.4183305e-02
  -1.9256364e-02
  -3.0951867e-02
  -3.8932327e-02
  -3.9497640e-02
  -4.1509219e-02
  -4.0968303e-02
  -4.2899374e-02
  -4.3531518e-02
  -4.5491923e-02
  -4.6960156e-02
  -4.8172589e-02
  -4.7709197e-02
  -5.1548857e-02
  -5.0459698e-02
  -4.8543964e-02
  -4.9271073e-02
  -5.0031517e-02
  -5.0417822e-02
  -5.1140878e-02
  -5.0841395e-02
  -4.9988739e-02
  -4.8126750e-02
  -4.7218286e-02
  -4.5199215e-02
  -4.5847964e-02
  -4.6841029e-02
  -5.1285796e-02
  -5.2206669e-02
  -3.8476408e-02
  -3.4406930e-02
  -2.9599385e-02
  -2.4510991e-02
  -2.5056524e-02
  -1.7339407e-02
  -2.3636244e-02
  -2.8437160e-02
  -2.4043551e-02
  -3.4456838e-02
  -3.8981393e-02
  -4.0051077e-02
  -4.4083327e-02
  -4.2080339e-02
  -4.3897882e-02
  -4.5317803e-02
  -4.8945397e-02
  -5.1316760e-02
  -5.2006677e-02
  -5.3033721e-02
  -4.6345491e-02
  -4.5686089e-02
  -4.4435512e-02
  -4.5139369e-02
  -4.6241596e-02
  -4.6116091e-02
  -4.7301721e-02
  -4.6493851e-02
  -4.5037702e-02
  -4.3381616e-02
  -4.1372877e-02
  -3.9384656e-02
  -3.7501115e-02
  -3.7103131e-02
  -3.9251313e-02
  -4.0766984e-02
  -3.3897381e-02
  -2.3989284e-02
  -1.8203245e-02
  -1.7521707e-02
  -1.6352456e-02
  -1.1463806e-02
  -1.7138796e-02
  -2.1849792e-02
  -2.1009985e-02
  -2.8895713e-02
  -3.2487690e-02
  -3.4268834e-02
  -3.7124924e-02
  -3.5664506e-02
  -3.7293199e-02
  -3.8724404e-02
  -4.2348560e-02
  -4.5471352e-02
  -4.6375837e-02
  -4.7558907e-02
  -2.9794795e-02
  -2.9607540e-02
  -2.9790688e-02
  -3.0371215e-02
  -3.1455025e-02
  -3.1243481e-02
  -3.2476690e-02
  -3.1582695e-02
  -3.0400835e-02
  -2.9724972e-02
  -2.7226483e-02
  -2.5725598e-02
  -2.1571832e-02
  -2.0249756e-02
  -2.2977879e-02
  -2.5221476e-02
  -2.2817463e-02
  -1.0912130e-02
  -0.0000000e+00
  -5.6030607e-03
  -3.5295798e-03
  -1.9917933e-03
  -2.7989529e-03
  -3.7803829e-03
  -7.4323186e-03
  -1.1385604e-02
  -1.6083207e-02
  -1.8118875e-02
  -1.8322259e-02
  -1.9412016e-02
  -2.1141363e-02
  -2.2527754e-02
  -2.4997689e-02
  -2.8492628e-02
  -2.9985948e-02
  -3.0440101e-02
  -1.4354602e-03
  -1.6874106e-03
  -3.1195895e-03
  -3.3763978e-03
  -4.3396153e-03
  -4.4348114e-03
  -5.4780147e-03
  -5.4805637e-03
  -5.2726273e-03
  -5.5709644e-03
  -3.2800166e-03
  -2.2989295e-03
   2.1837833e-03
   3.0080520e-03
  -1.1183214e-03
  -1.5168134e-03
  -1.0239969e-03
   3.0170676e-03
   0.0000000e+00
   0.0000000e+00
   0.0000000e+00
   6.6845047e-03
   1.8680614e-02
   2.5364037e-02
   1.8381260e-02
   2.1717987e-02
   1.6755765e-02
   1.5704945e-02
   1.5607796e-02
   1.0763411e-02
   8.0615198e-03
   4.9147317e-03
   2.9196455e-03
   1.3883505e-04
  -1.1425132e-03
  -1.1689162e-03
   3.1182015e-02
   3.0445518e-02
   2.8970079e-02
   2.9146440e-02
   2.7431890e-02
   2.7800485e-02
   2.6358044e-02
   2.6178624e-02
   2.6045691e-02
   2.5635019e-02
   2.7786199e-02
   2.7794741e-02
   3.2572899e-02
   3.0210320e-02
   2.7966101e-02
   3.3044975e-02
   2.6319243e-02
   1.4586388e-02
   0.0000000e+00
   0.0000000e+00
   0.0000000e+00
   2.0397021e-02
   4.3477404e-02
   5.5946524e-02
   5.1067681e-02
   5.9676535e-02
   5.9294686e-02
   6.0788382e-02
   5.5930357e-02
   5.0284322e-02
   4.5950770e-02
   3.9185777e-02
   3.5744168e-02
   3.3376880e-02
   3.3427041e-02
   3.1710096e-02
   5.7366703e-02
   5.6798790e-02
   5.6253746e-02
   5.6508843e-02
   5.4395720e-02
   5.5244941e-02
   5.3729091e-02
   5.6012537e-02
   5.5374805e-02
   5.5775527e-02
   5.8265518e-02
   5.7531677e-02
   6.1093118e-02
   5.5227984e-02
   6.1613183e-02
   6.9720745e-02
   4.8867233e-02
   0.0000000e+00
   0.0000000e+00
   0.0000000e+00
   0.0000000e+00
   3.5911957e-02
   6.0491644e-02
   6.7582674e-02
   6.8216249e-02
   7.5285070e-02
   7.9780340e-02
   8.7421358e-02
   8.3767585e-02
   8.2592770e-02
   7.6725841e-02
   6.7488901e-02
   6.2683903e-02
   5.9659220e-02
   5.9936456e-02
   5.6865174e-02
   6.9681108e-02
   6.9360413e-02
   6.9664933e-02
   7.0023604e-02
   6.9741771e-02
   7.1660213e-02
   7.2454341e-02
   7.5016968e-02
   7.3887445e-02
   7.5359859e-02
   7.6913960e-02
   7.5952768e-02
   7.5469226e-02
   7.1438119e-02
   8.2229860e-02
   8.4827125e-02
   6.4095646e-02
   4.5381615e-02
   3.6034178e-02
   4.1592632e-02
   4.8020719e-02
   5.0846294e-02
   5.8814771e-02
   5.9623875e-02
   6.4934433e-02
   7.2098427e-02
   7.5228900e-02
   8.3772831e-02
   8.6855181e-02
   8.8281259e-02
   8.3262511e-02
   7.7588663e-02
   7.3971204e-02
   7.0974194e-02
   7.1406804e-02
   6.9399081e-02
   6.7842044e-02
   6.8034865e-02
   6.8017721e-02
   6.8317629e-02
   7.0815772e-02
   7.3863328e-02
   7.6566033e-02
   7.5657114e-02
   7.6028191e-02
   7.8169823e-02
   7.6287493e-02
   7.5994462e-02
   7.3154710e-02
   7.3180437e-02
   7.8547038e-02
   7.3872559e-02
   7.0577122e-02
   6.7078292e-02
   6.2722251e-02
   6.8542086e-02
   6.5128379e-02
   5.0303161e-02
   4.4171352e-02
   4.2278152e-02
   4.6340592e-02
   5.8217619e-02
   6.0731173e-02
   6.1792146e-02
   6.7487396e-02
   6.8866223e-02
   6.6223368e-02
   6.5577872e-02
   6.6186279e-02
   6.5942951e-02
   6.6439010e-02
   6.7711562e-02
   4.3351747e-02
   4.5404576e-02
   4.6448052e-02
   4.7579955e-02
   4.9804453e-02
   5.0544005e-02
   5.1488433e-02
   4.9962979e-02
   5.3560652e-02
   5.3711858e-02
   4.8939832e-02
   4.8753213e-02
   4.5775745e-02
   4.8842225e-02
   4.9494676e-02
   4.4518065e-02
   5.1976349e-02
   6.1016090e-02
   6.4907491e-02
   6.2289707e-02
   4.7552414e-02
   3.0658681e-02
   1.9828662e-02
   1.7334277e-02
   1.6749693e-02
   2.5418093e-02
   3.1585339e-02
   2.7211044e-02
   2.8948981e-02
   3.1363636e-02
   3.0164495e-02
   3.0079139e-02
   3.3173408e-02
   3.7555754e-02
   3.9878551e-02
   4.2169940e-02
   5.6428988e-03
   9.1602830e-03
   1.1696458e-02
   1.2371218e-02
   1.1161763e-02
   9.6161319e-03
   9.2329737e-03
   9.4772596e-03
   1.0741703e-02
   8.7013021e-03
   5.5375914e-03
   4.7538178e-03
   3.8249504e-03
   7.0497473e-03
   8.2708476e-03
   5.6673032e-03
   8.5068028e-03
   1.1470944e-02
   1.1306437e-02
   8.8815279e-03
   6.1144191e-03
   2.3313742e-03
  -3.1691482e-03
  -6.9744904e-03
  -1.1652795e-02
  -1.2572601e-02
  -1.0773285e-02
  -1.3901605e-02
  -1.3874654e-02
  -1.0682133e-02
  -1.0304795e-02
  -9.9633243e-03
  -6.9722356e-03
  -2.7786468e-03
   2.5207875e-04
   2.8796846e-03
  -2.1815589e-02
  -2.0909078e-02
  -2.0914538e-02
  -2.2189528e-02
  -2.4088148e-02
  -2.5588049e-02
  -2.6234638e-02
  -2.6766244e-02
  -2.8343860e-02
  -2.9975632e-02
  -3.0151315e-02
  -2.8478792e-02
  -2.7275734e-02
  -2.7360199e-02
  -2.8570188e-02
  -2.8847110e-02
  -2.5817409e-02
  -2.1516282e-02
  -1.8351456e-02
  -1.6551243e-02
  -1.6074784e-02
  -1.6810788e-02
  -1.8480679e-02
  -2.0435749e-02
  -2.3705220e-02
  -2.8889680e-02
  -3.3893984e-02
  -3.7073784e-02
  -3.8300864e-02
  -3.8390301e-02
  -3.7915867e-02
  -3.5733830e-02
  -3.1995710e-02
  -2.8594209e-02
  -2.5639549e-02
  -2.3217143e-02
