   1.1077378e-02
   6.3526584e-03
   2.3450598e-03
  -6.2020001e-04
  -3.0091177e-03
  -4.6176510e-03
  -5.6887656e-03
  -6.3924035e-03
  -6.6209600e-03
  -6.4695480e-03
  -5.9767251e-03
  -4.0681443e-03
  -0.0000000e+00
   0.0000000e+00
   0.0000000e+00
   0.0000000e+00
   0.0000000e+00
   0.0000000e+00
   0.0000000e+00
   0.0000000e+00
   0.0000000e+00
   0.0000000e+00
   0.0000000e+00
   0.0000000e+00
   0.0000000e+00
   0.0000000e+00
   0.0000000e+00
   0.0000000e+00
   0.0000000e+00
   0.0000000e+00
   1.4053907e-02
   2.0930856e-02
   2.5000717e-02
   2.5537714e-02
   2.1917869e-02
   1.6215947e-02
   0.0000000e+00
   0.0000000e+00
   0.0000000e+00
   0.0000000e+00
   0.0000000e+00
  -0.0000000e+00
   0.0000000e+00
   0.0000000e+00
   0.0000000e+00
   5.0995189e-04
   2.2792237e-03
   4.3382382e-03
   4.8732586e-03
   0.0000000e+00
   0.0000000e+00
   0.0000000e+00
   0.0000000e+00
   0.0000000e+00
   0.0000000e+00
   0.0000000e+00
   0.0000000e+00
   0.0000000e+00
   0.0000000e+00
   0.0000000e+00
   0.0000000e+00
   0.0000000e+00
   0.0000000e+00
   0.0000000e+00
   0.0000000e+00
   0.0000000e+00
   0.0000000e+00
   0.0000000e+00
   3.5913014e-02
   3.3036792e-02
   2.3259194e-02
   0.0000000e+00
   1.9928171e-03
  -9.7028695e-03
  -1.2341070e-02
  -1.2615542e-02
  -1.2675857e-02
  -1.1379194e-02
  -9.9577270e-03
  -8.9032147e-03
  -1.0056711e-02
  -1.0429917e-02
  -1.1771736e-03
   2.0152114e-03
  -3.4185807e-03
  -3.3549847e-03
   2.4011769e-04
   8.5852097e-04
  -1.9177081e-03
  -0.0000000e+00
   0.0000000e+00
   0.0000000e+00
   0.0000000e+00
   0.0000000e+00
   0.0000000e+00
   0.0000000e+00
   0.0000000e+00
   0.0000000e+00
   0.0000000e+00
   0.0000000e+00
   0.0000000e+00
   0.0000000e+00
   0.0000000e+00
   0.0000000e+00
   3.2890815e-02
   2.9291547e-02
   1.8331732e-02
   1.3113108e-02
  -1.4720732e-02
  -2.9034814e-02
  -3.2473072e-02
  -3.3638235e-02
  -3.3080056e-02
  -2.7771022e-02
  -2.3832409e-02
  -1.8320378e-02
  -1.6494082e-02
  -1.7253222e-02
  -9.0166423e-03
  -8.6255474e-03
  -0.0000000e+00
  -0.0000000e+00
  -0.0000000e+00
  -0.0000000e+00
  -0.0000000e+00
  -0.0000000e+00
   0.0000000e+00
   0.0000000e+00
   0.0000000e+00
   0.0000000e+00
   0.0000000e+00
   0.0000000e+00
   0.0000000e+00
   0.0000000e+00
   0.0000000e+00
   0.0000000e+00
   0.0000000e+00
   0.0000000e+00
   0.0000000e+00
   0.0000000e+00
   1.6736626e-02
   1.2800404e-02
   5.0658727e-03
  -4.9743371e-04
  -3.3773743e-02
  -4.2102411e-02
  -4.1621659e-02
  -3.9100826e-02
  -3.3905052e-02
  -2.6499968e-02
  -2.2394054e-02
  -1.7029660e-02
  -1.5086623e-02
  -1.7520163e-02
  -1.3489545e-02
  -2.1619186e-02
  -0.0000000e+00
   0.0000000e+00
   0.0000000e+00
   0.0000000e+00
   0.0000000e+00
   0.0000000e+00
   0.0000000e+00
   0.0000000e+00
  -0.0000000e+00
  -3.7870533e-03
  -1.7484660e-02
  -0.0000000e+00
   0.0000000e+00
   0.0000000e+00
   0.0000000e+00
   0.0000000e+00
   0.0000000e+00
   0.0000000e+00
   0.0000000e+00
   0.0000000e+00
  -4.3529871e-04
  -8.0123182e-04
  -1.0555982e-02
  -2.2468692e-02
  -4.1564111e-02
  -4.2447254e-02
  -3.5833627e-02
  -2.9895103e-02
  -2.3928199e-02
  -1.8023172e-02
  -1.4766523e-02
  -1.2515770e-02
  -1.3038988e-02
  -1.5579861e-02
  -1.7990544e-02
  -2.6727788e-02
  -2.8701472e-02
   0.0000000e+00
   0.0000000e+00
   0.0000000e+00
   0.0000000e+00
   0.0000000e+00
   0.0000000e+00
  -0.0000000e+00
  -9.8120783e-03
  -1.8340694e-02
  -3.3900607e-02
  -0.0000000e+00
   0.0000000e+00
   0.0000000e+00
   0.0000000e+00
  -1.4599160e-02
  -1.4795749e-02
  -0.0000000e+00
   0.0000000e+00
   0.0000000e+00
  -5.1586707e-03
  -5.2820747e-03
  -1.9722113e-02
  -3.6272269e-02
  -3.8223993e-02
  -3.4877341e-02
  -2.5671566e-02
  -1.9454200e-02
  -1.5012659e-02
  -1.0537526e-02
  -9.1073262e-03
  -8.7541956e-03
  -1.1577649e-02
  -1.4805713e-02
  -1.7227035e-02
  -2.0464795e-02
  -1.3828208e-02
   0.0000000e+00
   0.0000000e+00
   0.0000000e+00
   0.0000000e+00
   0.0000000e+00
   0.0000000e+00
  -6.0947510e-03
  -2.0468248e-02
  -3.4972973e-02
  -3.5877626e-02
  -0.0000000e+00
   0.0000000e+00
   0.0000000e+00
  -1.0933261e-02
  -1.5162700e-02
  -1.4680215e-02
  -1.2336506e-02
   0.0000000e+00
   0.0000000e+00
  -3.8289689e-03
  -9.6183326e-03
  -2.6016021e-02
  -3.9261218e-02
  -2.4258696e-02
  -2.1013521e-02
  -1.4180242e-02
  -9.6944720e-03
  -6.4807241e-03
  -2.5792776e-03
  -2.6392417e-03
  -3.7245413e-03
  -8.8345055e-03
  -1.2732408e-02
  -1.2336626e-02
  -7.9217115e-03
   6.0096112e-04
   4.0535642e-03
   4.0879440e-03
   0.0000000e+00
   0.0000000e+00
  -2.2588523e-03
   9.8101663e-04
  -6.5210204e-04
  -2.2235824e-02
  -3.1210052e-02
  -2.1628298e-02
  -8.3987788e-03
  -6.3635418e-03
  -8.7443559e-03
  -9.8817207e-03
  -1.2545556e-02
  -1.6516050e-03
   5.2710202e-03
   0.0000000e+00
   0.0000000e+00
  -1.2838528e-03
  -1.3622378e-02
  -2.4738723e-02
  -2.8591741e-02
  -6.5529705e-03
  -5.8213733e-03
  -1.8386614e-03
   8.7504514e-04
   4.1291751e-03
   6.7648035e-03
   6.1742887e-03
   3.8075803e-03
  -4.3060151e-03
  -8.2956646e-03
  -6.3655055e-03
   2.7048565e-03
   1.3857794e-02
   1.3890937e-02
   1.0777294e-02
   0.0000000e+00
   0.0000000e+00
  -1.5054329e-03
   1.7669868e-03
   2.9181697e-03
  -1.1597317e-02
  -1.1965305e-02
  -8.7789475e-04
   4.5395489e-03
   1.0364603e-03
  -1.6353761e-03
  -2.5613063e-03
   9.3832111e-04
   1.9325798e-02
   1.9278346e-02
   0.0000000e+00
   0.0000000e+00
  -1.5680056e-03
  -1.1717502e-02
  -1.3984452e-02
  -1.0550818e-02
   5.3267065e-03
   5.4656779e-03
   9.6200649e-03
   1.1546576e-02
   1.4939203e-02
   1.5536130e-02
   1.4700548e-02
   1.1049679e-02
   8.2227250e-04
  -1.8146924e-03
   6.7943538e-04
   1.1598659e-02
   2.0461764e-02
   1.6993714e-02
   1.9690556e-02
   1.5545440e-02
  -0.0000000e+00
   2.9089534e-03
   4.9204241e-03
   0.0000000e+00
  -9.4673969e-04
   4.6546366e-03
   1.5457965e-02
   1.6927123e-02
   1.2541687e-02
   9.7975461e-03
   7.2740372e-03
   1.6229400e-02
   3.0362517e-02
   0.0000000e+00
   0.0000000e+00
   0.0000000e+00
  -0.0000000e+00
  -3.9036199e-03
  -4.5065896e-04
   4.2326618e-03
   1.1870752e-02
   1.2799568e-02
   1.7758012e-02
   1.9469822e-02
   2.2207737e-02
   2.1528522e-02
   1.9599251e-02
   1.5282761e-02
   5.1133861e-03
   5.0334809e-03
   8.4870700e-03
   1.8947586e-02
   2.3029864e-02
   0.0000000e+00
   2.4627604e-02
   2.1502581e-02
   0.0000000e+00
   0.0000000e+00
   5.8745799e-03
   0.0000000e+00
   6.3255602e-03
   1.3482881e-02
   2.6839240e-02
   2.3152923e-02
   1.7314404e-02
   1.5169783e-02
   1.2352451e-02
   2.5428295e-02
   3.1604122e-02
   0.0000000e+00
   0.0000000e+00
   0.0000000e+00
   0.0000000e+00
   4.8786076e-03
   9.8022120e-03
   1.2306840e-02
   1.4973992e-02
   1.7070390e-02
   2.2313913e-02
   2.3743656e-02
   2.5408624e-02
   2.3938458e-02
   2.0720845e-02
   1.6177736e-02
   8.0721984e-03
   1.0567671e-02
   1.4796418e-02
   2.3333788e-02
   2.2721031e-02
   1.1746358e-02
   3.1176523e-02
   3.0601732e-02
   0.0000000e+00
   0.0000000e+00
   4.9908860e-03
   2.3406817e-03
   1.2486098e-02
   1.7487716e-02
   3.3417176e-02
   2.6549935e-02
   0.0000000e+00
   0.0000000e+00
   1.4527093e-02
   2.8303774e-02
   2.7996790e-02
   1.3527341e-02
   0.0000000e+00
   0.0000000e+00
   0.0000000e+00
   1.2515471e-02
   1.5941193e-02
   1.5543457e-02
   1.5526507e-02
   1.8905161e-02
   2.3471752e-02
   2.4071826e-02
   2.4360768e-02
   2.2218864e-02
   1.7945834e-02
   1.3563448e-02
   9.6889390e-03
   1.4546373e-02
   1.9111784e-02
   2.4616294e-02
   2.0356288e-02
   1.0135482e-02
   2.3659757e-02
   2.7931172e-02
   0.0000000e+00
   0.0000000e+00
  -6.2285807e-04
   4.9943440e-03
   1.9117922e-02
   1.8345140e-02
   3.5095770e-02
   2.6633548e-02
   0.0000000e+00
   0.0000000e+00
   0.0000000e+00
   2.4864526e-02
   2.1684062e-02
   9.7219607e-03
   0.0000000e+00
   0.0000000e+00
   1.1591585e-02
   1.8230423e-02
   1.7416935e-02
   1.4866088e-02
   1.1867924e-02
   1.5818523e-02
   1.8572202e-02
   1.8208547e-02
   1.7822657e-02
   1.4991999e-02
   1.1382535e-02
   8.1617543e-03
   8.8765100e-03
   1.4427084e-02
   1.7942533e-02
   2.2029826e-02
   1.6877335e-02
   1.4307040e-02
   2.3560248e-02
   2.0687711e-02
   0.0000000e+00
   0.0000000e+00
  -0.0000000e+00
   1.2590960e-02
   2.3438789e-02
   1.7908560e-02
   2.8647697e-02
   2.0609988e-02
   5.5768779e-03
   3.0653348e-03
   0.0000000e+00
   1.7611628e-02
   1.6806317e-02
   9.0013808e-03
   0.0000000e+00
  -0.0000000e+00
   6.2363685e-03
   1.5575592e-02
   1.1385645e-02
   1.0051345e-02
   8.8191787e-03
   1.2107856e-02
   1.3698774e-02
   1.3801228e-02
   1.3053053e-02
   1.0062767e-02
   7.7728210e-03
   6.1818953e-03
   8.3889533e-03
   1.2967473e-02
   1.4689021e-02
   1.8391196e-02
   1.4002599e-02
   1.9365871e-02
   2.6637541e-02
   1.1701475e-02
   0.0000000e+00
   0.0000000e+00
   0.0000000e+00
   1.8205668e-02
   2.0067291e-02
   1.9369800e-02
   2.3557423e-02
   1.2110686e-02
   7.4809324e-04
  -4.6767498e-03
   0.0000000e+00
   0.0000000e+00
   1.3318367e-02
   8.1887357e-03
   1.6865922e-03
   0.0000000e+00
   6.7771147e-03
   9.2051849e-03
   6.2359283e-03
   6.6248528e-03
   7.6520126e-03
   1.0562625e-02
   1.1397442e-02
   1.2168721e-02
   1.1121661e-02
   8.5966401e-03
   7.4322992e-03
   6.8000453e-03
   9.4625708e-03
   1.2479385e-02
   1.3187996e-02
   1.5973460e-02
   1.2466067e-02
   2.1509958e-02
   2.5472503e-02
   4.5336547e-03
  -0.0000000e+00
   0.0000000e+00
   0.0000000e+00
   1.8806090e-02
   1.6351679e-02
   2.1135047e-02
   2.0209011e-02
   6.4010448e-03
   1.8454005e-04
  -5.9970049e-03
  -1.1655562e-03
   0.0000000e+00
   1.1625125e-02
   7.0367078e-03
  -4.7612450e-03
  -1.1393993e-03
   8.5434988e-03
   5.4680565e-03
   4.3579065e-03
   5.5773957e-03
   7.6878471e-03
   1.0486370e-02
   1.0704258e-02
   1.2282729e-02
   1.0942912e-02
   9.8731173e-03
   1.0057306e-02
   9.8391240e-03
   1.2346735e-02
   1.2708358e-02
   1.3215861e-02
   1.3803883e-02
   1.1210330e-02
   1.9220265e-02
   1.6651965e-02
   2.7654577e-04
  -0.0000000e+00
   0.0000000e+00
   0.0000000e+00
   1.1783873e-02
   1.2294672e-02
   2.2944655e-02
   1.6517939e-02
   3.1012474e-03
   2.9927120e-03
  -4.1831429e-03
  -6.0958041e-03
   0.0000000e+00
   0.0000000e+00
   4.4217273e-03
  -7.3557617e-03
   3.5431236e-05
   1.0514191e-02
   3.5687604e-03
   5.2585816e-03
   6.3900268e-03
   7.7553876e-03
   1.0662876e-02
   1.0858155e-02
   1.1844375e-02
   1.1157919e-02
   1.0880163e-02
   1.1781325e-02
   1.0720542e-02
   1.3084446e-02
   1.1549547e-02
   1.3583329e-02
   1.1398286e-02
   7.7552241e-03
   1.0029071e-02
  -1.9265106e-03
   9.7630217e-04
   0.0000000e+00
   0.0000000e+00
   0.0000000e+00
   3.1075892e-03
   1.1396577e-02
   2.0635759e-02
   8.8891620e-03
   4.8590829e-03
   3.9207572e-03
   1.3149519e-03
  -7.4111721e-03
  -0.0000000e+00
   0.0000000e+00
   1.1439442e-03
  -6.6751782e-03
   1.3746200e-03
   7.5053992e-03
   5.5299862e-03
   5.6782495e-03
   7.0200600e-03
   7.7991937e-03
   9.6820435e-03
   1.0232502e-02
   1.0541617e-02
   9.8822629e-03
   9.8647354e-03
   1.0431673e-02
   9.8489728e-03
   1.1475618e-02
   9.8177195e-03
   1.2021054e-02
   9.6329395e-03
   6.3103451e-03
   5.6710774e-03
  -9.8287724e-03
  -1.3068679e-03
   0.0000000e+00
   0.0000000e+00
   0.0000000e+00
   5.6780991e-04
   6.5411391e-03
   1.8336030e-02
   7.0589036e-03
   3.9994973e-03
   2.0967042e-03
   1.2454861e-03
  -7.0649167e-03
  -1.3402020e-02
   0.0000000e+00
   9.2692761e-04
  -4.1203308e-03
   2.5704419e-03
   6.3784309e-03
   6.6301497e-03
   6.2870467e-03
   7.0798099e-03
   7.1847895e-03
   8.4514823e-03
   9.8201875e-03
   9.9886069e-03
   9.5688226e-03
   1.0077820e-02
   1.0659763e-02
   1.1037520e-02
   1.2390933e-02
   1.0712293e-02
   1.2744394e-02
   8.4377220e-03
   4.7284961e-03
   7.6227868e-04
  -1.5270265e-02
  -4.3956619e-03
   0.0000000e+00
   0.0000000e+00
   0.0000000e+00
  -8.6904927e-04
   3.8351333e-03
   1.5522278e-02
   6.5450012e-03
   2.3495681e-03
  -1.3072868e-03
  -2.6853944e-03
  -8.0218129e-03
  -1.3603256e-02
  -4.7810833e-03
   6.9909723e-04
  -2.8054970e-03
   1.7791057e-03
   3.8982292e-03
   5.4401844e-03
   5.3782053e-03
   5.8418806e-03
   3.4516943e-03
   3.4015055e-03
   5.3467988e-03
   6.2148152e-03
   5.2482486e-03
   6.0881898e-03
   5.5753142e-03
   8.0000358e-03
   8.2636746e-03
   7.1176230e-03
   7.0344401e-03
   2.1813135e-03
   1.3832419e-05
  -6.4473390e-03
  -1.5970413e-02
  -1.0903552e-02
  -0.0000000e+00
   0.0000000e+00
   0.0000000e+00
  -9.6584552e-04
  -8.3873788e-04
   1.0156669e-02
   0.0000000e+00
  -2.3490165e-03
  -7.3847268e-03
  -1.2652732e-02
  -1.0945930e-02
  -1.2360004e-02
  -8.7756528e-03
  -2.7269506e-04
  -1.1928931e-03
   1.6312132e-03
   1.4128487e-03
   6.1941455e-04
   2.6761317e-03
   1.4922852e-03
  -2.6756926e-03
  -2.2430564e-03
  -7.1424065e-04
   8.8363077e-04
   5.7213422e-04
   4.1717340e-04
   5.0983211e-04
   2.5090706e-03
   3.3575380e-03
   2.0564164e-03
   7.6514925e-04
  -3.1834939e-03
  -5.6297276e-03
  -1.0379343e-02
  -1.8720556e-02
  -1.8250950e-02
  -2.2646708e-02
  -2.8390383e-02
  -1.8195541e-02
  -7.9985053e-03
  -4.6989862e-03
   1.5224520e-03
   0.0000000e+00
  -2.0574608e-03
  -1.0553745e-02
  -1.7193073e-02
  -1.5033001e-02
  -1.4252719e-02
  -1.0039978e-02
  -4.8308517e-03
  -4.2198817e-03
  -2.1264392e-03
  -3.5685454e-03
  -4.5687985e-03
  -3.4695172e-03
  -4.2064334e-03
  -8.4523140e-03
  -7.4069081e-03
  -6.2302435e-03
  -4.4218157e-03
  -3.9627324e-03
  -4.7737346e-03
  -4.3500569e-03
  -3.1426591e-03
  -1.7763663e-03
  -2.8093024e-03
  -4.0913061e-03
  -7.1809217e-03
  -1.0366620e-02
  -1.3862600e-02
  -2.2021947e-02
  -1.9331595e-02
  -2.1946087e-02
  -2.8782250e-02
  -2.0464331e-02
  -1.3994598e-02
  -8.6864280e-03
  -0.0000000e+00
  -6.9146963e-03
  -1.9224582e-03
  -1.0498875e-02
  -1.6564894e-02
  -1.6078824e-02
  -1.6276913e-02
  -1.1191705e-02
  -9.2920717e-03
  -8.7284045e-03
  -6.9734729e-03
  -8.0105690e-03
  -8.6013516e-03
  -8.9460956e-03
  -9.3555506e-03
  -1.5813505e-02
  -1.3971921e-02
  -1.3006645e-02
  -1.1315732e-02
  -9.9028051e-03
  -1.1130301e-02
  -1.0609806e-02
  -1.0398894e-02
  -8.5842730e-03
  -8.9204153e-03
  -9.4101867e-03
  -1.1453784e-02
  -1.5698148e-02
  -1.8263485e-02
  -2.6695672e-02
  -2.4346914e-02
  -2.0579154e-02
  -2.6750851e-02
  -2.5317172e-02
  -2.1613454e-02
  -1.4291870e-02
  -0.0000000e+00
  -7.8921403e-03
  -2.1775418e-03
  -8.4938733e-03
  -1.2600042e-02
  -1.5697157e-02
  -1.9199282e-02
  -1.3828536e-02
  -1.5014082e-02
  -1.5435077e-02
  -1.3890944e-02
  -1.3442129e-02
  -1.3409585e-02
  -1.5583128e-02
  -1.5869744e-02
  -2.0404279e-02
  -1.8975250e-02
  -1.7621011e-02
  -1.5907697e-02
  -1.4601120e-02
  -1.5365828e-02
  -1.5822537e-02
  -1.5054249e-02
  -1.3645887e-02
  -1.2546588e-02
  -1.1965949e-02
  -1.2696804e-02
  -1.6871242e-02
  -2.0854179e-02
  -2.3520131e-02
  -2.2969479e-02
  -1.7601551e-02
  -1.8601503e-02
  -2.3751788e-02
  -2.4123408e-02
  -2.0131238e-02
  -1.5218136e-02
  -1.1876456e-02
  -6.8659633e-03
  -5.6134063e-03
  -8.9338431e-03
  -1.3889572e-02
  -1.8351180e-02
  -1.9348893e-02
  -1.8796062e-02
  -1.9697595e-02
  -1.8380420e-02
  -1.6596505e-02
  -1.7068358e-02
  -1.8610425e-02
  -2.0342367e-02
  -2.0420771e-02
  -1.9326150e-02
  -1.7909154e-02
  -1.6004264e-02
  -1.5227416e-02
  -1.5422722e-02
  -1.6193988e-02
  -1.5274432e-02
  -1.3878390e-02
  -1.2590683e-02
  -1.1749571e-02
  -1.1434373e-02
  -1.3297677e-02
  -1.5574184e-02
  -1.5367785e-02
  -2.1337232e-02
  -2.1790788e-02
  -1.5629992e-02
  -1.7996158e-02
  -1.8545149e-02
  -1.7997146e-02
  -1.4009846e-02
  -8.6819641e-03
  -8.7329019e-03
  -5.9732752e-03
  -6.8403813e-03
  -1.2192069e-02
  -1.4777225e-02
  -1.9635336e-02
  -1.8901782e-02
  -1.7604088e-02
  -1.6650233e-02
  -1.5521850e-02
  -1.6954284e-02
  -1.7501906e-02
  -1.9676834e-02
  -1.7883014e-02
  -1.6784808e-02
  -1.5854828e-02
  -1.3725116e-02
  -1.3361143e-02
  -1.3256811e-02
  -1.3637906e-02
  -1.3444228e-02
  -1.1804517e-02
  -1.0954977e-02
  -9.7273495e-03
  -9.0628844e-03
  -8.6440966e-03
  -8.3727157e-03
  -9.1231316e-03
  -1.8340884e-02
  -2.5682759e-02
  -1.7025650e-02
  -1.2816236e-02
  -1.1709005e-02
  -1.1558356e-02
  -9.7196503e-03
  -3.7080604e-03
  -5.3656315e-03
  -5.4623438e-03
  -4.0242891e-03
  -9.0338318e-03
  -1.0512011e-02
  -1.4885473e-02
  -1.5654588e-02
  -1.2953673e-02
  -1.2102200e-02
  -1.1139121e-02
  -1.3289405e-02
  -1.4372559e-02
  -1.6355628e-02
  -1.2744074e-02
  -1.1537205e-02
  -1.1339656e-02
  -9.0972409e-03
  -8.8858195e-03
  -8.6633619e-03
  -8.3092917e-03
  -9.2816902e-03
  -7.4109761e-03
  -7.2805341e-03
  -5.5923988e-03
  -4.8332866e-03
  -2.9879515e-03
  -8.2737394e-04
  -4.4208257e-03
  -1.2966597e-02
  -2.6169030e-02
  -2.0575723e-02
  -0.0000000e+00
  -5.6760315e-03
  -3.8746299e-03
  -3.1659480e-03
   1.6134393e-03
   2.1418922e-03
  -1.2862910e-03
   1.2138701e-03
  -2.7852317e-03
  -4.4196206e-03
  -5.8859661e-03
  -8.4396433e-03
  -5.9801312e-03
  -5.1486483e-03
  -3.6322032e-03
  -5.9930310e-03
  -8.6873583e-03
  -1.0519681e-02
  -4.9828347e-03
  -4.1646315e-03
  -4.0222574e-03
  -2.0033189e-03
  -1.3138137e-03
  -1.2769746e-03
  -5.3236913e-04
  -2.0482461e-03
  -5.0105527e-04
  -6.5472757e-04
   9.2208839e-04
   2.0568073e-03
   2.2955148e-03
   3.4311970e-03
  -1.7672130e-04
  -3.3733228e-03
  -1.6520880e-02
  -2.1357749e-02
  -0.0000000e+00
  -0.0000000e+00
   0.0000000e+00
   2.4138589e-03
   4.6545139e-03
   1.0799433e-02
   9.6993608e-03
   1.1049278e-02
   9.1555379e-03
   5.7493178e-03
   5.3661568e-03
   3.3283003e-03
   2.9085302e-03
   3.4942459e-03
   5.8282213e-03
   4.3759872e-03
   4.5844435e-04
  -2.4913976e-03
   4.1282442e-03
   3.7392576e-03
   5.2277679e-03
   6.6528292e-03
   7.9831108e-03
   7.1935044e-03
   8.1112143e-03
   7.4095866e-03
   7.4942289e-03
   7.9606622e-03
   7.8128660e-03
   9.0647545e-03
   4.9927607e-03
   5.3111720e-03
   8.1488639e-03
   7.2452347e-03
   1.0521723e-03
  -6.3119071e-03
   0.0000000e+00
   0.0000000e+00
   0.0000000e+00
  -2.5842871e-04
   1.2532153e-03
   1.2461805e-02
   2.1839066e-02
   2.2087857e-02
   2.3683038e-02
   2.0365499e-02
   1.6498759e-02
   1.4743897e-02
   1.2985185e-02
   1.3516507e-02
   1.4233574e-02
   1.4107511e-02
   1.1043796e-02
   7.3493142e-03
   1.1688297e-02
   1.0510539e-02
   1.3662100e-02
   1.4589960e-02
   1.6709192e-02
   1.5389993e-02
   1.6110536e-02
   1.6737618e-02
   1.5053287e-02
   1.5855741e-02
   1.4097664e-02
   1.4247507e-02
   8.7801842e-03
   1.2983738e-02
   1.9788381e-02
   1.5381656e-02
   1.8204432e-02
   0.0000000e+00
   0.0000000e+00
   0.0000000e+00
  -0.0000000e+00
  -6.8550942e-03
  -1.6779564e-03
   9.6952263e-03
   2.2196166e-02
   2.3915242e-02
   2.8350255e-02
   2.8726745e-02
   2.4900338e-02
   2.3189830e-02
   2.3187226e-02
   2.3856683e-02
   2.0861086e-02
   2.0803584e-02
   1.8239940e-02
   1.5030046e-02
   1.5919523e-02
   1.4820628e-02
   1.8150061e-02
   1.9429682e-02
   2.1745265e-02
   2.1895276e-02
   2.1375135e-02
   2.2788294e-02
   2.0988956e-02
   2.0644601e-02
   1.9092083e-02
   1.8856345e-02
   1.7085385e-02
   2.3604507e-02
   2.4769062e-02
   1.7898748e-02
   3.0348521e-02
   2.6837998e-02
   1.6847992e-02
   1.1149970e-02
  -9.3849894e-03
  -1.3333996e-02
  -3.1779816e-03
   4.4314577e-03
   1.6716765e-02
   1.9081874e-02
   2.0875581e-02
   2.5192322e-02
   2.6540218e-02
   2.7548948e-02
   2.9394891e-02
   3.0892802e-02
   2.6856676e-02
   2.5343968e-02
   2.2288118e-02
   1.8224217e-02
   1.5910868e-02
   1.4827148e-02
   1.6406346e-02
   1.8528206e-02
   1.9663339e-02
   2.1064062e-02
   2.0209888e-02
   2.2714917e-02
   2.2015506e-02
   1.9144861e-02
   2.0587130e-02
   2.1508139e-02
   2.1240752e-02
   2.2329649e-02
   1.7615618e-02
   1.7253445e-02
   3.3573013e-02
   2.9585212e-02
   1.9291151e-02
   1.1920650e-02
  -9.4311396e-03
  -1.2427717e-02
  -6.1226310e-03
  -3.6254267e-03
   1.0427992e-02
   1.3904025e-02
   1.0535588e-02
   1.5699750e-02
   1.8877180e-02
   2.2828892e-02
   2.7235333e-02
   3.1147979e-02
   2.9008454e-02
   2.5484942e-02
   2.2906534e-02
   1.7718719e-02
   7.3796576e-03
   4.9734619e-03
   5.0004795e-03
   7.5856233e-03
   7.7273543e-03
   8.5375896e-03
   9.1655971e-03
   1.2567016e-02
   1.1787187e-02
   8.1413044e-03
   1.3840566e-02
   1.4228641e-02
   9.1993529e-03
   5.7233539e-03
   4.1324184e-03
   1.1412976e-02
   1.7294258e-02
   1.1491122e-02
   7.2830170e-03
   2.8900537e-03
  -4.1329381e-03
  -5.1769465e-03
  -9.0487367e-03
  -1.3698396e-02
  -4.2923801e-03
   3.3098890e-03
   2.8329520e-03
   4.7935667e-03
   3.4335712e-03
   5.9449957e-03
   1.4493416e-02
   2.0232249e-02
   1.7371636e-02
   1.3783341e-02
   1.4448507e-02
   1.0801331e-02
  -6.0112933e-03
  -8.5238051e-03
  -7.7606044e-03
  -4.9048606e-03
  -3.2580446e-03
  -2.4216797e-03
  -1.4653765e-03
  -9.2319731e-04
  -2.0150875e-03
  -1.6418726e-03
   4.1993912e-03
   3.6362410e-03
  -2.4000886e-03
  -5.1914286e-03
  -4.2063207e-03
  -9.3582011e-04
  -4.0423656e-03
  -9.7120488e-03
  -7.6666856e-03
  -2.1089353e-03
   1.5177593e-03
   9.4836456e-04
  -6.0620829e-03
  -1.6128462e-02
  -1.9681461e-02
  -1.4026784e-02
  -7.5348765e-03
  -5.4328432e-03
  -8.4396973e-03
  -7.3585282e-03
   1.3511271e-03
   6.0248929e-03
   1.6886212e-03
  -1.9470437e-03
  -5.8823713e-04
  -2.0661035e-03
  -1.2765211e-02
  -1.3658084e-02
  -1.1654013e-02
  -7.7820425e-03
  -4.2168815e-03
  -2.7446579e-03
  -2.7700262e-03
  -3.7336131e-03
  -3.2622062e-03
  -3.2455690e-04
   3.0589874e-03
   2.0377724e-03
  -2.3065531e-03
  -6.5640369e-03
  -8.7276241e-03
  -8.8379262e-03
  -1.0032956e-02
  -1.1978584e-02
  -1.1723743e-02
  -8.6544594e-03
  -4.7862809e-03
  -2.0795504e-03
  -1.7247222e-03
  -5.3912820e-03
  -1.0794701e-02
  -1.3414060e-02
  -1.2005934e-02
  -1.0382054e-02
  -9.6879508e-03
  -7.6950057e-03
  -3.2610307e-03
  -4.7913982e-04
  -2.2457012e-03
  -5.1268646e-03
  -7.4066916e-03
  -1.0195413e-02
