  5.149738e-01
  4.461196e-01
  3.980813e-01
  3.657595e-01
  3.327297e-01
  3.023082e-01
  2.784722e-01
  2.624880e-01
  2.544833e-01
  2.534540e-01
  2.600814e-01
  2.614166e-01
  2.610704e-01
  2.591840e-01
  2.526019e-01
  2.466231e-01
  2.367236e-01
  2.243922e-01
  2.187733e-01
  2.258421e-01
  2.313654e-01
  2.350295e-01
  2.441407e-01
  2.459825e-01
  2.457853e-01
  2.437522e-01
  2.377678e-01
  2.388339e-01
  2.551208e-01
  2.863393e-01
  3.268993e-01
  3.728455e-01
  4.235541e-01
  4.516929e-01
  4.953712e-01
  5.304081e-01
