  -2.4147573e+00
  -2.5507757e+00
  -2.5127430e+00
  -2.3579271e+00
  -2.1163580e+00
  -1.8721702e+00
  -1.6851436e+00
  -1.5025241e+00
  -1.3073281e+00
  -1.1142992e+00
  -9.1515721e-01
  -7.4549073e-01
  -6.1078632e-01
  -4.8373926e-01
  -3.9132974e-01
  -3.5578558e-01
  -3.6795820e-01
  -3.7460244e-01
  -3.1474170e-01
  -1.8670806e-01
  -7.6686591e-02
  -4.2312335e-02
  -8.6424579e-02
  -1.7327614e-01
  -2.0913801e-01
  -1.7859989e-01
  -1.2841904e-01
  -6.3903712e-02
   6.4159132e-02
   2.1601172e-01
   2.6518774e-01
   6.0760327e-02
  -4.5487726e-01
  -1.0636159e+00
  -1.6729329e+00
  -2.1347632e+00
  -9.4028279e-02
  -5.9126729e-01
  -8.8118476e-01
  -9.7703475e-01
  -8.9093816e-01
  -7.6754266e-01
  -7.4828607e-01
  -7.8256625e-01
  -7.5700635e-01
  -6.3848758e-01
  -4.4294611e-01
  -1.1046442e-01
   3.0604589e-01
   6.1282617e-01
   6.5359718e-01
   4.2458132e-01
  -5.5533025e-02
  -5.0031400e-01
  -6.1874580e-01
  -3.8712335e-01
  -2.6424479e-01
  -3.1572136e-01
  -4.2903638e-01
  -7.7356672e-01
  -8.2498085e-01
  -4.6221885e-01
  -2.5419575e-01
  -2.0717262e-01
  -1.5098903e-01
  -5.8463339e-02
   1.3240729e-01
   4.1198522e-01
   4.9137896e-01
   4.4326532e-01
   5.4730403e-01
   4.0825999e-01
   3.2713945e+00
   3.0955548e+00
   2.8292129e+00
   2.5240986e+00
   2.2770801e+00
   2.1145852e+00
   1.9674286e+00
   1.6599795e+00
   1.2952268e+00
   8.9576256e-01
   7.1326631e-01
   1.0143899e+00
   1.3557733e+00
   1.6611098e+00
   1.8544065e+00
   1.5956330e+00
   1.0792412e+00
   7.6181847e-01
   4.6659419e-01
   2.1448866e-01
  -1.1519217e-01
  -3.7488866e-01
  -2.0346418e-01
  -7.2095297e-02
   1.7375129e-01
   5.0732249e-01
   4.6792644e-01
   3.8730738e-01
   3.1331259e-01
   4.9607247e-01
   7.2971094e-01
   1.1725521e+00
   1.9480060e+00
   2.3466413e+00
   2.8949924e+00
   3.3755672e+00
   5.3767311e+00
   5.7338090e+00
   5.6941037e+00
   5.3768608e+00
   4.8544440e+00
   4.3156748e+00
   3.9864776e+00
   3.4583952e+00
   3.0234976e+00
   2.3079119e+00
   1.8788536e+00
   1.9365327e+00
   1.3434884e+00
   1.2192969e+00
   1.6064750e+00
   1.5715887e+00
   1.3330452e+00
   1.3619540e+00
   1.6039732e+00
   1.0563856e+00
   6.5543056e-01
   9.6997904e-01
   9.5144778e-01
   9.4576681e-01
   1.1471572e+00
   9.2595237e-01
   5.4176509e-01
   5.0455660e-01
   5.3425556e-01
   9.8501110e-01
   1.4464702e+00
   1.7782995e+00
   2.7680044e+00
   3.3045344e+00
   3.7673883e+00
   4.7999644e+00
   5.7325807e+00
   6.2046275e+00
   6.3882151e+00
   6.2380929e+00
   5.8399453e+00
   5.2087212e+00
   4.7548876e+00
   4.1876183e+00
   3.9570208e+00
   3.4376552e+00
   3.1044114e+00
   2.9232526e+00
   1.6038687e+00
   1.0302521e+00
   1.1619012e+00
   1.1964508e+00
   1.2406609e+00
   1.2906084e+00
   2.1745250e+00
   1.8266156e+00
   1.6034827e+00
   2.8478732e+00
   2.5134978e+00
   1.6707897e+00
   1.7628711e+00
   1.5558745e+00
   1.1896063e+00
   1.4576876e+00
   1.7843344e+00
   1.6487558e+00
   1.7490834e+00
   2.0858672e+00
   3.0576196e+00
   3.8666193e+00
   4.3188448e+00
   5.1715565e+00
   4.6278439e+00
   4.8228984e+00
   5.0659852e+00
   5.1108570e+00
   5.0477571e+00
   4.7106042e+00
   4.3144836e+00
   3.8870411e+00
   3.7895367e+00
   3.7187841e+00
   3.6732106e+00
   3.3086958e+00
   2.1082816e+00
   1.4056630e+00
   1.0571616e+00
   7.5730973e-01
   8.4322047e-01
   1.2086443e+00
   2.2821250e+00
   2.4182198e+00
   2.6495750e+00
   3.9457374e+00
   3.3388898e+00
   2.1219912e+00
   2.2452402e+00
   2.3860800e+00
   2.2934973e+00
   2.7305827e+00
   3.0400290e+00
   2.0126691e+00
   1.3799741e+00
   1.8787923e+00
   2.9162774e+00
   3.8744469e+00
   4.3338876e+00
   4.5469770e+00
   2.6343217e+00
   2.4748570e+00
   2.5835379e+00
   2.7164466e+00
   2.8127946e+00
   2.8584276e+00
   2.7377453e+00
   2.5505561e+00
   2.5356551e+00
   2.8023691e+00
   3.0261930e+00
   2.6151746e+00
   1.8987308e+00
   1.5176141e+00
   1.1821078e+00
   4.1471070e-01
  -7.4723890e-03
   8.7711881e-01
   2.0725074e+00
   2.5601510e+00
   3.2210418e+00
   3.8337235e+00
   2.8223807e+00
   1.9163927e+00
   2.1506598e+00
   2.3946843e+00
   2.7149762e+00
   2.9854460e+00
   2.7729911e+00
   1.6386718e+00
   6.7070401e-01
   1.0885595e+00
   2.1371916e+00
   2.8075373e+00
   3.0533866e+00
   2.8793601e+00
   2.5098819e-01
  -5.7120711e-02
  -1.3991592e-01
  -5.0154179e-02
  -2.9231414e-02
   2.1383489e-01
   3.6881799e-01
   4.9618328e-01
   6.2906382e-01
   1.0001910e+00
   1.3438331e+00
   1.0002106e+00
   7.5165987e-01
   9.2499471e-01
   1.2447482e+00
   4.1182482e-01
  -9.9969846e-01
  -1.4602704e-01
   1.4596713e+00
   2.1444683e+00
   2.5596103e+00
   2.6144583e+00
   1.4503131e+00
   6.5032713e-01
   9.3989134e-01
   1.2112104e+00
   1.8019973e+00
   1.7761602e+00
   1.1605742e+00
   8.3285992e-01
  -3.0342713e-03
  -5.6847207e-02
   7.0675604e-01
   8.3413887e-01
   7.8159761e-01
   5.2115211e-01
  -2.0681062e+00
  -2.3263474e+00
  -2.5426271e+00
  -2.5440550e+00
  -2.6705368e+00
  -2.3868694e+00
  -2.1446979e+00
  -1.6772107e+00
  -1.4070115e+00
  -1.1140996e+00
  -7.9294384e-01
  -1.0536401e+00
  -7.2309375e-01
  -7.4765414e-02
   1.0784843e+00
   7.6302326e-01
  -1.7252403e+00
  -1.5744429e+00
   3.9910480e-01
   1.2169621e+00
   8.2392061e-01
   5.5070060e-01
  -1.9246817e-01
  -1.2308080e+00
  -1.0404104e+00
  -6.2177968e-01
  -8.5805774e-02
  -3.2185528e-01
  -6.8379188e-01
   1.9035107e-01
  -4.7551689e-01
  -1.1826750e+00
  -9.2718160e-01
  -1.3002985e+00
  -1.5625592e+00
  -1.9155962e+00
  -3.9833183e+00
  -4.1362553e+00
  -4.3989239e+00
  -4.4543800e+00
  -4.6703968e+00
  -4.3754969e+00
  -4.2453976e+00
  -3.5004621e+00
  -3.2164869e+00
  -3.1186390e+00
  -2.8943849e+00
  -3.0982285e+00
  -1.9576716e+00
  -1.0534518e+00
   6.6915429e-01
   1.3025551e+00
  -1.9893620e+00
  -2.8747485e+00
  -9.6787083e-01
  -1.1233885e-01
  -1.3155562e+00
  -1.9561880e+00
  -1.8438292e+00
  -2.9698093e+00
  -3.0349901e+00
  -2.4520667e+00
  -2.2596612e+00
  -2.5652447e+00
  -1.9930212e+00
   3.3058386e-02
  -6.8993247e-01
  -2.0078154e+00
  -2.2866054e+00
  -2.9876688e+00
  -3.3530774e+00
  -3.9430125e+00
  -5.1623805e+00
  -5.3896108e+00
  -5.6302738e+00
  -5.6007221e+00
  -5.7418947e+00
  -5.3385904e+00
  -5.3522633e+00
  -4.6696022e+00
  -4.6690748e+00
  -4.9837739e+00
  -4.8502035e+00
  -4.8523020e+00
  -2.7176826e+00
  -1.6766278e+00
  -1.4680213e-01
   1.7991605e+00
  -1.4086064e+00
  -3.4503848e+00
  -2.5147408e+00
  -2.2107483e+00
  -3.1866611e+00
  -4.4909297e+00
  -3.8472064e+00
  -3.4358863e+00
  -3.7893237e+00
  -3.7494583e+00
  -4.0807867e+00
  -4.3892026e+00
  -2.3689211e+00
   5.9483513e-01
  -3.0912396e-01
  -2.1267785e+00
  -2.8397195e+00
  -3.7336378e+00
  -4.2790646e+00
  -5.0667547e+00
  -4.9545031e+00
  -5.3076914e+00
  -5.5585651e+00
  -5.4243555e+00
  -5.4182623e+00
  -5.0076113e+00
  -4.9100733e+00
  -4.6902227e+00
  -4.9938774e+00
  -5.6844049e+00
  -5.5353330e+00
  -5.1765366e+00
  -3.0127497e+00
  -1.8404159e+00
  -9.3999410e-01
   1.8898841e+00
  -1.9704334e-01
  -3.1124506e+00
  -2.9649162e+00
  -3.5816875e+00
  -3.7004790e+00
  -4.6564474e+00
  -4.5204996e+00
  -2.3861670e+00
  -2.3403902e+00
  -3.2430223e+00
  -4.0326686e+00
  -4.4094868e+00
  -2.1677334e+00
   1.0655863e+00
   6.5548593e-01
  -1.4880645e+00
  -2.4604740e+00
  -3.3842564e+00
  -4.0547919e+00
  -4.5888691e+00
  -4.4332108e+00
  -4.7651143e+00
  -5.0421333e+00
  -4.8880692e+00
  -4.8285389e+00
  -4.5301170e+00
  -4.3656769e+00
  -4.5032811e+00
  -4.9328756e+00
  -5.7551208e+00
  -5.5820656e+00
  -5.0203438e+00
  -3.1891510e+00
  -2.0378969e+00
  -1.4262760e+00
   1.9263450e+00
   8.3836162e-01
  -2.6115952e+00
  -2.9159427e+00
  -4.0024085e+00
  -3.8073735e+00
  -4.0193510e+00
  -4.0328088e+00
  -1.4864249e+00
  -8.8169855e-01
  -1.9819123e+00
  -3.1544738e+00
  -3.7247775e+00
  -2.0633466e+00
   1.1046555e+00
   1.3192824e+00
  -1.0836612e+00
  -2.2100708e+00
  -2.9888120e+00
  -3.5793941e+00
  -3.8790784e+00
  -3.8441157e+00
  -4.0897329e+00
  -4.3849463e+00
  -4.2595959e+00
  -4.2028506e+00
  -4.0713587e+00
  -3.8968525e+00
  -4.3035877e+00
  -4.7525525e+00
  -5.5576658e+00
  -5.3712438e+00
  -4.6920714e+00
  -3.3035517e+00
  -2.2165882e+00
  -1.6567745e+00
   1.9387414e+00
   1.7244173e+00
  -2.0204213e+00
  -2.7056160e+00
  -3.9393625e+00
  -3.7321057e+00
  -3.2644961e+00
  -3.1395993e+00
  -7.4730092e-01
   3.4578720e-01
  -5.0525811e-01
  -1.9127872e+00
  -2.7691276e+00
  -1.9944198e+00
   8.8609952e-01
   1.6364506e+00
  -9.3473935e-01
  -2.1167810e+00
  -2.6419423e+00
  -3.0710225e+00
  -3.1871264e+00
  -3.2696943e+00
  -3.3314017e+00
  -3.5866136e+00
  -3.5932654e+00
  -3.6573396e+00
  -3.8081035e+00
  -3.8200469e+00
  -4.3194408e+00
  -4.5715482e+00
  -5.0374705e+00
  -4.8979797e+00
  -4.2224106e+00
  -3.3447852e+00
  -2.3018696e+00
  -1.2262839e+00
   1.9269429e+00
   2.4288763e+00
  -1.0957913e+00
  -2.4676418e+00
  -3.0782476e+00
  -3.4204821e+00
  -3.0226236e+00
  -1.9259642e+00
  -3.2608236e-01
   8.0052802e-01
   1.2007406e+00
   7.5490775e-02
  -1.3864835e+00
  -1.9201207e+00
   7.2208380e-02
   8.7524065e-01
  -1.5841204e+00
  -2.5383219e+00
  -2.5029897e+00
  -2.6657763e+00
  -2.7579718e+00
  -3.2445717e+00
  -3.2611694e+00
  -3.4174693e+00
  -3.5582418e+00
  -3.6521125e+00
  -4.0091605e+00
  -4.1468925e+00
  -4.6517138e+00
  -4.6871738e+00
  -4.8333807e+00
  -4.7334800e+00
  -3.8752012e+00
  -3.3672371e+00
  -1.6931496e+00
  -3.8782619e-03
   1.7826952e+00
   2.7435234e+00
  -4.3296450e-01
  -2.5248587e+00
  -2.2530773e+00
  -3.0817790e+00
  -3.8532553e+00
  -2.4085493e+00
  -5.6046748e-01
   1.0106341e-01
   1.1360438e+00
   1.0707687e+00
  -5.7590020e-01
  -1.7016782e+00
  -1.0310342e+00
  -8.5364330e-01
  -2.6066058e+00
  -3.1072495e+00
  -2.7464862e+00
  -2.9348030e+00
  -2.9566913e+00
  -3.3004422e+00
  -3.2943630e+00
  -3.4065685e+00
  -3.6057830e+00
  -3.6713002e+00
  -4.1148825e+00
  -4.2636080e+00
  -4.7767344e+00
  -4.7299728e+00
  -4.7445374e+00
  -4.6246262e+00
  -3.6415467e+00
  -3.3379645e+00
  -1.1289220e+00
   8.7505090e-01
   1.7600483e+00
   2.8186631e+00
  -2.0125347e-01
  -2.4945285e+00
  -1.8473257e+00
  -2.8285389e+00
  -4.0406256e+00
  -2.9312398e+00
  -1.0879862e+00
  -5.2112484e-01
   5.3787559e-01
   1.1335851e+00
  -1.9618088e-01
  -1.6262956e+00
  -1.8352515e+00
  -1.9260685e+00
  -3.0894549e+00
  -3.3195236e+00
  -2.9526577e+00
  -3.1777785e+00
  -3.0905812e+00
  -3.4010841e+00
  -3.3800711e+00
  -3.4684865e+00
  -3.6978163e+00
  -3.7042685e+00
  -4.1888379e+00
  -4.2961102e+00
  -4.8199033e+00
  -4.7438712e+00
  -4.6988494e+00
  -4.5285567e+00
  -3.4325777e+00
  -3.2808821e+00
  -5.1666403e-01
   1.7003300e+00
   1.7916160e+00
   2.7907471e+00
  -1.4326753e-01
  -2.4194729e+00
  -1.5885721e+00
  -2.5844303e+00
  -3.9494511e+00
  -3.5365296e+00
  -1.8172577e+00
  -1.1830567e+00
  -3.8328717e-01
   7.6713912e-01
   2.7999473e-02
  -1.6087453e+00
  -2.5975265e+00
  -2.8218084e+00
  -3.3783854e+00
  -3.3905911e+00
  -3.1665081e+00
  -3.4382083e+00
  -3.2104382e+00
  -3.1069498e+00
  -3.0008650e+00
  -3.1295919e+00
  -3.2443740e+00
  -3.2965560e+00
  -3.5993233e+00
  -3.6595323e+00
  -4.0430565e+00
  -4.0706654e+00
  -4.1353145e+00
  -3.9469528e+00
  -3.3157601e+00
  -2.8954492e+00
  -6.8315566e-01
   1.3343095e+00
   1.8871112e+00
   1.5820329e+00
  -5.5074084e-01
  -1.8261030e+00
  -1.9890933e+00
  -1.6061382e+00
  -1.4036463e+00
  -2.6850419e+00
  -2.8790665e+00
  -1.9314814e+00
  -1.5668789e+00
  -7.2134620e-01
  -4.4730955e-01
  -2.0788875e+00
  -2.8133152e+00
  -2.4254580e+00
  -2.6998475e+00
  -2.7694502e+00
  -2.9726782e+00
  -3.0872555e+00
  -2.8849649e+00
  -2.6898398e+00
  -2.5723312e+00
  -2.6829994e+00
  -2.7236369e+00
  -2.8707850e+00
  -3.0445020e+00
  -3.1209302e+00
  -3.3549392e+00
  -3.4090688e+00
  -3.5559759e+00
  -3.4977114e+00
  -3.3016548e+00
  -2.7754660e+00
  -1.4885206e+00
   5.9532344e-02
   1.0596730e+00
   2.5720257e-01
  -8.1412077e-01
  -1.6023571e+00
  -2.3457842e+00
  -6.3260144e-01
   1.4833447e-01
  -1.8035356e+00
  -2.6318910e+00
  -2.0539393e+00
  -1.7996913e+00
  -1.3092486e+00
  -1.1678452e+00
  -2.3277411e+00
  -2.4235158e+00
  -1.8820394e+00
  -2.2061183e+00
  -2.3559053e+00
  -2.5966523e+00
  -2.6494746e+00
  -2.5682483e+00
  -2.3788715e+00
  -2.2625256e+00
  -2.3442440e+00
  -2.3360718e+00
  -2.5421281e+00
  -2.6211890e+00
  -2.6931949e+00
  -2.7984869e+00
  -2.8737048e+00
  -3.0884289e+00
  -3.1610775e+00
  -3.3098656e+00
  -2.8104549e+00
  -2.3371072e+00
  -1.3638927e+00
  -1.7331954e-01
  -1.0465304e+00
  -1.1495961e+00
  -1.5871951e+00
  -2.5695002e+00
   1.4027618e-01
   1.1260814e+00
  -1.2190093e+00
  -2.2390855e+00
  -2.0480232e+00
  -1.9715472e+00
  -1.8123203e+00
  -1.8909452e+00
  -2.5191004e+00
  -2.1176195e+00
  -1.5739684e+00
  -1.9109434e+00
  -2.1058712e+00
  -2.3375624e+00
  -2.3657050e+00
  -2.3634267e+00
  -2.2640212e+00
  -2.1791674e+00
  -2.1989174e+00
  -2.1932282e+00
  -2.3802747e+00
  -2.4275974e+00
  -2.4407014e+00
  -2.4392359e+00
  -2.5286096e+00
  -2.7915355e+00
  -3.0249962e+00
  -3.3739374e+00
  -3.2382184e+00
  -3.4822674e+00
  -3.4802996e+00
  -2.7008461e+00
  -2.6049520e+00
  -1.7498292e+00
  -2.0855817e+00
  -2.5124755e+00
   5.9178593e-01
   9.1237313e-01
  -1.2441436e+00
  -1.4153288e+00
  -1.7313801e+00
  -2.0521656e+00
  -2.2417502e+00
  -2.7871718e+00
  -2.6161658e+00
  -1.9638916e+00
  -1.7887550e+00
  -2.0415340e+00
  -2.2035525e+00
  -2.3154727e+00
  -2.4043130e+00
  -2.3915294e+00
  -3.1561832e+00
  -3.0637752e+00
  -3.0408216e+00
  -3.0754333e+00
  -3.1299103e+00
  -3.1937704e+00
  -3.1024997e+00
  -3.1166051e+00
  -3.2294557e+00
  -3.3966331e+00
  -3.6089709e+00
  -3.8021946e+00
  -4.0574608e+00
  -4.3758292e+00
  -5.0996113e+00
  -5.0224957e+00
  -3.5928007e+00
  -2.8656676e+00
  -3.0286455e+00
  -2.2273380e+00
  -6.2888563e-01
  -1.0172927e+00
  -2.2455356e+00
  -1.7082181e+00
  -1.6618568e+00
  -2.4416956e+00
  -2.9838219e+00
  -3.3643394e+00
  -3.0704681e+00
  -2.8129077e+00
  -2.9526110e+00
  -3.1091467e+00
  -3.2329230e+00
  -3.3202312e+00
  -3.4221392e+00
  -3.2969892e+00
  -4.0947213e+00
  -3.9959114e+00
  -3.9327831e+00
  -3.9740698e+00
  -3.9948652e+00
  -4.0314798e+00
  -3.9377010e+00
  -3.9606934e+00
  -4.0320725e+00
  -4.0801020e+00
  -4.2172632e+00
  -4.2685323e+00
  -4.5540247e+00
  -4.8511138e+00
  -5.6348476e+00
  -5.7265210e+00
  -4.0804405e+00
  -3.5218251e+00
  -3.3543730e+00
  -2.2445397e+00
  -1.6551253e+00
  -1.9583142e+00
  -2.8147242e+00
  -2.4592156e+00
  -2.0751936e+00
  -2.9913301e+00
  -3.5897551e+00
  -3.7735920e+00
  -3.7031224e+00
  -3.6128104e+00
  -3.8170276e+00
  -3.9906392e+00
  -4.1723280e+00
  -4.2810955e+00
  -4.3463836e+00
  -4.2330132e+00
  -4.9624329e+00
  -4.8643322e+00
  -4.7642655e+00
  -4.8046651e+00
  -4.8336043e+00
  -4.8294373e+00
  -4.7805276e+00
  -4.7954626e+00
  -4.7941904e+00
  -4.7273588e+00
  -4.7611036e+00
  -4.6824589e+00
  -4.8605471e+00
  -5.0862498e+00
  -5.6929584e+00
  -5.8048501e+00
  -4.3652358e+00
  -3.8389165e+00
  -3.2933078e+00
  -2.2735782e+00
  -2.3703535e+00
  -2.3635070e+00
  -3.1064799e+00
  -3.2062421e+00
  -2.6195509e+00
  -3.5497899e+00
  -4.0762124e+00
  -4.1154070e+00
  -4.3204517e+00
  -4.2960539e+00
  -4.5030217e+00
  -4.7119646e+00
  -4.9778252e+00
  -5.1265211e+00
  -5.1518588e+00
  -5.0989418e+00
  -5.3436591e+00
  -5.2709553e+00
  -5.1516384e+00
  -5.1924331e+00
  -5.2956384e+00
  -5.2476395e+00
  -5.3193117e+00
  -5.2721117e+00
  -5.1560245e+00
  -5.0349080e+00
  -4.9312410e+00
  -4.7831527e+00
  -4.6839130e+00
  -4.7530981e+00
  -4.9263576e+00
  -4.9675619e+00
  -4.2758587e+00
  -3.2457943e+00
  -2.3653778e+00
  -2.0825883e+00
  -1.9648879e+00
  -1.5738611e+00
  -2.6940052e+00
  -3.3864188e+00
  -3.1105160e+00
  -3.8821149e+00
  -4.1379649e+00
  -4.2800882e+00
  -4.5955886e+00
  -4.4478623e+00
  -4.6452361e+00
  -4.8518602e+00
  -5.1971724e+00
  -5.4050003e+00
  -5.4292289e+00
  -5.4948533e+00
  -3.9285269e+00
  -3.8788600e+00
  -3.8743565e+00
  -3.9505501e+00
  -4.0576849e+00
  -4.0338912e+00
  -4.1442375e+00
  -4.0834818e+00
  -3.9822402e+00
  -3.9259210e+00
  -3.6993141e+00
  -3.5626001e+00
  -3.2231507e+00
  -3.0360413e+00
  -3.2439535e+00
  -3.4387295e+00
  -3.0492570e+00
  -1.4462590e+00
  -5.8510184e-01
  -6.0043317e-01
  -1.3049191e-01
  -2.8755394e-01
  -1.1611167e+00
  -1.6248956e+00
  -1.9869784e+00
  -2.4317691e+00
  -2.7563426e+00
  -3.0116062e+00
  -3.0640633e+00
  -3.0903163e+00
  -3.2787318e+00
  -3.3904614e+00
  -3.6271977e+00
  -3.8945570e+00
  -3.9933915e+00
  -4.0239830e+00
  -1.6872644e+00
  -1.6612427e+00
  -1.7654467e+00
  -1.8412267e+00
  -1.9230127e+00
  -1.9132088e+00
  -1.9934652e+00
  -2.0020406e+00
  -1.9665563e+00
  -1.9516219e+00
  -1.7147658e+00
  -1.5906055e+00
  -1.1471657e+00
  -9.7499830e-01
  -1.3680739e+00
  -1.4673476e+00
  -1.2028917e+00
  -2.8745621e-02
   5.9465134e-01
   7.9215342e-01
   1.0164144e+00
   4.0584141e-01
   4.7811705e-01
   5.5330026e-01
   4.5055598e-02
  -3.4797505e-02
  -4.7385135e-01
  -6.7579043e-01
  -6.7438787e-01
  -9.4550180e-01
  -1.0822101e+00
  -1.2373866e+00
  -1.3931445e+00
  -1.6320163e+00
  -1.7394445e+00
  -1.7154688e+00
   8.9804947e-01
   8.9044984e-01
   7.6060468e-01
   7.2928125e-01
   6.3874630e-01
   6.5731084e-01
   5.8456671e-01
   5.4813700e-01
   5.4958057e-01
   5.4783773e-01
   7.5117186e-01
   8.4009397e-01
   1.2654518e+00
   1.2348575e+00
   9.3889737e-01
   1.1619415e+00
   1.0160069e+00
   1.1063721e+00
   1.1976663e+00
   1.5946366e+00
   1.6819279e+00
   1.1359247e+00
   2.1203689e+00
   2.6298280e+00
   2.2896538e+00
   2.5141079e+00
   2.2230616e+00
   2.1521249e+00
   2.0436239e+00
   1.7269577e+00
   1.6021271e+00
   1.3026437e+00
   1.1311659e+00
   9.5186961e-01
   9.0623618e-01
   9.0270293e-01
   3.2749340e+00
   3.2419390e+00
   3.1776063e+00
   3.2063968e+00
   3.0907511e+00
   3.1294109e+00
   3.0497863e+00
   3.0812596e+00
   3.0746357e+00
   3.0865576e+00
   3.2544176e+00
   3.2637903e+00
   3.5372052e+00
   3.2740094e+00
   3.4112539e+00
   3.9404657e+00
   3.1646861e+00
   2.0526797e+00
   1.3983477e+00
   1.8664507e+00
   2.2077347e+00
   2.1280888e+00
   3.4662294e+00
   4.0698602e+00
   4.0776818e+00
   4.4463277e+00
   4.4972804e+00
   4.6488808e+00
   4.4615245e+00
   4.3291323e+00
   4.1548498e+00
   3.7173247e+00
   3.4740793e+00
   3.3236336e+00
   3.3638248e+00
   3.2762801e+00
   4.8205898e+00
   4.7900982e+00
   4.7981079e+00
   4.8417113e+00
   4.7637401e+00
   4.8293727e+00
   4.8009446e+00
   4.9243493e+00
   4.8955343e+00
   4.9587257e+00
   5.0911841e+00
   5.0129069e+00
   5.0764063e+00
   4.7825456e+00
   5.3433626e+00
   5.7818473e+00
   4.6551914e+00
   3.1670076e+00
   2.0760020e+00
   2.5346556e+00
   3.2064752e+00
   3.3107388e+00
   4.1696496e+00
   4.4915150e+00
   4.7610329e+00
   5.1570644e+00
   5.4169148e+00
   5.7866305e+00
   5.7955885e+00
   5.8850979e+00
   5.6612180e+00
   5.2561879e+00
   5.0246561e+00
   4.8639153e+00
   4.9238963e+00
   4.8156732e+00
   5.2213807e+00
   5.2123280e+00
   5.2116823e+00
   5.2200336e+00
   5.2830896e+00
   5.4044600e+00
   5.5037580e+00
   5.5601668e+00
   5.5293021e+00
   5.6607208e+00
   5.6666045e+00
   5.5905123e+00
   5.5062313e+00
   5.3946171e+00
   5.8935490e+00
   5.8621125e+00
   5.1740489e+00
   4.5298200e+00
   3.9479988e+00
   4.3498716e+00
   4.5191207e+00
   4.0057888e+00
   3.9745288e+00
   3.9519310e+00
   4.2405877e+00
   4.7634106e+00
   4.9859700e+00
   5.2669115e+00
   5.5649405e+00
   5.7053509e+00
   5.5307331e+00
   5.3319006e+00
   5.2735605e+00
   5.2101583e+00
   5.2328176e+00
   5.2266769e+00
   4.3837895e+00
   4.4297686e+00
   4.4467535e+00
   4.4689975e+00
   4.6309257e+00
   4.7662921e+00
   4.8918362e+00
   4.8209658e+00
   4.9137912e+00
   5.0279989e+00
   4.8237014e+00
   4.7805381e+00
   4.6164112e+00
   4.7064424e+00
   4.9034643e+00
   4.5710435e+00
   4.6761327e+00
   5.1047678e+00
   5.3485484e+00
   5.4476428e+00
   4.6815619e+00
   3.5521603e+00
   2.8786783e+00
   2.6998043e+00
   2.8225703e+00
   3.4696255e+00
   3.7801032e+00
   3.6721416e+00
   3.9020612e+00
   4.0280385e+00
   3.9413414e+00
   3.9077122e+00
   4.0361528e+00
   4.2118111e+00
   4.2821970e+00
   4.3677869e+00
   2.1733079e+00
   2.3563054e+00
   2.5075934e+00
   2.5903962e+00
   2.6542873e+00
   2.6325953e+00
   2.6300383e+00
   2.6105430e+00
   2.7917159e+00
   2.7505174e+00
   2.4438305e+00
   2.3641105e+00
   2.2268641e+00
   2.4318779e+00
   2.5265877e+00
   2.2786543e+00
   2.6203227e+00
   3.0993559e+00
   3.2582150e+00
   3.0378187e+00
   2.4308281e+00
   1.7321876e+00
   1.1070713e+00
   8.8585979e-01
   7.1893412e-01
   9.7708786e-01
   1.3036762e+00
   1.1134635e+00
   1.1588100e+00
   1.2865081e+00
   1.2478650e+00
   1.2668757e+00
   1.4587494e+00
   1.7447435e+00
   1.9185463e+00
   2.0543337e+00
  -8.6051476e-01
  -6.6085963e-01
  -5.5286431e-01
  -5.6191993e-01
  -6.7286680e-01
  -8.1765759e-01
  -8.9404166e-01
  -9.2240561e-01
  -9.8228157e-01
  -1.1629035e+00
  -1.2919683e+00
  -1.2289906e+00
  -1.1690345e+00
  -1.0884279e+00
  -1.1577665e+00
  -1.2874383e+00
  -1.1757192e+00
  -1.0950444e+00
  -1.2029710e+00
  -1.2261208e+00
  -1.0161529e+00
  -9.0129560e-01
  -9.8749793e-01
  -1.1348248e+00
  -1.5010625e+00
  -1.9639704e+00
  -2.1801219e+00
  -2.2598717e+00
  -2.2068460e+00
  -2.1264973e+00
  -2.0966866e+00
  -1.9689775e+00
  -1.7357066e+00
  -1.5030098e+00
  -1.2841043e+00
  -1.0677931e+00
  -1.1554723e+00
  -1.2645008e+00
  -1.4166303e+00
  -1.5430819e+00
  -1.6261431e+00
  -1.6485709e+00
  -1.6443324e+00
  -1.6520773e+00
  -1.6699402e+00
  -1.6458119e+00
  -1.5253170e+00
  -1.3563894e+00
  -1.2566031e+00
  -1.2523962e+00
  -1.2874602e+00
  -1.2398015e+00
  -1.0506521e+00
  -8.3556288e-01
  -7.4398315e-01
  -7.9201882e-01
  -9.3911660e-01
  -1.0856943e+00
  -1.1621239e+00
  -1.1306900e+00
  -1.0954653e+00
  -1.1320389e+00
  -1.2237793e+00
  -1.3195357e+00
  -1.4261750e+00
  -1.5220253e+00
  -1.5620912e+00
  -1.5154288e+00
  -1.3962933e+00
  -1.2740332e+00
  -1.1703397e+00
  -1.1259552e+00
