   7.9276477e-03
   4.2704488e-03
   1.3013275e-03
  -1.1825177e-03
  -2.4093359e-03
  -4.2839830e-03
  -3.5088083e-03
  -3.0691245e-03
  -3.1580419e-03
  -2.7025294e-03
  -1.2399566e-03
  -2.4531152e-04
   0.0000000e+00
   0.0000000e+00
   0.0000000e+00
   0.0000000e+00
   0.0000000e+00
   0.0000000e+00
   0.0000000e+00
   0.0000000e+00
   0.0000000e+00
   0.0000000e+00
   0.0000000e+00
   0.0000000e+00
   0.0000000e+00
   0.0000000e+00
   0.0000000e+00
   0.0000000e+00
   0.0000000e+00
   0.0000000e+00
   1.8608185e-02
   2.7236199e-02
   3.0478137e-02
   2.5833068e-02
   1.9352350e-02
   1.3507442e-02
   0.0000000e+00
  -0.0000000e+00
  -0.0000000e+00
  -0.0000000e+00
  -0.0000000e+00
  -0.0000000e+00
  -0.0000000e+00
  -0.0000000e+00
  -0.0000000e+00
   1.2921840e-03
   4.8005264e-03
   4.2647926e-03
   5.4126500e-04
   2.2208035e-03
   3.7478157e-03
   7.5530245e-04
  -2.1290523e-03
  -0.0000000e+00
   0.0000000e+00
   0.0000000e+00
   0.0000000e+00
   0.0000000e+00
   0.0000000e+00
   0.0000000e+00
   0.0000000e+00
   0.0000000e+00
   0.0000000e+00
   0.0000000e+00
   0.0000000e+00
   0.0000000e+00
   0.0000000e+00
   0.0000000e+00
   3.8113777e-02
   2.6736202e-02
   1.8994399e-02
   0.0000000e+00
  -1.3841601e-02
  -2.1035559e-02
  -2.2418408e-02
  -2.4108740e-02
  -2.3049710e-02
  -1.9593503e-02
  -1.6474282e-02
  -1.3725132e-02
  -1.4729164e-02
  -1.2269290e-02
   3.0118852e-04
  -7.9925992e-03
  -1.0228390e-02
  -5.7595503e-03
  -1.9223163e-03
  -1.6578452e-03
  -3.6252243e-03
  -0.0000000e+00
   0.0000000e+00
   0.0000000e+00
   0.0000000e+00
   0.0000000e+00
   0.0000000e+00
   0.0000000e+00
   0.0000000e+00
   0.0000000e+00
   0.0000000e+00
   0.0000000e+00
   0.0000000e+00
   0.0000000e+00
   0.0000000e+00
   0.0000000e+00
   2.6313905e-02
   1.4072610e-02
   1.0316855e-02
   1.5054031e-03
  -3.2747168e-02
  -3.9265819e-02
  -3.9151784e-02
  -3.7940696e-02
  -3.2560162e-02
  -2.6383134e-02
  -2.1594206e-02
  -1.6161153e-02
  -1.8058188e-02
  -1.4458992e-02
  -1.1175879e-02
  -2.0997434e-02
  -0.0000000e+00
   0.0000000e+00
   0.0000000e+00
   0.0000000e+00
   0.0000000e+00
   0.0000000e+00
   0.0000000e+00
   0.0000000e+00
   0.0000000e+00
  -0.0000000e+00
  -1.9258317e-02
   0.0000000e+00
   0.0000000e+00
   0.0000000e+00
   0.0000000e+00
   0.0000000e+00
   0.0000000e+00
   0.0000000e+00
   0.0000000e+00
   0.0000000e+00
   7.4196132e-03
  -5.4320267e-04
  -7.0271092e-03
  -1.7916115e-02
  -4.1814256e-02
  -4.2095359e-02
  -3.7030257e-02
  -3.2312363e-02
  -2.5812389e-02
  -2.0363444e-02
  -1.6607922e-02
  -1.3704166e-02
  -1.5663255e-02
  -1.6130460e-02
  -1.9775217e-02
  -2.8046580e-02
   0.0000000e+00
   0.0000000e+00
   0.0000000e+00
   0.0000000e+00
   0.0000000e+00
   0.0000000e+00
   0.0000000e+00
  -0.0000000e+00
  -0.0000000e+00
  -1.8726156e-02
  -2.6479003e-02
   0.0000000e+00
   0.0000000e+00
   0.0000000e+00
   0.0000000e+00
  -0.0000000e+00
  -0.0000000e+00
   0.0000000e+00
   0.0000000e+00
  -0.0000000e+00
  -2.9205692e-03
  -7.6783248e-03
  -2.2643836e-02
  -3.4238573e-02
  -4.0397387e-02
  -3.5646770e-02
  -2.6984153e-02
  -2.1822268e-02
  -1.6652798e-02
  -1.2807910e-02
  -1.1051047e-02
  -1.1047478e-02
  -1.3960200e-02
  -1.6458273e-02
  -2.1347007e-02
  -2.3837586e-02
  -1.0845144e-02
   0.0000000e+00
   0.0000000e+00
   0.0000000e+00
   0.0000000e+00
   0.0000000e+00
  -0.0000000e+00
  -0.0000000e+00
  -2.0392919e-02
  -3.5624646e-02
  -3.3784949e-02
   0.0000000e+00
   0.0000000e+00
   0.0000000e+00
  -0.0000000e+00
  -1.6359483e-02
  -1.4657795e-02
  -0.0000000e+00
   0.0000000e+00
  -0.0000000e+00
  -5.6658909e-03
  -1.3997612e-02
  -3.2607619e-02
  -4.0057130e-02
  -2.9617488e-02
  -2.4319727e-02
  -1.6349008e-02
  -1.2522197e-02
  -8.3294194e-03
  -5.8543393e-03
  -5.9301234e-03
  -7.7124611e-03
  -1.2356631e-02
  -1.4451252e-02
  -1.5146134e-02
  -1.0895899e-02
  -9.5120189e-04
   0.0000000e+00
   0.0000000e+00
   0.0000000e+00
   0.0000000e+00
   0.0000000e+00
   0.0000000e+00
  -1.0232560e-02
  -2.9616594e-02
  -3.3669960e-02
  -2.2571330e-02
  -0.0000000e+00
  -0.0000000e+00
  -0.0000000e+00
  -1.1478022e-02
  -1.2485485e-02
  -5.3593209e-03
  -3.7006130e-03
   0.0000000e+00
   0.0000000e+00
  -6.8643535e-03
  -1.9182192e-02
  -3.1671230e-02
  -3.3073489e-02
  -1.4677197e-02
  -1.1565623e-02
  -5.9570489e-03
  -3.2573170e-03
   6.8087340e-04
   1.8728313e-03
   9.7126584e-04
  -2.9431661e-03
  -9.3941698e-03
  -1.0635450e-02
  -7.3813959e-03
   2.4879472e-03
   9.2785442e-03
   7.6460505e-03
   8.1022926e-03
   0.0000000e+00
  -0.0000000e+00
  -1.1401161e-03
   3.2903754e-03
  -6.6975723e-03
  -2.3204058e-02
  -1.7477769e-02
  -6.2014093e-03
  -1.6258579e-03
  -4.7051902e-03
  -5.5719353e-03
  -7.8237066e-03
   1.8604788e-04
   1.1236714e-02
   1.2249310e-02
   0.0000000e+00
   0.0000000e+00
  -6.7926813e-03
  -1.7787009e-02
  -2.0728042e-02
  -1.7504793e-02
  -1.1874648e-03
   7.1771874e-04
   4.6122554e-03
   6.8214987e-03
   1.0283377e-02
   9.9865682e-03
   8.9943372e-03
   2.6252726e-03
  -4.9337833e-03
  -5.2218875e-03
  -1.0208450e-04
   1.3045690e-02
   1.7864892e-02
   1.5182190e-02
   1.3871353e-02
   0.0000000e+00
   0.0000000e+00
   4.3351506e-04
   4.5606334e-03
  -1.7106619e-03
  -8.9181270e-03
   1.3495532e-03
   9.5525812e-03
   8.0039408e-03
   3.5061287e-03
   2.2459573e-03
   2.2790059e-03
   1.7319709e-02
   2.3730975e-02
   2.1254747e-02
   0.0000000e+00
   0.0000000e+00
  -5.6794511e-03
  -1.0080890e-02
  -6.7653535e-03
  -2.1002875e-03
   8.3666090e-03
   1.1115633e-02
   1.4525915e-02
   1.6701763e-02
   1.9184662e-02
   1.7385090e-02
   1.6240245e-02
   7.9410207e-03
   5.1821116e-04
   1.7731303e-03
   7.1922466e-03
   2.1014726e-02
   2.1530610e-02
   1.9876042e-02
   2.3158675e-02
   9.2932088e-03
   0.0000000e+00
   5.9574693e-03
   4.7373004e-03
   0.0000000e+00
   4.5941076e-03
   1.6097011e-02
   2.2520732e-02
   1.7853960e-02
   1.4575421e-02
   1.1014353e-02
   1.3433391e-02
   3.0102486e-02
   2.8303261e-02
   0.0000000e+00
   0.0000000e+00
   0.0000000e+00
  -0.0000000e+00
   1.2028937e-03
   6.5384689e-03
   9.2858709e-03
   1.4884791e-02
   1.8856687e-02
   2.2878647e-02
   2.4386022e-02
   2.5828118e-02
   2.2559650e-02
   2.0027123e-02
   1.1937279e-02
   6.8075904e-03
   1.1198149e-02
   1.6277745e-02
   2.7034242e-02
   1.9287671e-02
   0.0000000e+00
   3.1863548e-02
   1.0051925e-02
   0.0000000e+00
   0.0000000e+00
   9.7809722e-04
   0.0000000e+00
   1.2331054e-02
   2.5731154e-02
   3.1952474e-02
   2.0142375e-02
   1.8545139e-02
   1.4182711e-02
   2.0316591e-02
   3.3711623e-02
   2.3230332e-02
   0.0000000e+00
   0.0000000e+00
   0.0000000e+00
   0.0000000e+00
   1.3627738e-02
   1.5732279e-02
   1.5140581e-02
   1.6711734e-02
   2.0894781e-02
   2.4169629e-02
   2.4352711e-02
   2.4707522e-02
   2.0704066e-02
   1.6845005e-02
   1.1317631e-02
   1.0223206e-02
   1.6245434e-02
   2.0244850e-02
   2.5960272e-02
   1.3546824e-02
   1.1833187e-02
   3.0406897e-02
   0.0000000e+00
   0.0000000e+00
   0.0000000e+00
  -1.7421253e-04
   1.2259994e-02
   1.5783342e-02
   2.6438493e-02
   3.4417290e-02
   1.9323179e-02
   0.0000000e+00
   0.0000000e+00
   1.9668485e-02
   2.7905110e-02
   1.7117830e-02
   7.5677670e-03
   0.0000000e+00
   0.0000000e+00
   0.0000000e+00
   1.8574828e-02
   1.6106343e-02
   1.5150129e-02
   1.5409034e-02
   1.9362843e-02
   2.1304514e-02
   2.1024236e-02
   2.0439433e-02
   1.6473887e-02
   1.2556067e-02
   9.2682382e-03
   1.1344190e-02
   1.7035194e-02
   2.0777933e-02
   2.3387795e-02
   1.3077291e-02
   1.6615268e-02
   2.5202511e-02
   0.0000000e+00
   0.0000000e+00
   0.0000000e+00
   2.2027761e-03
   1.7579222e-02
   1.8215505e-02
   2.4349591e-02
   3.2053564e-02
   1.3705639e-02
   0.0000000e+00
   0.0000000e+00
   0.0000000e+00
   2.1804372e-02
   1.4951419e-02
   6.3649051e-03
   0.0000000e+00
   0.0000000e+00
   1.3898341e-02
   1.6651992e-02
   1.3031326e-02
   1.2749182e-02
   1.2864990e-02
   1.6243273e-02
   1.6888160e-02
   1.6535565e-02
   1.5066722e-02
   1.1433903e-02
   8.3078817e-03
   7.0845755e-03
   1.1601659e-02
   1.5951063e-02
   1.9495472e-02
   1.9849379e-02
   1.3531310e-02
   2.2209186e-02
   2.0993700e-02
   0.0000000e+00
   0.0000000e+00
   0.0000000e+00
   0.0000000e+00
   2.1495325e-02
   1.9289888e-02
   2.2356210e-02
   2.6298322e-02
   8.5868072e-03
   2.5355581e-04
  -2.1990395e-03
   0.0000000e+00
   1.5930179e-02
   1.3572455e-02
   4.8579297e-03
   0.0000000e+00
   0.0000000e+00
   1.2828571e-02
   1.1751557e-02
   8.7391529e-03
   9.5781507e-03
   9.3579367e-03
   1.1204033e-02
   1.1857726e-02
   1.1904996e-02
   9.8359222e-03
   6.9835521e-03
   5.9827403e-03
   6.2071346e-03
   1.0837251e-02
   1.2728262e-02
   1.5430616e-02
   1.5380303e-02
   1.4688382e-02
   3.0114433e-02
   1.6854542e-02
  -3.0031007e-03
   0.0000000e+00
   0.0000000e+00
   0.0000000e+00
   2.0125466e-02
   1.6670080e-02
   2.3287080e-02
   1.5172961e-02
   3.2603689e-03
  -4.9234428e-03
  -4.3288894e-03
   0.0000000e+00
   0.0000000e+00
   1.2451300e-02
   1.3536223e-03
  -7.4052767e-03
   0.0000000e+00
   8.6279660e-03
   4.0765116e-03
   4.5948769e-03
   6.1912420e-03
   9.4322721e-03
   1.0569607e-02
   1.1633666e-02
   1.1988204e-02
   9.9973856e-03
   9.2545832e-03
   8.8172648e-03
   9.7127678e-03
   1.2541247e-02
   1.2678592e-02
   1.4619458e-02
   1.2949799e-02
   1.4553320e-02
   2.4243768e-02
   1.0060639e-02
  -2.5883271e-03
   0.0000000e+00
   0.0000000e+00
   0.0000000e+00
   1.3542889e-02
   1.5447903e-02
   2.4143208e-02
   9.8440917e-03
   2.9617948e-03
  -1.3272585e-03
  -5.5102506e-03
  -3.4224373e-03
   0.0000000e+00
   1.0167104e-02
  -2.5033196e-03
  -6.3576105e-03
   6.5187379e-03
   7.2550452e-03
   3.2705117e-03
   5.7776212e-03
   6.3069835e-03
   9.4592338e-03
   1.0712689e-02
   1.1459909e-02
   1.2135145e-02
   1.0387130e-02
   1.1008373e-02
   1.0515615e-02
   1.1530887e-02
   1.3110177e-02
   1.2544242e-02
   1.4536394e-02
   1.0261554e-02
   1.2589579e-02
   1.4110569e-02
   2.0342809e-03
   9.5092812e-04
   0.0000000e+00
   0.0000000e+00
   0.0000000e+00
   7.0252870e-03
   1.6406082e-02
   2.1039590e-02
   6.9132745e-03
   3.9512371e-03
   1.1183788e-03
  -4.4880789e-03
  -8.0575319e-03
   0.0000000e+00
   0.0000000e+00
  -4.6433569e-03
  -4.8934473e-03
   6.8942779e-03
   6.7440867e-03
   3.9747283e-03
   6.3737659e-03
   6.7267739e-03
   9.5993113e-03
   1.1110719e-02
   1.1077615e-02
   1.1757053e-02
   1.0318480e-02
   1.1670305e-02
   1.0921600e-02
   1.1689995e-02
   1.2233345e-02
   1.1390896e-02
   1.3838426e-02
   7.4955700e-03
   9.6455896e-03
   2.5534988e-03
  -5.0697178e-03
   6.1212912e-03
   0.0000000e+00
   0.0000000e+00
   0.0000000e+00
   1.7294140e-03
   1.7614435e-02
   1.5746931e-02
   5.0862017e-03
   5.7529979e-03
   3.3906810e-03
  -6.3039240e-04
  -1.1982138e-02
  -0.0000000e+00
   0.0000000e+00
  -5.2835159e-03
  -1.8780730e-03
   6.3895066e-03
   7.5214515e-03
   6.2310486e-03
   7.2515025e-03
   7.7370470e-03
   8.0430238e-03
   9.4771730e-03
   9.9442741e-03
   9.7384341e-03
   9.3756085e-03
   1.0358755e-02
   1.0148248e-02
   1.1214686e-02
   1.0852529e-02
   1.0649892e-02
   1.1987247e-02
   5.0646430e-03
   5.0925952e-03
  -8.3949175e-03
  -1.2900644e-02
   3.5164560e-03
   0.0000000e+00
   0.0000000e+00
   0.0000000e+00
  -1.8355615e-03
   1.3188163e-02
   1.1912652e-02
   3.4169345e-03
   2.3341216e-03
  -1.6539461e-03
  -1.9975146e-03
  -1.2970803e-02
  -1.3361477e-02
   0.0000000e+00
  -2.7879190e-03
  -1.0027100e-03
   3.1580641e-03
   5.2913241e-03
   6.1875721e-03
   5.7054022e-03
   7.0090676e-03
   5.4900697e-03
   6.2121958e-03
   8.0518275e-03
   7.3969346e-03
   7.5252224e-03
   8.0089979e-03
   8.4470762e-03
   1.0285187e-02
   9.2802867e-03
   9.1815041e-03
   8.1454497e-03
   2.1818168e-03
   7.6647237e-04
  -1.1211107e-02
  -1.3699430e-02
  -1.5309936e-03
   0.0000000e+00
   0.0000000e+00
  -0.0000000e+00
  -2.4122414e-03
   8.1880987e-03
   1.2212281e-02
   2.8123229e-03
  -2.1213030e-03
  -7.5096325e-03
  -8.4459940e-03
  -1.1952836e-02
  -1.1681906e-02
  -1.3549139e-03
  -1.3459119e-03
  -6.1368488e-04
   2.6704392e-03
   1.9165520e-03
   3.5648039e-03
   3.3011318e-03
   4.1222414e-03
   1.6436919e-03
   1.7771426e-03
   4.3556844e-03
   3.7378899e-03
   3.8697878e-03
   3.8138027e-03
   4.6121487e-03
   6.7830230e-03
   5.5886810e-03
   5.2408078e-03
   2.8069995e-03
  -1.4639552e-03
  -3.9945217e-03
  -1.3659397e-02
  -1.5751223e-02
  -7.4857167e-03
  -0.0000000e+00
   0.0000000e+00
  -0.0000000e+00
  -4.0687406e-03
   2.2773223e-03
   1.0318284e-02
   0.0000000e+00
  -5.0153006e-03
  -1.2544032e-02
  -1.3701121e-02
  -1.2324217e-02
  -1.2175876e-02
  -5.0204592e-03
  -1.7011721e-03
  -1.2689349e-03
   9.0357859e-04
  -1.7016346e-03
  -2.8081355e-05
  -1.7542575e-04
   1.7793931e-04
  -4.4118897e-03
  -4.0201973e-03
  -1.7896359e-03
  -9.3880936e-04
  -1.5113020e-03
  -1.5967635e-03
  -6.2458613e-04
   1.2295567e-03
   9.0411206e-04
  -6.8931945e-04
  -2.8056917e-03
  -6.7946259e-03
  -9.0190293e-03
  -1.6157018e-02
  -1.9874509e-02
  -1.8467622e-02
  -2.8029617e-02
  -2.4591425e-02
  -1.2278577e-02
  -8.3521884e-03
  -3.9485354e-03
   4.3986189e-04
   0.0000000e+00
  -5.1276884e-03
  -1.6867403e-02
  -1.7446384e-02
  -1.5641954e-02
  -1.2765295e-02
  -8.0752000e-03
  -6.2034014e-03
  -4.3843351e-03
  -4.1087768e-03
  -6.4486386e-03
  -5.9224763e-03
  -6.1353869e-03
  -5.7795011e-03
  -1.2762273e-02
  -1.1327311e-02
  -1.0351057e-02
  -8.0608688e-03
  -8.6301835e-03
  -8.9876270e-03
  -8.2901437e-03
  -7.2726780e-03
  -6.2743248e-03
  -7.7076769e-03
  -8.2118046e-03
  -1.2895584e-02
  -1.5315346e-02
  -2.1324508e-02
  -2.6782438e-02
  -2.0157076e-02
  -2.5334470e-02
  -2.7032372e-02
  -2.1478848e-02
  -1.6512092e-02
  -1.0234189e-02
  -0.0000000e+00
  -3.7364340e-03
  -3.8381803e-03
  -1.3661388e-02
  -1.4267435e-02
  -1.8541127e-02
  -1.5782068e-02
  -1.2241242e-02
  -1.4153116e-02
  -1.2184469e-02
  -1.1770645e-02
  -1.1635259e-02
  -1.2758205e-02
  -1.3854099e-02
  -1.3769999e-02
  -1.7294748e-02
  -1.5867474e-02
  -1.4680905e-02
  -1.2512984e-02
  -1.2634709e-02
  -1.3414039e-02
  -1.2936862e-02
  -1.1992606e-02
  -1.0628769e-02
  -1.0787886e-02
  -1.0628840e-02
  -1.4164675e-02
  -1.7998578e-02
  -2.2134366e-02
  -2.5934974e-02
  -2.0375293e-02
  -2.0338742e-02
  -2.3996409e-02
  -2.3637902e-02
  -2.0693123e-02
  -1.4724489e-02
  -0.0000000e+00
  -6.8026693e-03
  -4.5303931e-03
  -9.5591052e-03
  -1.2037938e-02
  -1.7392855e-02
  -1.8015370e-02
  -1.6234808e-02
  -1.7649254e-02
  -1.6851505e-02
  -1.5510674e-02
  -1.4856149e-02
  -1.6141912e-02
  -1.7605387e-02
  -1.8251348e-02
  -1.9882629e-02
  -1.8756153e-02
  -1.6996974e-02
  -1.5327662e-02
  -1.5059854e-02
  -1.6053474e-02
  -1.5841302e-02
  -1.4700305e-02
  -1.3330216e-02
  -1.2221263e-02
  -1.1790677e-02
  -1.3543366e-02
  -1.8178163e-02
  -1.9956652e-02
  -2.1761250e-02
  -2.0799464e-02
  -1.6611325e-02
  -1.9485472e-02
  -2.3126623e-02
  -2.1917013e-02
  -1.7373810e-02
  -1.2434996e-02
  -9.6777845e-03
  -6.2496815e-03
  -6.1881529e-03
  -1.0488377e-02
  -1.5070667e-02
  -1.8896714e-02
  -1.9397646e-02
  -1.8948657e-02
  -1.9042650e-02
  -1.6952489e-02
  -1.6660921e-02
  -1.7818278e-02
  -1.9288061e-02
  -2.0783996e-02
  -1.9746497e-02
  -1.8889124e-02
  -1.6738897e-02
  -1.5431013e-02
  -1.5247303e-02
  -1.5697457e-02
  -1.6048340e-02
  -1.4492652e-02
  -1.3371094e-02
  -1.1841473e-02
  -1.1341265e-02
  -1.0816373e-02
  -1.2905918e-02
  -1.1825813e-02
  -1.4800524e-02
  -2.4690494e-02
  -1.9002948e-02
  -1.4194028e-02
  -1.6069941e-02
  -1.6043773e-02
  -1.6604876e-02
  -9.2909671e-03
  -8.0095408e-03
  -8.8307625e-03
  -4.7439886e-03
  -9.2506735e-03
  -1.2115467e-02
  -1.6363643e-02
  -2.0162707e-02
  -1.6971337e-02
  -1.6203107e-02
  -1.4862580e-02
  -1.5807437e-02
  -1.7005615e-02
  -1.7739706e-02
  -2.0200172e-02
  -1.4762937e-02
  -1.4003195e-02
  -1.2635846e-02
  -1.0742131e-02
  -1.1381705e-02
  -1.0454711e-02
  -1.1379495e-02
  -1.0496673e-02
  -9.3324129e-03
  -8.5524814e-03
  -7.2150580e-03
  -6.6132853e-03
  -3.4715743e-03
  -3.5603666e-03
  -9.8099569e-03
  -2.3902692e-02
  -2.6397856e-02
  -1.3356225e-02
  -8.2099547e-03
  -6.0711694e-03
  -5.9476211e-03
  -2.8643755e-03
   1.3320070e-03
  -4.2095417e-03
  -2.9451193e-03
  -3.4076427e-03
  -7.7018831e-03
  -7.9382230e-03
  -1.1921588e-02
  -1.0528689e-02
  -8.2125003e-03
  -7.3071239e-03
  -7.5821704e-03
  -1.1046878e-02
  -1.1963920e-02
  -1.4649192e-02
  -8.0248965e-03
  -7.3922882e-03
  -6.4976439e-03
  -4.2856457e-03
  -4.9368157e-03
  -3.6919354e-03
  -4.7010710e-03
  -4.4199647e-03
  -3.2898609e-03
  -2.9860712e-03
  -9.6133747e-04
  -9.0847607e-04
   1.8119409e-03
   2.7453684e-04
  -4.4231950e-03
  -1.4495388e-02
  -2.3887577e-02
  -1.8004364e-02
  -0.0000000e+00
  -4.1729036e-03
   1.2873862e-04
   1.5298470e-03
   6.8508177e-03
   6.5275826e-03
   6.2375685e-03
   6.2673716e-03
   1.7919475e-03
   1.2110650e-03
  -6.8071659e-04
  -1.3104529e-03
  -4.9385987e-04
   9.4182370e-04
   1.7910361e-03
  -2.1664146e-03
  -4.4952896e-03
  -7.5668241e-03
  -4.8388907e-04
   3.3838325e-04
   1.3665112e-03
   3.4451110e-03
   3.0959880e-03
   3.6692871e-03
   3.5425045e-03
   2.9886786e-03
   4.0873503e-03
   3.8496137e-03
   5.6537800e-03
   4.7477884e-03
   3.6773174e-03
   4.4993740e-03
   3.3019837e-03
  -1.9942611e-03
  -1.2142387e-02
  -1.2009758e-02
  -0.0000000e+00
  -0.0000000e+00
   0.0000000e+00
   1.8680597e-03
   7.4513859e-03
   1.5276174e-02
   1.6283558e-02
   1.7535863e-02
   1.5364590e-02
   1.1992429e-02
   1.0453214e-02
   8.5119475e-03
   8.2093170e-03
   9.4986772e-03
   1.0440650e-02
   7.7370401e-03
   4.4833892e-03
   9.9705462e-04
   6.8468321e-03
   8.2248002e-03
   9.8907808e-03
   1.1608362e-02
   1.1850477e-02
   1.1143316e-02
   1.2490507e-02
   1.1131623e-02
   1.1861920e-02
   1.1186025e-02
   1.1728117e-02
   9.6411770e-03
   5.9345085e-03
   1.2411145e-02
   1.2422929e-02
   1.0637114e-02
   5.5516982e-03
   2.2701363e-03
   0.0000000e+00
   0.0000000e+00
  -0.0000000e+00
  -2.0805982e-03
   3.8374355e-03
   1.8801464e-02
   2.3542797e-02
   2.4672534e-02
   2.6594967e-02
   2.2202829e-02
   1.9959237e-02
   1.7975312e-02
   1.8276239e-02
   1.7962867e-02
   1.7412622e-02
   1.6419036e-02
   1.2992804e-02
   9.6624782e-03
   1.2791432e-02
   1.4502990e-02
   1.6921217e-02
   1.8346282e-02
   1.9684028e-02
   1.8152487e-02
   2.0023104e-02
   1.8821845e-02
   1.8487070e-02
   1.7624084e-02
   1.6981322e-02
   1.4906184e-02
   1.3635925e-02
   2.3039810e-02
   1.8967561e-02
   2.0291023e-02
   2.2674991e-02
   0.0000000e+00
   0.0000000e+00
  -0.0000000e+00
  -0.0000000e+00
  -6.3985833e-03
   6.9027918e-04
   1.4316271e-02
   2.2110600e-02
   2.2832945e-02
   2.7549302e-02
   2.7030598e-02
   2.6024874e-02
   2.5681125e-02
   2.7752725e-02
   2.5912462e-02
   2.3058122e-02
   2.2361824e-02
   1.8575702e-02
   1.5800763e-02
   1.5605778e-02
   1.6314713e-02
   1.9136025e-02
   2.0438999e-02
   2.2427583e-02
   2.1600723e-02
   2.2496784e-02
   2.3203200e-02
   2.1224855e-02
   2.0304710e-02
   2.0733114e-02
   2.0152938e-02
   2.1766597e-02
   2.5348637e-02
   1.7882641e-02
   2.5197325e-02
   3.4088909e-02
   2.2379498e-02
   1.6898733e-02
   2.6616863e-03
  -1.5619938e-02
  -8.1544835e-03
  -3.2254504e-03
   6.8278136e-03
   1.7474571e-02
   1.4968210e-02
   1.8289147e-02
   2.2435788e-02
   2.4612039e-02
   2.7409896e-02
   3.1109093e-02
   3.0895194e-02
   2.6701571e-02
   2.4896674e-02
   2.0575678e-02
   1.7355219e-02
   1.1932903e-02
   1.0754442e-02
   1.3355061e-02
   1.4473299e-02
   1.5271120e-02
   1.5659787e-02
   1.6832184e-02
   1.9587258e-02
   1.5839873e-02
   1.5725527e-02
   1.9585926e-02
   1.7563794e-02
   1.5945477e-02
   1.2848661e-02
   1.1207503e-02
   2.2561867e-02
   2.7506318e-02
   1.7961321e-02
   1.1916183e-02
   2.6930415e-04
  -1.0713953e-02
  -7.5272573e-03
  -1.0112039e-02
  -3.2374787e-03
   9.9778334e-03
   7.6577547e-03
   8.5792104e-03
   1.1492691e-02
   1.2800646e-02
   1.8449161e-02
   2.5234576e-02
   2.6929835e-02
   2.2332739e-02
   2.0606875e-02
   1.7824158e-02
   1.3633397e-02
  -8.0044335e-04
  -2.3940480e-03
  -2.2322872e-04
   1.4937249e-03
   1.8689880e-03
   2.9051239e-03
   4.6270853e-03
   5.8879866e-03
   2.8759555e-03
   5.1956153e-03
   1.0073233e-02
   4.9413890e-03
   3.2159017e-04
  -1.2412233e-03
   2.4622590e-03
   7.4050277e-03
   3.1443492e-03
  -8.7961712e-04
   1.7776951e-04
  -3.4239911e-04
  -1.4565185e-03
  -4.3596812e-03
  -1.2758970e-02
  -1.6040357e-02
  -8.1267385e-03
  -3.0941293e-03
  -2.7578033e-04
  -1.2627910e-03
  -3.6082454e-03
   2.6888580e-03
   1.1895279e-02
   1.2003209e-02
   6.5417443e-03
   6.2712398e-03
   6.7785545e-03
   2.7886450e-03
  -1.2768710e-02
  -1.2874244e-02
  -9.9516157e-03
  -6.1318292e-03
  -4.5096609e-03
  -3.8477201e-03
  -4.2077214e-03
  -5.2520144e-03
  -4.2490875e-03
   1.7020309e-04
   3.2449495e-03
  -6.9213466e-04
  -5.7384335e-03
  -7.7751982e-03
  -7.1301865e-03
  -7.8906147e-03
  -1.2413530e-02
  -1.3416832e-02
  -8.3589787e-03
  -2.1346868e-03
   1.5064277e-03
  -3.1588244e-04
  -7.0538525e-03
  -1.6724231e-02
  -2.0547532e-02
  -1.6426232e-02
  -1.1307891e-02
  -1.0505619e-02
  -1.1434935e-02
  -6.4333756e-03
   5.6300370e-04
   2.5405249e-04
  -4.5181806e-03
  -6.4880946e-03
  -7.0135663e-03
  -9.9960724e-03
  -9.3370155e-03
  -8.7387823e-03
  -6.3372925e-03
  -3.3042114e-03
  -1.2738396e-03
  -2.5205675e-04
  -1.0951721e-04
   5.1201769e-05
   1.0762998e-03
   2.3853306e-03
   2.2671761e-03
  -1.3825845e-04
  -3.3893648e-03
  -5.7408279e-03
  -6.9185286e-03
  -7.2841374e-03
  -8.0431178e-03
  -9.2613399e-03
  -9.7664632e-03
  -8.7963101e-03
  -6.2393504e-03
  -2.6319842e-03
  -2.2839638e-05
   4.6529356e-04
  -7.8401039e-04
  -1.9985517e-03
  -2.9020568e-03
  -3.3891248e-03
  -3.2906414e-03
  -2.2893259e-03
  -1.0676720e-03
  -1.1188721e-03
  -2.5129407e-03
  -4.4344892e-03
  -6.4402618e-03
  -8.3663594e-03
