   1.8772181e-03
   1.7550652e-03
   1.6216568e-03
   1.5216840e-03
   1.3286062e-03
   1.1735073e-03
   9.2524831e-04
   5.7270203e-04
   2.1676586e-04
  -1.0358644e-04
  -2.9116746e-04
  -5.7993341e-04
  -0.0000000e+00
   0.0000000e+00
   0.0000000e+00
   0.0000000e+00
   0.0000000e+00
   0.0000000e+00
   0.0000000e+00
   0.0000000e+00
   0.0000000e+00
   0.0000000e+00
   0.0000000e+00
   0.0000000e+00
   0.0000000e+00
   0.0000000e+00
   0.0000000e+00
   0.0000000e+00
   0.0000000e+00
   0.0000000e+00
   1.8244136e-03
   1.7487686e-03
   1.8476168e-03
   1.8994736e-03
   1.9117008e-03
   1.9046032e-03
  -0.0000000e+00
  -0.0000000e+00
  -0.0000000e+00
   0.0000000e+00
  -0.0000000e+00
  -0.0000000e+00
  -0.0000000e+00
  -0.0000000e+00
  -0.0000000e+00
  -1.9814318e-03
  -1.8073541e-03
  -1.4970054e-03
  -4.3351212e-04
   0.0000000e+00
   0.0000000e+00
   0.0000000e+00
   0.0000000e+00
   0.0000000e+00
   0.0000000e+00
   0.0000000e+00
   0.0000000e+00
   0.0000000e+00
   0.0000000e+00
   0.0000000e+00
   0.0000000e+00
   0.0000000e+00
   0.0000000e+00
   0.0000000e+00
   0.0000000e+00
   0.0000000e+00
   0.0000000e+00
   0.0000000e+00
   1.6899186e-04
   5.2575055e-05
  -2.0971170e-05
  -0.0000000e+00
   1.3532126e-03
   2.4367375e-03
   5.5094300e-03
   9.3831928e-03
   1.4160600e-02
   1.7745740e-02
   9.7181667e-03
   6.6366051e-03
   6.4693006e-03
   5.3645275e-03
   2.4453708e-03
   3.1914564e-03
   5.6338412e-03
   6.6981444e-03
   6.5374248e-03
   4.8308120e-03
   3.1746735e-03
   0.0000000e+00
   0.0000000e+00
   0.0000000e+00
   0.0000000e+00
   0.0000000e+00
   0.0000000e+00
   0.0000000e+00
   0.0000000e+00
   0.0000000e+00
   0.0000000e+00
   0.0000000e+00
   0.0000000e+00
   0.0000000e+00
   0.0000000e+00
   0.0000000e+00
   7.6811819e-04
   1.1957835e-03
   1.4814504e-03
   1.3814741e-03
   8.7196548e-03
   1.3273254e-02
   2.0478263e-02
   3.3456899e-02
   7.7571668e-02
   1.0514278e-01
   8.4005043e-02
   6.8197124e-02
   6.0644481e-02
   3.5783719e-02
   1.7049936e-02
   1.3343675e-02
   0.0000000e+00
   0.0000000e+00
   0.0000000e+00
   0.0000000e+00
   0.0000000e+00
   0.0000000e+00
   0.0000000e+00
   0.0000000e+00
   0.0000000e+00
   0.0000000e+00
   0.0000000e+00
   0.0000000e+00
   0.0000000e+00
   0.0000000e+00
   0.0000000e+00
   0.0000000e+00
   0.0000000e+00
   0.0000000e+00
   0.0000000e+00
   0.0000000e+00
   2.3431089e-03
   3.0561939e-03
   4.1171532e-03
   6.2485994e-03
   2.5848377e-02
   3.1625424e-02
   3.8683780e-02
   6.1374795e-02
   1.3137269e-01
   1.5928175e-01
   1.4130045e-01
   1.1152969e-01
   9.4011374e-02
   6.4326964e-02
   3.9986569e-02
   3.2603264e-02
   0.0000000e+00
   0.0000000e+00
   0.0000000e+00
   0.0000000e+00
   0.0000000e+00
   0.0000000e+00
   0.0000000e+00
   0.0000000e+00
   0.0000000e+00
   1.0183581e-02
   6.1899680e-03
   0.0000000e+00
   0.0000000e+00
   0.0000000e+00
   0.0000000e+00
   0.0000000e+00
   0.0000000e+00
   0.0000000e+00
   0.0000000e+00
   0.0000000e+00
   8.4557039e-03
   1.2298170e-02
   1.4760964e-02
   1.9614238e-02
   4.3943115e-02
   4.9913190e-02
   6.0316019e-02
   9.4810486e-02
   1.4486250e-01
   1.5302224e-01
   1.3913585e-01
   1.1239237e-01
   9.5741160e-02
   7.5281225e-02
   6.2472742e-02
   5.1267590e-02
   3.4351033e-02
   0.0000000e+00
   0.0000000e+00
   0.0000000e+00
   0.0000000e+00
   0.0000000e+00
   0.0000000e+00
   0.0000000e+00
   1.8145256e-02
   2.8925939e-02
   2.1928513e-02
   0.0000000e+00
   0.0000000e+00
   0.0000000e+00
   0.0000000e+00
   2.9786575e-02
   2.0066491e-02
   0.0000000e+00
   0.0000000e+00
   0.0000000e+00
   2.7709937e-02
   4.3755081e-02
   3.8788714e-02
   4.0665638e-02
   6.9136426e-02
   7.5606823e-02
   8.5317098e-02
   1.0300740e-01
   1.2193547e-01
   1.2144118e-01
   1.1096793e-01
   9.4594374e-02
   8.4991604e-02
   7.5097486e-02
   6.9891617e-02
   5.6841284e-02
   3.2550422e-02
   0.0000000e+00
   0.0000000e+00
   0.0000000e+00
   0.0000000e+00
   0.0000000e+00
   0.0000000e+00
   3.4560457e-02
   4.4286720e-02
   6.5142602e-02
   4.3004446e-02
   0.0000000e+00
   0.0000000e+00
   0.0000000e+00
   3.6594196e-02
   4.3476372e-02
   4.0578768e-02
   2.2740789e-02
   0.0000000e+00
   0.0000000e+00
   5.4608222e-02
   7.9373039e-02
   6.9521941e-02
   6.8019956e-02
   4.8967075e-02
   4.7294319e-02
   5.2002937e-02
   6.1274808e-02
   7.0908815e-02
   7.1122177e-02
   6.5466546e-02
   5.7048701e-02
   5.3626802e-02
   5.0800040e-02
   4.9083747e-02
   4.2447783e-02
   2.6803988e-02
   2.3886099e-02
   2.1628193e-02
   0.0000000e+00
   0.0000000e+00
   1.5021865e-02
   3.0706764e-02
   4.8218290e-02
   6.6801928e-02
   7.7803418e-02
   4.7233246e-02
   2.1864716e-02
   2.3697610e-02
   2.8655215e-02
   4.0234639e-02
   5.2719701e-02
   4.1367792e-02
   1.8222162e-02
   0.0000000e+00
   0.0000000e+00
   4.7837228e-02
   7.1929716e-02
   6.3754752e-02
   5.5663906e-02
  -1.0975057e-02
  -1.4858605e-02
  -1.1385088e-02
  -3.7847103e-03
   3.8720625e-03
   8.1494870e-03
   7.6488201e-03
   4.4626561e-03
   3.2736068e-03
   4.2221067e-03
   6.6494495e-03
   8.7501351e-03
   6.0564941e-03
   9.1325417e-03
   1.4254970e-02
   0.0000000e+00
  -0.0000000e+00
   6.3306754e-03
   2.2171021e-02
   3.3775560e-02
   3.7549514e-02
   3.7018847e-02
   1.8929752e-02
   1.6815481e-03
   5.4503777e-03
   1.0865257e-02
   1.8203843e-02
   1.8465066e-02
   4.3895952e-03
  -1.2306087e-03
   0.0000000e+00
   0.0000000e+00
   1.4001768e-02
   1.6368384e-02
   9.2546586e-03
  -1.8145688e-03
  -6.1984498e-02
  -6.6012830e-02
  -6.5588318e-02
  -5.9166394e-02
  -5.5032875e-02
  -4.8232727e-02
  -4.7410324e-02
  -4.4264030e-02
  -4.5735676e-02
  -4.3733370e-02
  -3.7543353e-02
  -3.4588594e-02
  -1.9361572e-02
  -6.8143700e-03
   2.2979574e-03
   1.7963103e-03
  -0.0000000e+00
  -7.4927817e-03
   3.0471878e-03
   0.0000000e+00
  -8.4973034e-03
  -2.0726193e-02
  -2.2694288e-02
  -3.0643687e-02
  -2.2113414e-02
  -1.7277606e-02
  -2.1513931e-02
  -3.0704921e-02
  -2.9850215e-02
  -0.0000000e+00
   0.0000000e+00
   0.0000000e+00
  -0.0000000e+00
  -4.1436814e-02
  -4.7755484e-02
  -5.6493476e-02
  -7.9091549e-02
  -8.4084421e-02
  -8.7925188e-02
  -8.2932450e-02
  -8.2489073e-02
  -7.5866282e-02
  -7.5507745e-02
  -6.9182999e-02
  -6.9324300e-02
  -6.8529531e-02
  -6.2681220e-02
  -6.2510520e-02
  -3.5570862e-02
  -0.0000000e+00
  -5.5617776e-03
  -3.7006269e-04
   0.0000000e+00
  -0.0000000e+00
  -1.1233970e-02
  -0.0000000e+00
  -3.2939918e-02
  -5.5531144e-02
  -5.5915743e-02
  -4.6940465e-02
  -3.2715362e-02
  -3.0460404e-02
  -4.2787589e-02
  -5.9940755e-02
  -4.4653948e-02
  -0.0000000e+00
   0.0000000e+00
   0.0000000e+00
  -0.0000000e+00
  -6.8218865e-02
  -7.1908697e-02
  -7.5833142e-02
  -7.2113335e-02
  -7.8142464e-02
  -8.5889511e-02
  -8.2790956e-02
  -8.4472686e-02
  -7.9131603e-02
  -7.8331552e-02
  -7.2274573e-02
  -6.9884181e-02
  -7.0718348e-02
  -6.6590123e-02
  -6.8739265e-02
  -4.0677877e-02
  -1.9211040e-02
  -6.8468914e-03
  -2.7405515e-03
   0.0000000e+00
  -0.0000000e+00
  -1.7926563e-02
  -2.3205150e-02
  -4.1824497e-02
  -6.7924835e-02
  -7.5603984e-02
  -5.1002965e-02
  -0.0000000e+00
  -0.0000000e+00
  -4.5497827e-02
  -6.6564046e-02
  -4.5058224e-02
  -1.2686429e-02
   0.0000000e+00
   0.0000000e+00
  -0.0000000e+00
  -6.8794176e-02
  -6.9787107e-02
  -6.9310427e-02
  -4.5910746e-02
  -5.2452806e-02
  -6.2889896e-02
  -6.2403098e-02
  -6.4255349e-02
  -6.0935643e-02
  -5.7890195e-02
  -5.5230524e-02
  -4.9700610e-02
  -5.1789038e-02
  -4.9897395e-02
  -5.2326150e-02
  -3.6585841e-02
  -1.9007258e-02
  -1.4887348e-02
  -4.8279459e-03
   0.0000000e+00
   0.0000000e+00
  -1.8629028e-02
  -3.0546149e-02
  -3.9308600e-02
  -6.1181739e-02
  -8.1103966e-02
  -4.2860738e-02
  -0.0000000e+00
   0.0000000e+00
  -0.0000000e+00
  -5.0983880e-02
  -3.4199797e-02
  -6.7860334e-03
  -0.0000000e+00
   0.0000000e+00
  -3.0999486e-02
  -4.6259552e-02
  -4.5011349e-02
  -4.1858222e-02
  -1.5806491e-02
  -2.1723889e-02
  -3.0840270e-02
  -3.2628495e-02
  -3.2388110e-02
  -3.1719338e-02
  -2.6993345e-02
  -2.6509155e-02
  -2.2484690e-02
  -2.3728643e-02
  -2.4934215e-02
  -2.6461072e-02
  -2.4148693e-02
  -1.1829332e-02
  -7.9507465e-03
  -6.3852283e-05
   0.0000000e+00
   0.0000000e+00
  -0.0000000e+00
  -2.5222888e-02
  -3.0685186e-02
  -4.1611709e-02
  -5.9479211e-02
  -2.4578532e-02
  -7.2539445e-03
  -7.5602278e-03
   0.0000000e+00
  -2.8484102e-02
  -2.0461321e-02
   1.7041559e-03
   0.0000000e+00
  -0.0000000e+00
  -1.0309511e-02
  -1.2843790e-02
  -1.1782200e-02
  -1.0117353e-02
  -9.3758460e-03
  -1.1823162e-02
  -1.7176177e-02
  -1.8671114e-02
  -1.7132072e-02
  -1.7483441e-02
  -1.2566919e-02
  -1.2453400e-02
  -9.2859818e-03
  -8.6491629e-03
  -9.8622469e-03
  -8.2012471e-03
  -9.3152327e-03
   2.2018141e-04
   5.8167018e-03
   9.3050539e-03
   0.0000000e+00
   0.0000000e+00
   0.0000000e+00
  -1.5908087e-02
  -2.2851883e-02
  -3.2281149e-02
  -3.5977811e-02
  -9.2309723e-03
   7.8388874e-04
   6.5725314e-04
   0.0000000e+00
  -0.0000000e+00
  -1.4709345e-02
  -1.2260830e-03
   1.5083908e-03
  -0.0000000e+00
  -1.2780812e-02
  -6.8927221e-03
  -5.8550388e-03
  -4.3084812e-03
  -1.4442820e-02
  -1.3952433e-02
  -1.6361838e-02
  -1.7266769e-02
  -1.4803153e-02
  -1.6031824e-02
  -1.0795170e-02
  -1.1286598e-02
  -8.2619395e-03
  -6.5766321e-03
  -7.6848133e-03
  -2.3787906e-03
  -3.5744901e-03
   7.8671006e-03
   1.6619638e-02
   1.4570594e-02
   0.0000000e+00
   0.0000000e+00
   0.0000000e+00
  -8.5862797e-03
  -1.9094773e-02
  -2.9605953e-02
  -2.4611445e-02
  -3.1807229e-03
   1.4244638e-03
   5.7281222e-04
   1.9317480e-04
   0.0000000e+00
  -1.3041019e-02
  -9.5852790e-03
  -1.1364486e-02
  -2.1934473e-02
  -1.9555761e-02
  -1.2055552e-02
  -1.2719730e-02
  -1.0228805e-02
  -3.1434946e-02
  -2.8274776e-02
  -2.8460803e-02
  -2.8622601e-02
  -2.5132667e-02
  -2.7651159e-02
  -2.1530023e-02
  -2.3579907e-02
  -1.9920845e-02
  -1.8357031e-02
  -2.0070160e-02
  -9.8276185e-03
  -8.5758949e-03
   1.1183963e-02
   2.6673435e-02
   1.7949424e-02
   0.0000000e+00
   0.0000000e+00
  -0.0000000e+00
  -2.9358214e-03
  -2.0708563e-02
  -3.2795008e-02
  -2.4969213e-02
  -7.0010591e-03
  -8.0497721e-03
  -6.2108468e-03
  -1.3852231e-03
   0.0000000e+00
  -0.0000000e+00
  -2.5821613e-02
  -2.7924327e-02
  -3.2556936e-02
  -3.2063100e-02
  -2.8077519e-02
  -3.2984268e-02
  -2.8238848e-02
  -4.3934543e-02
  -4.0741935e-02
  -4.1468423e-02
  -4.1234657e-02
  -3.6752149e-02
  -3.9428387e-02
  -3.3165950e-02
  -3.7071794e-02
  -3.3907052e-02
  -3.3808678e-02
  -3.5151970e-02
  -2.4140842e-02
  -2.1636259e-02
   2.6092296e-03
   2.3579697e-02
   2.0102548e-02
   0.0000000e+00
   0.0000000e+00
  -0.0000000e+00
  -4.2295256e-04
  -1.6382085e-02
  -3.1085642e-02
  -3.2886103e-02
  -1.8682078e-02
  -1.7301708e-02
  -1.1546676e-02
  -6.6607031e-03
  -0.0000000e+00
  -0.0000000e+00
  -4.0966745e-02
  -4.2394143e-02
  -3.9717499e-02
  -3.9236955e-02
  -3.8774800e-02
  -4.6226867e-02
  -4.0851820e-02
  -4.1209277e-02
  -3.8548961e-02
  -3.9441511e-02
  -3.8675312e-02
  -3.4734383e-02
  -3.6480498e-02
  -3.1725392e-02
  -3.5388246e-02
  -3.3457991e-02
  -3.3529788e-02
  -3.3911105e-02
  -2.5476936e-02
  -2.2432275e-02
  -3.4051498e-03
   1.6260821e-02
   1.6824644e-02
   0.0000000e+00
   0.0000000e+00
  -0.0000000e+00
   2.7164149e-03
  -5.6198255e-03
  -2.1266914e-02
  -2.9258154e-02
  -2.2150448e-02
  -1.7556999e-02
  -1.0544600e-02
  -8.4464103e-03
  -9.0679613e-03
  -0.0000000e+00
  -4.2655326e-02
  -4.1470505e-02
  -3.7485592e-02
  -3.7564296e-02
  -3.7702825e-02
  -4.3274891e-02
  -3.8993582e-02
  -4.2650718e-02
  -4.0697787e-02
  -4.2229451e-02
  -4.1152574e-02
  -3.8604826e-02
  -3.9794628e-02
  -3.6897860e-02
  -4.0678550e-02
  -4.0116746e-02
  -4.1006770e-02
  -4.2133909e-02
  -3.6639165e-02
  -3.2746755e-02
  -1.3587853e-02
   3.8779341e-03
   9.4251484e-03
   0.0000000e+00
   0.0000000e+00
  -0.0000000e+00
   4.0291294e-03
   2.0850792e-03
  -1.1847438e-02
  -2.8756892e-02
  -2.8418247e-02
  -2.3041114e-02
  -1.6506691e-02
  -1.5907284e-02
  -1.6654899e-02
  -2.9290321e-02
  -4.5898847e-02
  -4.2799953e-02
  -3.9061423e-02
  -3.9172582e-02
  -4.0484771e-02
  -4.3701872e-02
  -4.1112632e-02
  -3.1850524e-02
  -2.9311026e-02
  -2.9967165e-02
  -2.8567318e-02
  -2.8378425e-02
  -2.8585827e-02
  -2.8637474e-02
  -3.2327808e-02
  -3.3242095e-02
  -3.6200412e-02
  -3.7572186e-02
  -3.9225277e-02
  -3.7496507e-02
  -3.2936152e-02
  -2.4741225e-02
  -1.0689956e-02
  -0.0000000e+00
   0.0000000e+00
   0.0000000e+00
   2.9592076e-03
   1.6701443e-02
   5.7226977e-03
  -0.0000000e+00
  -2.5680173e-02
  -3.0302234e-02
  -2.3678619e-02
  -2.6250325e-02
  -3.4358177e-02
  -3.6708719e-02
  -4.0003601e-02
  -3.5493955e-02
  -3.3525284e-02
  -3.2808147e-02
  -3.3303335e-02
  -3.2825604e-02
  -3.1597856e-02
  -2.6374187e-02
  -2.2585534e-02
  -2.2995472e-02
  -2.1413965e-02
  -2.2263065e-02
  -2.2486070e-02
  -2.2528091e-02
  -2.5485437e-02
  -2.5388462e-02
  -2.9237753e-02
  -3.0071430e-02
  -3.4332067e-02
  -3.7036914e-02
  -4.8875768e-02
  -6.4192183e-02
  -4.9476047e-02
  -2.8404592e-02
  -2.1174845e-02
  -1.2436846e-02
  -6.2252241e-03
   1.5864432e-02
   8.4390541e-03
  -0.0000000e+00
  -2.1768497e-02
  -3.4551665e-02
  -2.9830476e-02
  -3.9046522e-02
  -5.3994138e-02
  -4.7621559e-02
  -4.2828467e-02
  -3.7366971e-02
  -3.4894045e-02
  -3.1953465e-02
  -3.1496570e-02
  -2.9815765e-02
  -2.7154556e-02
  -3.3343308e-02
  -2.9214786e-02
  -2.9305974e-02
  -2.8116394e-02
  -2.9457105e-02
  -2.9991031e-02
  -2.9452536e-02
  -3.1266648e-02
  -3.0685030e-02
  -3.4215860e-02
  -3.4416951e-02
  -3.8402677e-02
  -4.3650784e-02
  -6.3106067e-02
  -9.0844907e-02
  -5.8932160e-02
  -4.2651847e-02
  -3.6200758e-02
  -2.6504962e-02
  -1.6173925e-02
   5.1224073e-03
   0.0000000e+00
  -2.2141924e-02
  -2.6130829e-02
  -4.0039062e-02
  -4.0679745e-02
  -5.4726053e-02
  -6.7835338e-02
  -5.9096187e-02
  -5.4328606e-02
  -4.9195368e-02
  -4.5825150e-02
  -4.1812260e-02
  -4.0804747e-02
  -3.8794968e-02
  -3.5093889e-02
  -5.4876354e-02
  -5.1167384e-02
  -5.0500531e-02
  -5.0470874e-02
  -5.1908161e-02
  -5.3041324e-02
  -5.1461548e-02
  -5.1362172e-02
  -5.0921682e-02
  -5.2786123e-02
  -5.2524097e-02
  -5.3781968e-02
  -6.0551010e-02
  -8.0976501e-02
  -1.1468486e-01
  -9.6377157e-02
  -6.5379485e-02
  -6.3631833e-02
  -5.4222273e-02
  -2.8547673e-02
  -1.7616607e-02
  -0.0000000e+00
  -2.5649186e-02
  -3.7018189e-02
  -4.9900752e-02
  -6.0739949e-02
  -7.8953229e-02
  -8.3975099e-02
  -7.7237658e-02
  -7.7325776e-02
  -7.4171700e-02
  -6.9450654e-02
  -6.5249793e-02
  -6.3833483e-02
  -6.1997827e-02
  -5.7797644e-02
  -9.7980440e-02
  -9.6185677e-02
  -9.2624046e-02
  -9.5413543e-02
  -9.6247919e-02
  -9.8341845e-02
  -9.5746972e-02
  -9.2574187e-02
  -9.3714312e-02
  -9.0353847e-02
  -9.1733828e-02
  -8.7507010e-02
  -9.2422619e-02
  -9.9839963e-02
  -1.1220241e-01
  -1.1743014e-01
  -8.4916130e-02
  -8.5915811e-02
  -7.6956078e-02
  -4.5628332e-02
  -4.8752364e-02
  -4.2622616e-02
  -6.0017530e-02
  -7.5651512e-02
  -6.7723899e-02
  -9.4958544e-02
  -1.1007110e-01
  -1.0719161e-01
  -1.1005240e-01
  -1.1015003e-01
  -1.1272847e-01
  -1.0827268e-01
  -1.0816230e-01
  -1.0483698e-01
  -1.0289016e-01
  -1.0159905e-01
  -1.2890822e-01
  -1.2832974e-01
  -1.2371595e-01
  -1.2680310e-01
  -1.2721761e-01
  -1.2921737e-01
  -1.2693323e-01
  -1.2233828e-01
  -1.2190001e-01
  -1.1639207e-01
  -1.1848327e-01
  -1.1030245e-01
  -1.0794537e-01
  -1.0056879e-01
  -9.8846585e-02
  -1.1192943e-01
  -9.1238514e-02
  -7.9381227e-02
  -6.4462632e-02
  -4.8947405e-02
  -6.6283487e-02
  -6.1037250e-02
  -8.6379185e-02
  -1.0088273e-01
  -8.4559239e-02
  -1.1449363e-01
  -1.2308385e-01
  -1.2210087e-01
  -1.2808289e-01
  -1.2493003e-01
  -1.2848827e-01
  -1.2723003e-01
  -1.3238211e-01
  -1.3062601e-01
  -1.3019732e-01
  -1.3188255e-01
  -1.2464996e-01
  -1.2381098e-01
  -1.2055898e-01
  -1.2195548e-01
  -1.2233148e-01
  -1.2346298e-01
  -1.2223347e-01
  -1.1838818e-01
  -1.1617353e-01
  -1.1279020e-01
  -1.1381096e-01
  -1.0584062e-01
  -9.8185197e-02
  -8.5729420e-02
  -8.0637641e-02
  -9.0402707e-02
  -7.9441451e-02
  -5.7396013e-02
  -3.9603543e-02
  -3.6319658e-02
  -5.9629783e-02
  -6.7787685e-02
  -8.6143814e-02
  -9.3853198e-02
  -8.1968851e-02
  -1.0595559e-01
  -1.1359083e-01
  -1.1408372e-01
  -1.1722080e-01
  -1.1363713e-01
  -1.1491680e-01
  -1.1518312e-01
  -1.2164190e-01
  -1.2335421e-01
  -1.2463047e-01
  -1.2686144e-01
  -8.4778622e-02
  -8.2704701e-02
  -8.1840359e-02
  -8.0834277e-02
  -8.1327841e-02
  -8.1120946e-02
  -8.1265166e-02
  -7.9587102e-02
  -7.6490402e-02
  -7.7228352e-02
  -7.6208040e-02
  -7.1863547e-02
  -6.2319651e-02
  -5.3385872e-02
  -5.2428097e-02
  -5.2405704e-02
  -4.7147829e-02
  -2.6511804e-02
  -0.0000000e+00
  -1.3232447e-02
  -3.8228210e-02
  -5.5977907e-02
  -6.0221124e-02
  -5.7587549e-02
  -5.7555062e-02
  -6.8973225e-02
  -7.8506485e-02
  -7.8544296e-02
  -7.6123573e-02
  -7.4609213e-02
  -7.2819553e-02
  -7.3318511e-02
  -7.7750280e-02
  -8.2974434e-02
  -8.5384250e-02
  -8.6346529e-02
  -1.5580970e-02
  -1.3487320e-02
  -1.3540602e-02
  -1.2105905e-02
  -1.2136483e-02
  -1.0555253e-02
  -1.1256883e-02
  -1.0791496e-02
  -8.8545084e-03
  -1.0407423e-02
  -7.8129014e-03
  -7.9067191e-03
  -2.7232885e-03
  -1.8542585e-03
  -5.7104379e-03
   4.4799135e-03
   1.0514719e-02
   1.0824656e-02
   0.0000000e+00
   0.0000000e+00
  -0.0000000e+00
  -2.7147623e-02
  -1.5785127e-02
  -4.4362204e-03
  -1.1135638e-02
  -7.9272292e-03
  -1.4329607e-02
  -1.2557710e-02
  -9.7672325e-03
  -1.1353349e-02
  -9.9296439e-03
  -1.0704519e-02
  -1.2259096e-02
  -1.6449561e-02
  -1.7508648e-02
  -1.6925985e-02
   4.8286300e-02
   4.9244609e-02
   4.9705993e-02
   5.0638426e-02
   5.0045267e-02
   5.3440630e-02
   5.3456672e-02
   5.5951267e-02
   5.6829058e-02
   5.6839053e-02
   6.0281713e-02
   5.9048470e-02
   6.3447364e-02
   5.9267968e-02
   6.0856730e-02
   8.0730557e-02
   7.8419939e-02
   4.8790517e-02
   0.0000000e+00
   0.0000000e+00
   0.0000000e+00
   3.5051834e-03
   2.5697788e-02
   4.2595445e-02
   4.4882445e-02
   5.2989880e-02
   5.1275920e-02
   5.5235893e-02
   5.2776352e-02
   5.2154198e-02
   5.2073155e-02
   4.9112014e-02
   4.7251765e-02
   4.5176871e-02
   4.6819050e-02
   4.6508446e-02
   6.4251482e-02
   6.4230636e-02
   6.5492034e-02
   6.7257382e-02
   6.7497708e-02
   6.9810554e-02
   6.9750182e-02
   7.2903059e-02
   7.3616251e-02
   7.5429425e-02
   7.8430027e-02
   7.8365870e-02
   8.3865993e-02
   8.6787112e-02
   1.0006060e-01
   1.2142586e-01
   1.2097970e-01
   0.0000000e+00
   0.0000000e+00
   0.0000000e+00
   0.0000000e+00
   1.6962957e-02
   4.2256922e-02
   5.2788667e-02
   6.0340926e-02
   6.3022360e-02
   6.2860318e-02
   6.7052372e-02
   6.4625986e-02
   6.7296803e-02
   6.7193910e-02
   6.5918513e-02
   6.4695582e-02
   6.2919304e-02
   6.4227104e-02
   6.2774867e-02
   4.7064845e-02
   4.7241475e-02
   4.8064388e-02
   4.9436487e-02
   5.0579090e-02
   5.2542128e-02
   5.3032089e-02
   5.4448649e-02
   5.3463057e-02
   5.3495735e-02
   5.4642402e-02
   5.6268156e-02
   5.9149191e-02
   5.9312027e-02
   6.7435041e-02
   7.3434688e-02
   8.2589507e-02
   4.3002868e-02
   1.2970608e-02
   1.2099031e-02
   1.3893116e-02
   1.8738735e-02
   2.7461682e-02
   3.0400343e-02
   3.5216875e-02
   3.8104154e-02
   4.0374842e-02
   4.5352757e-02
   4.7186341e-02
   4.9444932e-02
   5.0125267e-02
   4.9995255e-02
   4.9641363e-02
   4.7544714e-02
   4.7154613e-02
   4.6553325e-02
   1.9610016e-02
   1.9536760e-02
   1.9996068e-02
   2.1741157e-02
   2.3621256e-02
   2.5671626e-02
   2.6742721e-02
   2.6067914e-02
   2.4525438e-02
   2.3960378e-02
   2.4883263e-02
   2.6782151e-02
   2.8881894e-02
   2.9955957e-02
   3.3746395e-02
   3.3691373e-02
   3.1721711e-02
   2.5077563e-02
   1.7365780e-02
   1.5545423e-02
   1.4104737e-02
   1.2421964e-02
   1.1403167e-02
   1.0477082e-02
   1.0109029e-02
   1.1996157e-02
   1.3675136e-02
   1.5271919e-02
   1.6957598e-02
   1.7904267e-02
   1.9426279e-02
   2.0308508e-02
   2.1056030e-02
   2.0683086e-02
   2.0241830e-02
   1.9953813e-02
   9.1992747e-03
   9.6226763e-03
   9.5880032e-03
   9.7307405e-03
   9.4762444e-03
   9.9235401e-03
   1.0079334e-02
   9.9727763e-03
   1.0559822e-02
   1.0316710e-02
   9.8769367e-03
   1.0444201e-02
   1.0458752e-02
   1.0049673e-02
   9.9687409e-03
   8.7930383e-03
   9.8051233e-03
   1.1152331e-02
   1.0924478e-02
   1.0915288e-02
   1.0209435e-02
   9.4181988e-03
   8.1881685e-03
   7.6339422e-03
   6.4153420e-03
   7.0855711e-03
   7.6846308e-03
   7.1299467e-03
   7.7423202e-03
   7.6202913e-03
   7.5819269e-03
   7.1531385e-03
   7.8595001e-03
   8.3989389e-03
   8.5014589e-03
   9.0857465e-03
   4.1465666e-03
   4.5963977e-03
   4.8164981e-03
   5.0020609e-03
   4.5893476e-03
   4.5840899e-03
   4.6631265e-03
   4.8166667e-03
   5.0241943e-03
   4.4613574e-03
   4.1408245e-03
   4.6110153e-03
   4.7229966e-03
   4.4446499e-03
   4.7339671e-03
   4.8275795e-03
   5.1461975e-03
   4.8488514e-03
   4.3707374e-03
   4.4380282e-03
   4.5249267e-03
   4.9094977e-03
   5.0167907e-03
   5.6634890e-03
   4.8487922e-03
   3.9458815e-03
   3.6969359e-03
   3.3240600e-03
   3.1481420e-03
   3.0261273e-03
   3.3965914e-03
   3.0850717e-03
   2.9604563e-03
   3.0554791e-03
   3.2907201e-03
   3.8411771e-03
  -9.5234648e-04
  -8.8276621e-04
  -7.4868236e-04
  -5.2666245e-04
  -4.9828232e-04
  -5.3760025e-04
  -6.5981952e-04
  -9.3889178e-04
  -1.2355398e-03
  -1.5136017e-03
  -1.4528005e-03
  -1.2473429e-03
  -1.2419313e-03
  -1.3964702e-03
  -1.3469467e-03
  -1.0687056e-03
  -8.1656897e-04
  -7.3216658e-04
  -6.6196587e-04
  -2.6736298e-04
   6.5994180e-05
   3.9677377e-04
   6.6707411e-04
   7.6504191e-04
   2.7387179e-04
  -5.1516300e-04
  -8.5095968e-04
  -1.0397092e-03
  -1.3942680e-03
  -1.6443002e-03
  -1.4657393e-03
  -1.2907361e-03
  -1.2661926e-03
  -1.2729421e-03
  -1.1746541e-03
  -1.0013999e-03
