   1.1788171e-03
   1.0478121e-03
   9.5643674e-04
   1.0323665e-03
   7.9504888e-04
   8.8996178e-04
   6.6989270e-05
  -5.7733008e-04
  -8.9816432e-04
  -1.0582720e-03
  -1.0992871e-03
  -1.0267410e-03
   0.0000000e+00
   0.0000000e+00
   0.0000000e+00
   0.0000000e+00
   0.0000000e+00
   0.0000000e+00
   0.0000000e+00
   0.0000000e+00
   0.0000000e+00
   0.0000000e+00
   0.0000000e+00
   0.0000000e+00
   0.0000000e+00
   0.0000000e+00
   0.0000000e+00
   0.0000000e+00
   0.0000000e+00
   0.0000000e+00
   8.4482394e-04
   1.0284803e-03
   1.0248877e-03
   9.7713366e-04
   9.9535163e-04
   1.6196451e-03
   0.0000000e+00
   0.0000000e+00
   0.0000000e+00
   0.0000000e+00
  -0.0000000e+00
  -0.0000000e+00
  -0.0000000e+00
  -0.0000000e+00
  -0.0000000e+00
  -1.9641099e-03
  -1.1372605e-03
   5.9455805e-04
   4.2106707e-03
   5.5023472e-03
   4.2801245e-03
   2.4302700e-03
   1.4746612e-03
   0.0000000e+00
   0.0000000e+00
   0.0000000e+00
   0.0000000e+00
   0.0000000e+00
   0.0000000e+00
   0.0000000e+00
   0.0000000e+00
   0.0000000e+00
   0.0000000e+00
   0.0000000e+00
   0.0000000e+00
  -0.0000000e+00
   0.0000000e+00
   0.0000000e+00
   3.8569028e-04
   5.9788327e-04
   6.0825330e-04
  -0.0000000e+00
   4.8644464e-03
   8.5237836e-03
   1.5817493e-02
   2.8516734e-02
   5.9900023e-02
   5.3898949e-02
   3.8350277e-02
   3.4674838e-02
   2.5623471e-02
   1.3078301e-02
   7.4940596e-03
   9.1443295e-03
   8.4826731e-03
   8.2908349e-03
   7.4729752e-03
   5.1630032e-03
   3.9187320e-03
   0.0000000e+00
   0.0000000e+00
   0.0000000e+00
   0.0000000e+00
   0.0000000e+00
   0.0000000e+00
   0.0000000e+00
   0.0000000e+00
   0.0000000e+00
   0.0000000e+00
   0.0000000e+00
   0.0000000e+00
   0.0000000e+00
   0.0000000e+00
   0.0000000e+00
   1.6998028e-03
   2.2099505e-03
   2.8066447e-03
   3.1377403e-03
   2.0371210e-02
   2.5733955e-02
   3.6420938e-02
   7.1350463e-02
   1.3705242e-01
   1.3313080e-01
   1.0533406e-01
   9.0256691e-02
   7.1163528e-02
   3.5566106e-02
   2.5912183e-02
   1.8775931e-02
   0.0000000e+00
   0.0000000e+00
   0.0000000e+00
   0.0000000e+00
   0.0000000e+00
   0.0000000e+00
   0.0000000e+00
   0.0000000e+00
   0.0000000e+00
   0.0000000e+00
   3.4695294e-03
   0.0000000e+00
   0.0000000e+00
   0.0000000e+00
   0.0000000e+00
   0.0000000e+00
   0.0000000e+00
   0.0000000e+00
   0.0000000e+00
   0.0000000e+00
   5.6026492e-03
   7.2852243e-03
   1.0547267e-02
   1.4837538e-02
   3.6560003e-02
   4.2336091e-02
   5.5726975e-02
   1.1008126e-01
   1.5766977e-01
   1.5430978e-01
   1.2721360e-01
   1.0541413e-01
   8.5315168e-02
   5.7390191e-02
   5.0667699e-02
   3.1939034e-02
   0.0000000e+00
   0.0000000e+00
   0.0000000e+00
   0.0000000e+00
   0.0000000e+00
   0.0000000e+00
   0.0000000e+00
   0.0000000e+00
   0.0000000e+00
   1.7431164e-02
   9.3228869e-03
   0.0000000e+00
   0.0000000e+00
   0.0000000e+00
   0.0000000e+00
   0.0000000e+00
   0.0000000e+00
   0.0000000e+00
   0.0000000e+00
   0.0000000e+00
   2.1069644e-02
   2.5508061e-02
   2.5305482e-02
   3.0691855e-02
   6.1753165e-02
   6.9892727e-02
   8.8026226e-02
   1.2370349e-01
   1.4012434e-01
   1.3380608e-01
   1.1454295e-01
   9.7986475e-02
   8.4802471e-02
   7.0498377e-02
   6.6302903e-02
   4.1728339e-02
   2.5465516e-02
   0.0000000e+00
   0.0000000e+00
   0.0000000e+00
   0.0000000e+00
   0.0000000e+00
   0.0000000e+00
   0.0000000e+00
   3.7838303e-02
   4.4757530e-02
   2.5729107e-02
   0.0000000e+00
   0.0000000e+00
   0.0000000e+00
   0.0000000e+00
   3.8031878e-02
   2.2511731e-02
   0.0000000e+00
   0.0000000e+00
   0.0000000e+00
   6.0059648e-02
   6.1389193e-02
   5.5535581e-02
   5.8224134e-02
   6.2136203e-02
   6.6746235e-02
   7.5654909e-02
   9.1835871e-02
   9.8223537e-02
   9.2747338e-02
   8.1424579e-02
   7.2621629e-02
   6.7184120e-02
   6.1434951e-02
   5.8778569e-02
   3.8830582e-02
   2.4504776e-02
   0.0000000e+00
   0.0000000e+00
   0.0000000e+00
   0.0000000e+00
   0.0000000e+00
   0.0000000e+00
   4.6979643e-02
   7.0093013e-02
   6.6146836e-02
   3.5139239e-02
   0.0000000e+00
   0.0000000e+00
   0.0000000e+00
   4.3230141e-02
   5.0167166e-02
   3.0430270e-02
   2.1739203e-02
   0.0000000e+00
   0.0000000e+00
   7.1637206e-02
   7.5462244e-02
   6.6367820e-02
   6.3256063e-02
   1.8565167e-02
   1.9350326e-02
   2.5825765e-02
   3.5380527e-02
   4.0433928e-02
   3.9728612e-02
   3.4611773e-02
   3.0531747e-02
   2.9553654e-02
   2.8800990e-02
   2.9583521e-02
   2.1924771e-02
   1.5493659e-02
   1.8703414e-02
   1.4009628e-02
   0.0000000e+00
   0.0000000e+00
   1.7721491e-02
   3.4831391e-02
   4.7182258e-02
   5.9510961e-02
   5.0175484e-02
   2.0548979e-02
   1.3096485e-02
   1.8721061e-02
   2.4519166e-02
   3.5764508e-02
   3.3359826e-02
   1.5135177e-02
   9.2642168e-03
   0.0000000e+00
   0.0000000e+00
   4.2224482e-02
   4.3546408e-02
   3.4083270e-02
   2.4809279e-02
  -3.6675192e-02
  -3.8420282e-02
  -3.2180298e-02
  -2.5393611e-02
  -1.9390505e-02
  -1.6211087e-02
  -1.6976029e-02
  -1.7589325e-02
  -1.8179847e-02
  -1.4337464e-02
  -1.1432109e-02
  -7.1208775e-03
  -1.3778107e-03
   6.5464820e-03
   9.0921829e-03
  -0.0000000e+00
  -0.0000000e+00
   8.0571519e-03
   2.3076090e-02
   2.2846416e-02
   1.4961984e-02
   9.2748506e-03
  -6.6811647e-03
  -1.0419889e-02
  -1.9970832e-03
   6.6489767e-04
   2.0297561e-03
  -7.6584229e-03
  -8.3834874e-03
  -3.9580765e-03
   0.0000000e+00
   0.0000000e+00
  -3.9584416e-03
  -1.3322797e-02
  -2.0149637e-02
  -3.0852836e-02
  -7.7383690e-02
  -8.2323633e-02
  -7.6954417e-02
  -7.3656581e-02
  -6.8201691e-02
  -6.3792452e-02
  -6.1867673e-02
  -5.8386646e-02
  -6.1449107e-02
  -5.3513955e-02
  -5.2376579e-02
  -3.9664946e-02
  -1.8635617e-02
  -7.2765232e-03
   2.5308761e-03
  -4.3508615e-03
  -0.0000000e+00
  -8.3831530e-03
  -5.0227833e-04
  -0.0000000e+00
  -3.5727967e-02
  -3.8442668e-02
  -4.0186506e-02
  -3.6774665e-02
  -2.5393985e-02
  -2.9110337e-02
  -3.9453886e-02
  -4.7640800e-02
  -2.8704301e-02
   0.0000000e+00
   0.0000000e+00
   0.0000000e+00
  -0.0000000e+00
  -6.5512359e-02
  -6.6794477e-02
  -7.5178280e-02
  -8.3708912e-02
  -9.3133844e-02
  -9.1147117e-02
  -9.1138460e-02
  -8.8809185e-02
  -8.4731311e-02
  -8.3104223e-02
  -7.5851947e-02
  -7.9697967e-02
  -7.3599964e-02
  -7.7048525e-02
  -6.1404891e-02
  -2.7519433e-02
  -0.0000000e+00
  -2.9971869e-03
  -3.5612796e-04
  -0.0000000e+00
  -0.0000000e+00
  -1.6351785e-02
  -0.0000000e+00
  -5.8003224e-02
  -7.5110868e-02
  -6.4899899e-02
  -4.2064840e-02
  -3.2501184e-02
  -3.9385028e-02
  -6.2042404e-02
  -6.6408247e-02
  -3.1700854e-02
  -0.0000000e+00
   0.0000000e+00
   0.0000000e+00
  -0.0000000e+00
  -8.4700741e-02
  -7.7730998e-02
  -8.2225949e-02
  -5.7605676e-02
  -6.7492299e-02
  -7.1000189e-02
  -7.0563704e-02
  -7.0960507e-02
  -6.5307446e-02
  -6.4708896e-02
  -5.8292851e-02
  -5.8599729e-02
  -5.7398599e-02
  -5.8781218e-02
  -5.2278776e-02
  -2.4890957e-02
  -1.8662556e-02
  -5.9619861e-03
   0.0000000e+00
   0.0000000e+00
  -0.0000000e+00
  -2.2132121e-02
  -3.4334740e-02
  -4.8296962e-02
  -7.9281338e-02
  -6.6510335e-02
  -3.4777712e-02
  -0.0000000e+00
  -0.0000000e+00
  -4.7095660e-02
  -5.3040989e-02
  -2.0857712e-02
  -7.2819847e-03
   0.0000000e+00
   0.0000000e+00
  -0.0000000e+00
  -5.9001260e-02
  -5.1185153e-02
  -5.3939957e-02
  -3.3899210e-02
  -4.2271495e-02
  -4.8352577e-02
  -4.7497630e-02
  -4.8627675e-02
  -4.3482881e-02
  -4.2027418e-02
  -3.8174938e-02
  -3.6613692e-02
  -3.8066756e-02
  -3.8468655e-02
  -3.7794691e-02
  -2.0834303e-02
  -1.4762108e-02
  -5.3007074e-03
   0.0000000e+00
   0.0000000e+00
  -0.0000000e+00
  -2.0586234e-02
  -3.2493182e-02
  -3.8708840e-02
  -6.7076869e-02
  -5.6004211e-02
  -1.8359481e-02
   0.0000000e+00
   0.0000000e+00
  -0.0000000e+00
  -3.7465554e-02
  -1.3152080e-02
  -1.1546072e-03
   0.0000000e+00
  -0.0000000e+00
  -2.3900049e-02
  -3.1503629e-02
  -2.6130492e-02
  -2.8659213e-02
  -1.4310721e-02
  -1.9980157e-02
  -2.6884524e-02
  -2.5425971e-02
  -2.6537756e-02
  -2.2629498e-02
  -1.9953996e-02
  -1.8787783e-02
  -1.5887041e-02
  -1.8712724e-02
  -1.8272221e-02
  -2.0830775e-02
  -1.3674680e-02
  -6.0745128e-03
   4.8253451e-04
   0.0000000e+00
   0.0000000e+00
   0.0000000e+00
  -0.0000000e+00
  -2.5961190e-02
  -2.9457888e-02
  -4.8855692e-02
  -3.8687211e-02
  -7.1705235e-03
  -4.3049035e-03
  -2.0354054e-03
  -0.0000000e+00
  -2.2258130e-02
  -7.4861329e-03
   3.4049312e-03
   0.0000000e+00
  -0.0000000e+00
  -8.8479696e-03
  -8.1298929e-03
  -5.7312404e-03
  -8.4340125e-03
  -9.4951196e-03
  -1.0031992e-02
  -1.4556173e-02
  -1.2146668e-02
  -1.2755988e-02
  -1.0180016e-02
  -6.5966630e-03
  -6.8592788e-03
  -2.7847460e-03
  -4.1623390e-03
  -1.8691306e-03
  -1.7931756e-03
   1.2417493e-04
   1.0980275e-02
   1.2150723e-02
   1.3486549e-02
   0.0000000e+00
   0.0000000e+00
  -0.0000000e+00
  -1.3606098e-02
  -2.4449706e-02
  -3.0081250e-02
  -1.4763627e-02
   3.6584495e-03
   3.4613861e-03
   2.1701728e-03
  -0.0000000e+00
  -0.0000000e+00
  -8.5833445e-03
  -2.0489754e-03
  -8.1405772e-03
  -0.0000000e+00
  -8.9646848e-03
  -5.6984229e-03
  -4.0111085e-03
  -6.0014287e-03
  -2.5392720e-02
  -2.2370998e-02
  -2.6034152e-02
  -2.1946447e-02
  -2.3224227e-02
  -2.0862482e-02
  -1.7120732e-02
  -1.8621959e-02
  -1.2982009e-02
  -1.5906196e-02
  -1.0836916e-02
  -6.5655569e-03
  -5.6876382e-04
   2.0776268e-02
   1.8954064e-02
   1.6028460e-02
   0.0000000e+00
   0.0000000e+00
  -0.0000000e+00
  -6.8334495e-03
  -2.5351915e-02
  -3.1916671e-02
  -1.4335415e-02
  -2.5271510e-03
  -5.8860639e-03
  -1.5323996e-03
  -1.3578714e-03
  -0.0000000e+00
  -1.6742331e-02
  -2.1241682e-02
  -2.5977171e-02
  -3.0364819e-02
  -2.2844803e-02
  -2.4591478e-02
  -2.3570577e-02
  -2.3092579e-02
  -3.6980029e-02
  -3.2967798e-02
  -3.6688063e-02
  -3.1513445e-02
  -3.2985941e-02
  -3.0597299e-02
  -2.7276184e-02
  -2.9749252e-02
  -2.3943977e-02
  -2.8130382e-02
  -2.1451702e-02
  -1.5917070e-02
  -6.3736355e-03
   2.0886641e-02
   2.1157349e-02
   1.8191711e-02
   0.0000000e+00
   0.0000000e+00
  -0.0000000e+00
  -2.8013681e-03
  -2.5082902e-02
  -3.4463074e-02
  -1.9862385e-02
  -1.0389074e-02
  -1.2139544e-02
  -5.5432855e-03
  -4.8387823e-03
   0.0000000e+00
  -0.0000000e+00
  -3.5967469e-02
  -3.3994295e-02
  -3.7480313e-02
  -3.2031976e-02
  -3.6962043e-02
  -3.6578000e-02
  -3.4945462e-02
  -4.3131504e-02
  -3.8771756e-02
  -4.2829227e-02
  -3.6559612e-02
  -3.7697140e-02
  -3.5029400e-02
  -3.2537896e-02
  -3.5691462e-02
  -3.0537346e-02
  -3.5242941e-02
  -2.7388375e-02
  -2.2592805e-02
  -1.2151746e-02
   1.6142448e-02
   2.0815400e-02
   2.0164353e-02
   0.0000000e+00
   0.0000000e+00
  -0.0000000e+00
  -2.3695090e-03
  -2.1640447e-02
  -3.4415323e-02
  -2.4995092e-02
  -1.6886519e-02
  -1.4732439e-02
  -7.3697884e-03
  -6.1458987e-03
  -0.0000000e+00
  -0.0000000e+00
  -4.6412591e-02
  -3.8622543e-02
  -3.9968736e-02
  -3.6391988e-02
  -4.3209724e-02
  -4.3211255e-02
  -4.0931251e-02
  -4.1913185e-02
  -4.0328994e-02
  -4.2713568e-02
  -3.8361393e-02
  -3.8847964e-02
  -3.7167408e-02
  -3.6697153e-02
  -3.9503265e-02
  -3.7320927e-02
  -4.0251356e-02
  -3.5709836e-02
  -3.1458795e-02
  -2.0317020e-02
   1.7617038e-03
   1.2732125e-02
   1.1724639e-02
   0.0000000e+00
   0.0000000e+00
   0.0000000e+00
   4.4286549e-03
  -5.3893609e-03
  -2.3298387e-02
  -3.0354591e-02
  -2.3741791e-02
  -1.6263980e-02
  -1.2595795e-02
  -1.2285301e-02
  -1.3093929e-02
  -0.0000000e+00
  -4.7067802e-02
  -3.8542550e-02
  -3.8796265e-02
  -3.8114328e-02
  -4.2578086e-02
  -4.1886151e-02
  -4.1190878e-02
  -3.5830744e-02
  -3.4667674e-02
  -3.5822168e-02
  -3.2994457e-02
  -3.3914067e-02
  -3.2626182e-02
  -3.4174234e-02
  -3.6586832e-02
  -3.6785301e-02
  -3.9985742e-02
  -3.8821902e-02
  -3.8331717e-02
  -3.0356567e-02
  -1.9206120e-02
  -5.7047457e-03
   2.8500441e-03
   0.0000000e+00
   0.0000000e+00
   0.0000000e+00
   7.5556161e-03
   7.2308979e-03
  -1.4399490e-02
  -2.6126890e-02
  -2.7203511e-02
  -2.4497354e-02
  -1.9780479e-02
  -2.4698088e-02
  -2.7675867e-02
  -4.0249641e-02
  -4.2175177e-02
  -3.6234684e-02
  -3.6114451e-02
  -3.5456821e-02
  -3.7907980e-02
  -3.6519933e-02
  -3.6506392e-02
  -2.8371250e-02
  -2.7141998e-02
  -2.7208917e-02
  -2.5641503e-02
  -2.6901064e-02
  -2.5843600e-02
  -2.8691579e-02
  -3.0337539e-02
  -3.2304090e-02
  -3.5356399e-02
  -3.6381874e-02
  -3.9252039e-02
  -3.7564501e-02
  -4.2654991e-02
  -3.0297096e-02
  -7.2996997e-03
  -0.0000000e+00
   0.0000000e+00
  -0.0000000e+00
   8.1069749e-03
   1.7325180e-02
  -1.8645484e-03
  -0.0000000e+00
  -2.8552741e-02
  -3.0942276e-02
  -2.5804872e-02
  -3.8916111e-02
  -4.2365585e-02
  -4.1824576e-02
  -3.8707841e-02
  -3.4323405e-02
  -3.3370398e-02
  -3.2110520e-02
  -3.2725789e-02
  -3.0455241e-02
  -3.0472253e-02
  -2.2800414e-02
  -2.0994846e-02
  -2.0781387e-02
  -1.9626474e-02
  -2.1662720e-02
  -2.0220991e-02
  -2.2768592e-02
  -2.2994850e-02
  -2.4862390e-02
  -2.8031163e-02
  -2.9100193e-02
  -3.5858069e-02
  -4.2594206e-02
  -7.2018415e-02
  -6.6337356e-02
  -3.3107052e-02
  -3.0143842e-02
  -1.6703289e-02
  -1.2791788e-02
   1.3091015e-03
   1.8212596e-02
  -9.8167054e-04
  -0.0000000e+00
  -2.7367443e-02
  -3.7138246e-02
  -3.3883512e-02
  -5.5515084e-02
  -5.7372160e-02
  -4.7979716e-02
  -4.1582946e-02
  -3.6862418e-02
  -3.4517519e-02
  -3.1231569e-02
  -3.1194359e-02
  -2.7430434e-02
  -2.6206199e-02
  -4.3246925e-02
  -4.1123804e-02
  -4.1161455e-02
  -4.0960360e-02
  -4.3122221e-02
  -4.2163763e-02
  -4.2145740e-02
  -4.1893654e-02
  -4.3060478e-02
  -4.5101389e-02
  -4.4447251e-02
  -5.0200496e-02
  -6.1086528e-02
  -9.4650850e-02
  -1.0314097e-01
  -6.3787930e-02
  -5.5225641e-02
  -5.1195532e-02
  -3.4483680e-02
  -1.5961483e-02
  -6.4133070e-03
  -0.0000000e+00
  -2.2926131e-02
  -3.9060477e-02
  -5.0153159e-02
  -5.9441380e-02
  -7.7189870e-02
  -7.3792748e-02
  -6.9004104e-02
  -6.7099802e-02
  -6.1601743e-02
  -5.7786942e-02
  -5.4169986e-02
  -5.3851206e-02
  -5.0080933e-02
  -4.6954524e-02
  -7.5143218e-02
  -7.2390154e-02
  -7.2206981e-02
  -7.3818848e-02
  -7.5077251e-02
  -7.5552352e-02
  -7.2203293e-02
  -7.2502561e-02
  -7.1862258e-02
  -7.2124675e-02
  -7.1123250e-02
  -7.2476968e-02
  -8.3065890e-02
  -1.0135476e-01
  -1.1726667e-01
  -8.9207210e-02
  -7.2351187e-02
  -7.5446717e-02
  -4.9293623e-02
  -3.5113804e-02
  -2.9862928e-02
  -0.0000000e+00
  -5.0373927e-02
  -5.7266902e-02
  -6.6809572e-02
  -8.8055626e-02
  -9.5806532e-02
  -9.4870694e-02
  -9.3369946e-02
  -9.4622880e-02
  -9.1102645e-02
  -8.7852232e-02
  -8.5924514e-02
  -8.3283164e-02
  -8.1612036e-02
  -7.8014337e-02
  -1.0871466e-01
  -1.0547221e-01
  -1.0484999e-01
  -1.0814093e-01
  -1.0834655e-01
  -1.1024018e-01
  -1.0408638e-01
  -1.0470317e-01
  -1.0181851e-01
  -1.0049410e-01
  -9.9347539e-02
  -9.4956987e-02
  -1.0160033e-01
  -1.0080303e-01
  -1.1695059e-01
  -1.0425007e-01
  -8.2656182e-02
  -8.6455442e-02
  -5.7504684e-02
  -5.2378971e-02
  -5.2402114e-02
  -5.5283924e-02
  -8.4221065e-02
  -7.6756499e-02
  -8.5417539e-02
  -1.1316419e-01
  -1.1132751e-01
  -1.1507456e-01
  -1.1532259e-01
  -1.1843049e-01
  -1.1791394e-01
  -1.1631107e-01
  -1.1713921e-01
  -1.1242167e-01
  -1.1362457e-01
  -1.1036193e-01
  -1.3997105e-01
  -1.3686283e-01
  -1.3540697e-01
  -1.3877797e-01
  -1.3833925e-01
  -1.4061968e-01
  -1.3420932e-01
  -1.3319691e-01
  -1.2779059e-01
  -1.2627223e-01
  -1.2439580e-01
  -1.1369663e-01
  -1.0788215e-01
  -9.1087893e-02
  -1.0051750e-01
  -1.0381042e-01
  -8.2598187e-02
  -6.8015754e-02
  -4.7740117e-02
  -6.1576027e-02
  -7.2591275e-02
  -7.7888750e-02
  -1.1114596e-01
  -9.5029607e-02
  -1.0130996e-01
  -1.2802805e-01
  -1.2313183e-01
  -1.3233763e-01
  -1.3068305e-01
  -1.3106018e-01
  -1.3283783e-01
  -1.3596638e-01
  -1.4184789e-01
  -1.3793033e-01
  -1.4214434e-01
  -1.4047191e-01
  -1.0623353e-01
  -1.0491139e-01
  -1.0378163e-01
  -1.0381623e-01
  -1.0448927e-01
  -1.0421865e-01
  -1.0336506e-01
  -1.0001872e-01
  -9.8150887e-02
  -9.8509848e-02
  -9.5918261e-02
  -8.7184496e-02
  -7.4804835e-02
  -6.7102440e-02
  -6.8871260e-02
  -6.9891967e-02
  -5.2935425e-02
  -2.7076474e-02
  -1.8265048e-02
  -3.1347226e-02
  -5.6210127e-02
  -7.2206758e-02
  -7.6863497e-02
  -7.4318804e-02
  -8.0588444e-02
  -9.5507473e-02
  -9.9616319e-02
  -9.9189930e-02
  -9.7133666e-02
  -9.5033884e-02
  -9.4135500e-02
  -9.6845143e-02
  -1.0325602e-01
  -1.0647737e-01
  -1.0862537e-01
  -1.0839983e-01
  -4.4300724e-02
  -4.3522581e-02
  -4.2626828e-02
  -4.1750792e-02
  -4.1848455e-02
  -4.0761992e-02
  -4.1974530e-02
  -3.9244380e-02
  -3.9235041e-02
  -3.9248675e-02
  -3.7321929e-02
  -3.4001235e-02
  -2.5327945e-02
  -2.6770361e-02
  -2.5628252e-02
  -1.7997293e-02
  -1.0176776e-02
  -8.4475212e-03
   0.0000000e+00
  -8.0355539e-03
  -2.9575172e-02
  -4.0998127e-02
  -2.7436497e-02
  -2.9444274e-02
  -2.9896135e-02
  -3.8743533e-02
  -4.3745555e-02
  -3.9402254e-02
  -3.9225571e-02
  -3.8264401e-02
  -3.7356894e-02
  -3.8900547e-02
  -4.2928748e-02
  -4.7175262e-02
  -4.7216594e-02
  -4.6859097e-02
   2.0678563e-02
   2.0769436e-02
   2.2059519e-02
   2.2012996e-02
   2.3082465e-02
   2.4981458e-02
   2.4311900e-02
   2.7033098e-02
   2.6147254e-02
   2.7785838e-02
   2.8675862e-02
   2.9873928e-02
   3.3713456e-02
   2.7458645e-02
   3.6313210e-02
   4.9339551e-02
   3.8069651e-02
   2.7185014e-02
   0.0000000e+00
   0.0000000e+00
  -0.0000000e+00
  -6.4645573e-03
   1.7855673e-02
   1.7658796e-02
   2.1666628e-02
   2.3889124e-02
   2.2346565e-02
   2.5906647e-02
   2.3555584e-02
   2.4453940e-02
   2.3032025e-02
   2.1541569e-02
   1.8776610e-02
   1.7016008e-02
   1.7926987e-02
   1.8204842e-02
   6.0432997e-02
   6.0068280e-02
   6.2464390e-02
   6.2143631e-02
   6.4177178e-02
   6.5903746e-02
   6.6891186e-02
   6.9808133e-02
   6.9349140e-02
   7.3177479e-02
   7.3578909e-02
   7.6540247e-02
   7.9741493e-02
   7.9333134e-02
   9.8130502e-02
   1.1038098e-01
   8.0031313e-02
   5.3545036e-02
   0.0000000e+00
   0.0000000e+00
   0.0000000e+00
   2.3027366e-02
   4.6660103e-02
   5.2239798e-02
   6.0678024e-02
   6.0593493e-02
   6.2834077e-02
   6.3402019e-02
   6.1151233e-02
   6.3373178e-02
   6.0967106e-02
   6.0155366e-02
   5.7436801e-02
   5.7913817e-02
   5.8588527e-02
   5.8467545e-02
   5.6596622e-02
   5.6434631e-02
   5.8397137e-02
   5.8866095e-02
   6.0259555e-02
   6.1015606e-02
   6.1978422e-02
   6.3817099e-02
   6.3090064e-02
   6.5590702e-02
   6.5844014e-02
   6.8568543e-02
   7.0790693e-02
   7.6174445e-02
   8.9019582e-02
   1.0899378e-01
   1.0080062e-01
   0.0000000e+00
   0.0000000e+00
   0.0000000e+00
   0.0000000e+00
   2.7139008e-02
   3.8411856e-02
   4.3850813e-02
   5.0875805e-02
   5.0769117e-02
   5.5284694e-02
   5.7791542e-02
   5.8266979e-02
   6.0632072e-02
   5.9148092e-02
   5.9136201e-02
   5.6640703e-02
   5.6178905e-02
   5.5895422e-02
   5.5368315e-02
   3.3875130e-02
   3.3918757e-02
   3.5124093e-02
   3.6875110e-02
   3.8786486e-02
   4.0210817e-02
   4.0869851e-02
   4.0426813e-02
   3.8891315e-02
   3.9634064e-02
   4.0576011e-02
   4.3255154e-02
   4.4258781e-02
   4.7427539e-02
   5.3001523e-02
   5.1457904e-02
   4.1773882e-02
   2.0815830e-02
   1.5359334e-02
   1.4948593e-02
   1.4887570e-02
   1.7956192e-02
   1.9005306e-02
   1.9950910e-02
   2.2881433e-02
   2.4739321e-02
   2.7940303e-02
   3.1450853e-02
   3.2868505e-02
   3.4530982e-02
   3.5333570e-02
   3.5921741e-02
   3.5040591e-02
   3.4157410e-02
   3.4060717e-02
   3.3583790e-02
   1.2215231e-02
   1.2246321e-02
   1.2443196e-02
   1.3573719e-02
   1.4574235e-02
   1.5675321e-02
   1.5799383e-02
   1.5437787e-02
   1.4560543e-02
   1.4851329e-02
   1.5464781e-02
   1.6789386e-02
   1.7239830e-02
   1.8250355e-02
   1.8863203e-02
   1.7945526e-02
   1.8957581e-02
   1.5895231e-02
   1.3911230e-02
   1.2882547e-02
   1.0827587e-02
   9.2266770e-03
   8.4218197e-03
   6.9537265e-03
   7.2607477e-03
   8.9728795e-03
   8.8137733e-03
   9.6666357e-03
   1.0335247e-02
   1.0418055e-02
   1.0993523e-02
   1.1518355e-02
   1.2130309e-02
   1.2103895e-02
   1.2221058e-02
   1.1924256e-02
   7.5661424e-03
   7.7616815e-03
   7.6394309e-03
   7.6597636e-03
   7.4260654e-03
   7.6364400e-03
   7.8187566e-03
   8.3240708e-03
   8.2114432e-03
   7.7657122e-03
   7.7792332e-03
   8.0578355e-03
   7.7706175e-03
   7.7245547e-03
   7.1594762e-03
   7.1596219e-03
   8.0979317e-03
   7.7413488e-03
   8.1254831e-03
   8.0405548e-03
   7.6354085e-03
   7.2135287e-03
   7.1283691e-03
   6.6013793e-03
   5.8476692e-03
   6.3346494e-03
   5.7668770e-03
   5.8148410e-03
   5.8250995e-03
   5.6736390e-03
   5.6997598e-03
   5.3684544e-03
   5.8851605e-03
   6.2309182e-03
   6.7949677e-03
   6.9857691e-03
   8.2874042e-04
   1.0809568e-03
   1.3232733e-03
   1.4411197e-03
   1.2268337e-03
   1.1682607e-03
   1.1318007e-03
   1.0947790e-03
   6.4261822e-04
   2.9811394e-04
   5.5036473e-04
   8.6611533e-04
   8.1538415e-04
   8.9385128e-04
   1.3353834e-03
   1.7681440e-03
   1.6912654e-03
   9.9119928e-04
   9.1981661e-04
   1.1465548e-03
   1.5693762e-03
   2.2194537e-03
   2.7750961e-03
   2.7898552e-03
   1.6393287e-03
   8.9669554e-04
   5.2944745e-04
   2.9287676e-04
  -6.4325272e-05
   2.6038604e-05
   3.9070158e-04
   1.7544904e-04
  -5.8904272e-05
  -9.7253185e-05
   2.2817680e-04
   4.7182819e-04
   4.3120133e-04
   3.0472648e-04
   2.6055207e-04
   2.8311438e-04
   2.6347261e-04
   2.2928105e-04
   9.3573617e-05
  -2.8618095e-05
  -1.6537226e-04
  -2.3370411e-04
  -2.9361161e-04
  -4.2417654e-04
  -6.8367453e-04
  -9.3443145e-04
  -1.0209145e-03
  -8.9237461e-04
  -6.2086625e-04
  -3.2271066e-04
   6.0843067e-05
   3.6925793e-04
   5.0577370e-04
   5.8624608e-04
   5.7044736e-04
   4.9435574e-04
   3.4021089e-04
   3.1313559e-04
   2.9587132e-04
   2.1064824e-04
   1.2363074e-05
  -9.1462942e-05
   2.2714521e-06
   1.3748543e-04
   3.2220266e-04
   4.6473337e-04
   5.7919137e-04
   5.1315932e-04
