   6.2495297e-01
   5.9235238e-01
   6.3634342e-01
   7.5135827e-01
   9.2710323e-01
   1.0938684e+00
   1.1735197e+00
   1.1176822e+00
   9.0714723e-01
   6.4874303e-01
   3.7913684e-01
   1.3013668e-01
  -8.6415827e-02
  -2.8741052e-01
  -4.3533945e-01
  -5.2123839e-01
  -5.2558332e-01
  -3.8866314e-01
  -1.7099895e-01
   3.0734455e-02
   7.3356584e-02
  -2.4374954e-02
  -1.7831809e-01
  -2.9418638e-01
  -3.0589780e-01
  -1.8033923e-01
   3.8801869e-03
   1.0743047e-01
   1.2791011e-01
   1.5461643e-01
   2.7287027e-01
   4.8726094e-01
   6.7361361e-01
   7.4574161e-01
   7.3634520e-01
   6.8350565e-01
   1.1302055e+00
   1.0132637e+00
   1.2863282e+00
   1.7552236e+00
   2.1823997e+00
   2.2314491e+00
   1.8705244e+00
   1.1868436e+00
   2.9774117e-01
  -2.6915300e-01
  -1.6627532e-01
  -4.2760663e-02
  -2.4054080e-01
  -3.4532323e-01
  -3.2436574e-01
  -3.6990345e-01
  -4.8934716e-01
  -3.9761138e-01
  -1.1019850e-01
   1.9073072e-01
   3.6309472e-01
   4.4989344e-01
   6.1460459e-01
   4.8681566e-01
   1.9352080e-01
   3.4203443e-01
   6.9389325e-01
   6.9147551e-01
   3.8277009e-01
   2.4537924e-01
   5.4635596e-01
   1.1651514e+00
   1.6324799e+00
   1.6750405e+00
   1.5612836e+00
   1.3912692e+00
   5.5191010e-01
   2.7060461e-01
   3.5059568e-01
   7.0297801e-01
   1.0489435e+00
   8.5272431e-01
   3.3832368e-02
  -7.9882276e-01
  -1.6254478e+00
  -2.1333873e+00
  -1.3207674e+00
  -9.2526495e-01
  -1.3838784e+00
  -1.2583354e+00
  -9.3446815e-01
  -6.4268291e-01
  -4.1823620e-01
  -2.9506013e-01
  -3.5957508e-02
   2.8843683e-01
   6.0701048e-01
   7.5862128e-01
   6.9916880e-01
   1.2461930e-01
  -2.8519368e-01
   3.6660712e-02
   4.0588355e-01
   4.1985935e-01
   1.2910573e-01
   3.9558094e-03
   1.7110504e-01
   5.8758485e-01
   1.1248380e+00
   1.2027432e+00
   1.1246773e+00
   9.4899309e-01
  -4.3049311e-02
  -4.0896541e-01
  -5.7922745e-01
  -3.8372074e-01
  -5.7283685e-02
  -2.7876011e-01
  -1.1604983e+00
  -1.8170060e+00
  -2.1223211e+00
  -2.3791657e+00
  -1.5782684e+00
  -1.3360598e+00
  -1.8659407e+00
  -1.3101566e+00
  -8.3112371e-01
  -5.2459055e-01
  -1.5336516e-01
  -3.5292876e-01
  -3.7060552e-02
   5.0157577e-01
   6.8469542e-01
   6.0447599e-01
  -3.4840953e-01
  -1.1510031e+00
  -7.5266978e-01
  -1.2481287e-01
   9.6424103e-02
   1.0668742e-01
  -2.6974353e-01
  -5.7196248e-01
  -6.0065181e-01
  -1.6970348e-01
   7.9490787e-01
   1.1200147e+00
   8.0761558e-01
   3.8006198e-01
  -6.2851584e-01
  -9.4448763e-01
  -9.9607903e-01
  -7.0672464e-01
  -3.4315073e-01
  -6.3238144e-01
  -1.3820584e+00
  -1.9010346e+00
  -1.8392639e+00
  -1.7696481e+00
  -1.3424131e+00
  -1.4289658e+00
  -1.9493874e+00
  -1.1421964e+00
  -5.8349377e-01
  -4.2597032e-01
  -1.7855376e-01
  -6.1868715e-01
  -1.6229975e-01
   2.1253951e-01
  -5.1586576e-02
  -3.2793584e-01
  -1.6672176e+00
  -1.9918432e+00
  -1.0294741e+00
  -5.2929473e-01
  -4.0773514e-01
  -5.4244471e-01
  -1.0812596e+00
  -1.4406493e+00
  -1.3143500e+00
  -6.0142773e-01
   6.8237048e-01
   1.1519536e+00
   4.4457015e-01
  -2.2484991e-01
  -1.1261549e+00
  -1.2639934e+00
  -1.0404636e+00
  -6.3771659e-01
  -3.5376373e-01
  -7.0633823e-01
  -1.2760785e+00
  -1.6004931e+00
  -1.4183077e+00
  -1.2210132e+00
  -9.3672824e-01
  -1.1896093e+00
  -1.6823474e+00
  -9.7323674e-01
  -5.9130573e-01
  -5.1376891e-01
  -4.2326847e-01
  -8.1022185e-01
  -3.0268043e-01
  -4.4310671e-01
  -1.0984106e+00
  -1.4667506e+00
  -2.3837371e+00
  -1.8997347e+00
  -1.1656103e+00
  -1.1501988e+00
  -1.0677171e+00
  -1.3542607e+00
  -1.6439235e+00
  -1.5611653e+00
  -1.2826328e+00
  -6.9730270e-01
   3.3288938e-01
   6.5623713e-01
  -2.3822010e-01
  -8.7266886e-01
  -1.1881778e+00
  -1.1809917e+00
  -8.5951875e-01
  -4.8378199e-01
  -3.4606894e-01
  -6.2081511e-01
  -9.8201001e-01
  -1.0694429e+00
  -9.1578155e-01
  -8.2403916e-01
  -5.7523995e-01
  -7.1675148e-01
  -8.6373556e-01
  -3.1791850e-01
  -3.8327058e-01
  -4.4782272e-01
  -4.8858202e-01
  -8.2108215e-01
  -3.8569912e-01
  -7.2003946e-01
  -1.5575869e+00
  -2.0268884e+00
  -2.2706461e+00
  -1.2594219e+00
  -9.4444895e-01
  -1.3100737e+00
  -1.3736765e+00
  -1.6316392e+00
  -1.1001968e+00
  -4.6961835e-01
  -6.3033175e-01
  -5.9164881e-01
  -5.5983684e-02
  -4.8345640e-02
  -8.3429106e-01
  -1.1952597e+00
  -7.1075636e-01
  -7.0543343e-01
  -4.4353267e-01
  -1.4968309e-01
  -5.6174859e-02
  -1.8967776e-01
  -3.1706709e-01
  -2.7197862e-01
  -2.3316802e-01
  -2.5749022e-01
  -2.1866009e-01
  -1.4013078e-01
   3.3282870e-01
   8.7856603e-01
   5.4394791e-01
   1.6040269e-01
  -2.9235855e-01
  -5.8549998e-01
  -1.5431462e-01
  -3.6003476e-01
  -1.2352775e+00
  -1.8262231e+00
  -1.5355890e+00
  -3.7380802e-01
  -2.3199420e-01
  -6.2215555e-01
  -9.8147803e-01
  -9.6177161e-01
   5.1251137e-01
   1.0612777e+00
   5.7916701e-02
  -3.1574312e-01
  -3.7146939e-02
  -2.5391459e-01
  -7.9080302e-01
  -8.3226292e-01
   7.3978633e-02
  -2.0603163e-02
   1.9852319e-01
   4.5710841e-01
   6.2664771e-01
   5.9980190e-01
   6.5045339e-01
   7.0848918e-01
   5.8517838e-01
   5.3349686e-01
   2.6760691e-01
   5.1775479e-01
   1.5138694e+00
   2.0651405e+00
   1.9843292e+00
   1.2811654e+00
  -8.0616102e-03
  -7.8916699e-02
   4.8300171e-01
   3.0492556e-01
  -5.3094459e-01
  -1.1773164e+00
  -4.3590230e-01
   7.1629506e-01
   8.4630275e-01
   6.1088049e-01
  -7.3806375e-02
   4.0286720e-01
   2.4044132e+00
   2.1750212e+00
   4.9807638e-01
   1.0530507e-01
   4.2880136e-01
   2.2219701e-01
  -5.9496246e-02
   7.4665278e-02
   8.8259339e-01
   6.8052596e-01
   9.6277809e-01
   1.2518311e+00
   1.5381501e+00
   1.5671144e+00
   1.6706352e+00
   1.6975935e+00
   1.4038373e+00
   1.3835684e+00
   9.0436953e-01
   1.2391706e+00
   2.4198520e+00
   2.7628036e+00
   3.4384363e+00
   2.6154275e+00
   2.2281832e-01
   6.1770368e-01
   1.3613701e+00
   9.2368388e-01
   1.6959439e-01
  -4.2214486e-01
   8.2353240e-01
   1.9656163e+00
   2.0538981e+00
   1.8988111e+00
   9.8992443e-01
   1.9681803e+00
   3.8761153e+00
   2.5744438e+00
   6.9165522e-01
   5.8371305e-01
   1.1110339e+00
   1.1335062e+00
   1.0486640e+00
   1.1338875e+00
   1.4249963e+00
   1.2163831e+00
   1.6799551e+00
   2.0103259e+00
   2.3248917e+00
   2.4198063e+00
   2.3800689e+00
   2.4535425e+00
   2.0274533e+00
   2.0303303e+00
   1.6152470e+00
   2.0109999e+00
   2.9071602e+00
   2.4661785e+00
   4.2132404e+00
   3.7126626e+00
   3.3954127e-01
   1.3503595e+00
   2.0720021e+00
   1.3232345e+00
   7.2490157e-01
   2.5085986e-01
   2.2847598e+00
   3.4448638e+00
   3.1407615e+00
   2.7228170e+00
   1.9343484e+00
   3.1780096e+00
   4.2094156e+00
   2.2429597e+00
   6.8266647e-01
   9.0574990e-01
   1.6830501e+00
   2.0764692e+00
   2.0151269e+00
   1.7653046e+00
   1.0106535e+00
   9.7284901e-01
   1.4592444e+00
   1.7194537e+00
   2.0092878e+00
   2.0963030e+00
   2.0412726e+00
   2.1073506e+00
   1.7306372e+00
   1.7718482e+00
   1.4529826e+00
   1.9493210e+00
   2.4836705e+00
   1.8014255e+00
   3.7723699e+00
   3.2602696e+00
   1.1498698e-01
   1.2384243e+00
   1.7605715e+00
   1.3773831e+00
   1.0101311e+00
   4.7501549e-01
   2.8353247e+00
   3.8802586e+00
   2.8619666e+00
   2.4067811e+00
   2.1709032e+00
   2.9841931e+00
   3.3267606e+00
   1.6649090e+00
   3.7531078e-01
   5.7373052e-01
   1.4750245e+00
   1.8284004e+00
   1.5079007e+00
   1.1981618e+00
   1.9482864e-01
   3.2558328e-01
   7.3862940e-01
   9.1518885e-01
   1.2305142e+00
   1.2468679e+00
   1.3008698e+00
   1.2550275e+00
   9.7604680e-01
   1.0641850e+00
   7.4399519e-01
   1.3273202e+00
   1.5458252e+00
   1.3805926e+00
   3.2733724e+00
   2.1947422e+00
  -3.0176619e-01
   7.4254709e-01
   1.1761990e+00
   1.3221875e+00
   1.0813533e+00
   5.7938409e-01
   2.6850626e+00
   3.4185772e+00
   2.0073156e+00
   1.7412801e+00
   2.0939834e+00
   2.4761968e+00
   2.3898215e+00
   9.7720683e-01
  -1.1572872e-01
   1.0331766e-01
   9.1437387e-01
   9.8315102e-01
   4.7828805e-01
   3.0881384e-01
  -7.3522222e-01
  -4.6565380e-01
  -1.5647256e-01
  -4.8125848e-02
   3.0186020e-01
   2.3708566e-01
   4.1838497e-01
   2.2107501e-01
   4.5827687e-02
   1.6276309e-01
  -1.7980904e-01
   4.5690501e-01
   3.9682904e-01
   1.0295883e+00
   2.7372160e+00
   9.7303581e-01
  -7.3092030e-01
   1.2162916e-01
   5.2423245e-01
   1.2040908e+00
   1.0230813e+00
   6.3874620e-01
   2.1824080e+00
   2.5113435e+00
   1.0037342e+00
   9.7007257e-01
   1.8326193e+00
   1.8973455e+00
   1.4849035e+00
   2.0864797e-01
  -6.7494231e-01
  -3.5700988e-01
   2.2656423e-01
  -6.3678473e-02
  -6.6456763e-01
  -6.5249276e-01
  -1.8254069e+00
  -1.5161575e+00
  -1.3310802e+00
  -1.2150078e+00
  -8.5740200e-01
  -9.7532553e-01
  -7.4318872e-01
  -1.1550337e+00
  -1.2464367e+00
  -1.1925926e+00
  -1.5079599e+00
  -9.4094307e-01
  -1.2535178e+00
   5.2288732e-01
   1.9680861e+00
  -3.5111339e-01
  -1.0312979e+00
  -6.5279464e-01
  -1.9426221e-01
   9.2892068e-01
   6.7517172e-01
   6.9218331e-01
   9.8508704e-01
   6.6769899e-01
  -6.6693370e-02
   4.0306148e-02
   1.1228860e+00
   1.3227333e+00
   5.6700635e-01
  -9.8292346e-01
  -1.4202795e+00
  -6.7636359e-01
  -6.9349600e-01
  -1.4055467e+00
  -1.8288855e+00
  -1.7084542e+00
  -1.8077276e+00
  -1.5247931e+00
  -1.4330142e+00
  -1.2018119e+00
  -1.0000255e+00
  -1.0809702e+00
  -1.0160329e+00
  -1.5462037e+00
  -1.5824502e+00
  -1.7793245e+00
  -1.8830045e+00
  -1.6293205e+00
  -1.8079991e+00
  -2.4429953e-01
   3.4792072e-01
  -3.7124819e-01
  -4.1714674e-01
  -1.0226463e+00
  -4.6116197e-01
   4.5017946e-01
   5.9882170e-01
   6.7957222e-01
  -1.7990768e-02
  -3.2437283e-01
  -1.6434422e-01
  -6.3662417e-02
   1.4491253e-01
   7.1753389e-01
   2.2604945e-01
  -1.5721591e+00
  -1.4733651e+00
  -5.1971149e-01
  -8.1037956e-01
  -1.5179071e+00
  -1.7516898e+00
  -1.6929042e+00
  -1.2999740e+00
  -1.0034846e+00
  -9.8726910e-01
  -7.0180833e-01
  -6.4080316e-01
  -7.1852708e-01
  -7.6167780e-01
  -1.3351845e+00
  -1.3175545e+00
  -1.7060033e+00
  -1.6658789e+00
  -1.6954525e+00
  -1.7316628e+00
  -7.9042715e-01
  -1.1637822e+00
  -2.7680981e-01
   7.9544678e-02
  -1.2970905e+00
  -5.7758832e-01
   4.7926389e-02
   7.4513817e-01
   7.8022718e-01
  -4.8281023e-01
  -5.5112368e-01
  -7.3599108e-02
   6.9544598e-02
  -5.3208810e-01
   2.9644206e-02
   8.1409447e-02
  -1.5201188e+00
  -1.1635513e+00
  -2.9161286e-01
  -5.0645703e-01
  -1.0841397e+00
  -1.2724833e+00
  -1.1989807e+00
  -5.0059844e-01
  -1.7021737e-01
  -2.3047914e-01
   8.7340613e-02
  -2.5748024e-03
  -9.2503173e-02
  -2.2923796e-01
  -8.1623176e-01
  -7.3874871e-01
  -1.3144448e+00
  -1.1447695e+00
  -1.4780866e+00
  -1.3504201e+00
  -1.2996401e+00
  -2.8092035e+00
  -1.1715629e-01
   5.8183078e-01
  -1.5603314e+00
  -6.3771887e-01
  -3.6759113e-01
   1.0136529e+00
   9.4624354e-01
  -7.5215661e-01
  -4.4694283e-01
   1.1650192e-01
   3.3014806e-01
  -1.1507043e+00
  -7.8096646e-01
   1.1102284e-02
  -1.1612381e+00
  -6.4587063e-01
  -2.1907936e-03
   3.1747458e-02
  -3.4151650e-01
  -5.4640424e-01
  -4.2060604e-01
   9.5164758e-01
   1.2015911e+00
   1.1726321e+00
   1.3422167e+00
   1.1532595e+00
   1.0595219e+00
   9.0892696e-01
   5.9042555e-01
   6.2050462e-01
   1.1437331e-01
   1.9601408e-01
  -4.0674752e-01
  -4.8848128e-01
  -1.5099622e+00
  -3.8803163e+00
  -1.2200170e+00
  -3.9448741e-01
  -2.3041701e+00
  -1.0276620e+00
  -6.7307132e-01
   1.0054576e+00
   1.6388135e+00
  -2.1115839e-01
  -1.9747087e-01
   8.6326197e-02
   4.1182209e-02
  -1.2949679e+00
  -1.6927307e+00
  -3.1121522e-01
   2.3476873e-02
   1.3946132e-01
   4.6853116e-01
   8.7462759e-01
   8.4317911e-01
   7.6835686e-01
   8.9970261e-01
   1.1390903e+00
   1.2709748e+00
   1.3076146e+00
   1.3933542e+00
   1.2206613e+00
   1.1979153e+00
   1.0837818e+00
   9.8689467e-01
   9.6777403e-01
   6.4052880e-01
   6.4690071e-01
   2.8487444e-02
  -2.6566449e-01
  -1.3974311e+00
  -3.5960658e+00
  -2.2962730e+00
  -1.7806126e+00
  -2.9829960e+00
  -1.6872109e+00
  -9.7491056e-01
   4.5989427e-01
   1.6382948e+00
   1.3019960e-01
  -4.7583523e-01
  -3.9383459e-01
  -5.8436191e-01
  -1.1462631e+00
  -1.6150165e+00
  -5.8949405e-01
   1.4523295e-01
   4.6648130e-02
   4.0052009e-01
   7.7447963e-01
   8.7950337e-01
   1.0034597e+00
   1.0234594e+00
   9.9557692e-01
   1.0540596e+00
   1.1259250e+00
   1.1604386e+00
   1.0147371e+00
   1.0513202e+00
   9.9894392e-01
   1.0630528e+00
   1.0449274e+00
   8.6665641e-01
   8.3999902e-01
   2.5492013e-01
  -1.5920744e-01
  -1.2897928e+00
  -3.3464884e+00
  -3.1741337e+00
  -2.9948177e+00
  -3.6635942e+00
  -2.4809750e+00
  -1.5098418e+00
  -1.7509097e-01
   1.3035355e+00
   2.4410692e-01
  -7.8864053e-01
  -1.0070714e+00
  -1.1659533e+00
  -1.0848519e+00
  -1.5111689e+00
  -8.3880872e-01
  -2.9435899e-02
  -2.5745851e-01
   9.1996156e-02
   4.5030593e-01
   6.6147681e-01
   9.1356832e-01
   8.6513834e-01
   1.2593880e-02
   9.3547535e-02
   1.3173463e-01
   1.8355062e-01
   9.5697743e-02
   1.7467187e-01
   2.6135226e-01
   3.7313618e-01
   4.8273801e-01
   4.1109868e-01
   4.4967298e-01
   2.3562020e-02
  -3.0615386e-01
  -1.1761173e+00
  -3.1553472e+00
  -3.7618206e+00
  -4.0558179e+00
  -4.5121902e+00
  -3.7958102e+00
  -2.7594619e+00
  -1.1744637e+00
   6.2618573e-02
  -1.8337886e-01
  -1.2508153e+00
  -2.0914605e+00
  -1.7677302e+00
  -1.2353305e+00
  -1.3390329e+00
  -1.0755143e+00
  -9.6854411e-01
  -1.1465178e+00
  -8.8378610e-01
  -4.9421444e-01
  -2.2339441e-01
   7.8270662e-03
  -1.4578508e-02
  -1.4965336e+00
  -1.3067820e+00
  -1.3044906e+00
  -1.2129552e+00
  -1.2652516e+00
  -1.2642778e+00
  -1.1005816e+00
  -1.0470543e+00
  -7.9771137e-01
  -8.7020040e-01
  -7.4468079e-01
  -8.4429890e-01
  -8.4018552e-01
  -1.3119775e+00
  -3.0861623e+00
  -3.5279136e+00
  -3.9345663e+00
  -4.7375183e+00
  -5.0634761e+00
  -4.4700322e+00
  -2.2571459e+00
  -1.4574026e+00
  -1.1771416e+00
  -1.6893842e+00
  -2.8532071e+00
  -2.0740955e+00
  -1.7908049e+00
  -1.8140774e+00
  -1.5284777e+00
  -2.0603049e+00
  -2.2956285e+00
  -2.3125612e+00
  -1.7919000e+00
  -1.5369442e+00
  -1.5379532e+00
  -1.4361598e+00
  -2.3411655e+00
  -2.1620367e+00
  -2.1008525e+00
  -2.0007811e+00
  -2.0553739e+00
  -2.1053362e+00
  -2.0161748e+00
  -1.9213990e+00
  -1.7071917e+00
  -1.7369496e+00
  -1.6153569e+00
  -1.5478742e+00
  -1.3295058e+00
  -1.4306434e+00
  -2.5349498e+00
  -3.2757945e+00
  -3.8917701e+00
  -4.5206442e+00
  -5.5439792e+00
  -5.2766247e+00
  -2.8800039e+00
  -1.8902843e+00
  -1.4941825e+00
  -2.0747945e+00
  -3.0022640e+00
  -2.2970705e+00
  -2.1828613e+00
  -2.2310624e+00
  -2.0605938e+00
  -2.5225246e+00
  -2.8614578e+00
  -3.0427279e+00
  -2.5826321e+00
  -2.3497028e+00
  -2.3761823e+00
  -2.3122950e+00
  -2.9211240e+00
  -2.7939312e+00
  -2.6502595e+00
  -2.5389955e+00
  -2.6025376e+00
  -2.6846476e+00
  -2.7241037e+00
  -2.5684018e+00
  -2.4409816e+00
  -2.4064221e+00
  -2.3208044e+00
  -2.1871424e+00
  -1.7751321e+00
  -1.4806842e+00
  -1.7365537e+00
  -2.9461961e+00
  -3.9517434e+00
  -4.1811848e+00
  -5.6541157e+00
  -5.6414056e+00
  -3.2068913e+00
  -1.8491559e+00
  -1.4423745e+00
  -2.3772306e+00
  -2.9522729e+00
  -2.4500268e+00
  -2.4808371e+00
  -2.5417771e+00
  -2.5610633e+00
  -2.7605073e+00
  -3.1588359e+00
  -3.4606922e+00
  -3.1377840e+00
  -2.9389343e+00
  -2.9066162e+00
  -2.9374909e+00
  -2.9772664e+00
  -2.9392580e+00
  -2.7259559e+00
  -2.5698394e+00
  -2.6323908e+00
  -2.6943713e+00
  -2.9019887e+00
  -2.7117271e+00
  -2.6911655e+00
  -2.5649963e+00
  -2.5466897e+00
  -2.5924374e+00
  -2.0025123e+00
  -1.2852176e+00
  -6.2472264e-01
  -2.4229228e+00
  -4.3051039e+00
  -3.8463679e+00
  -5.0637025e+00
  -5.0896629e+00
  -2.7780029e+00
  -1.0189545e+00
  -6.3723351e-01
  -2.3573305e+00
  -2.7106652e+00
  -2.3860765e+00
  -2.5107293e+00
  -2.4479295e+00
  -2.7698740e+00
  -2.6666832e+00
  -2.9116109e+00
  -3.2467085e+00
  -3.1464414e+00
  -3.0127370e+00
  -2.8040707e+00
  -2.9777702e+00
  -2.3039536e+00
  -2.2649503e+00
  -2.1480546e+00
  -1.9093088e+00
  -1.9062525e+00
  -1.9027928e+00
  -2.1030383e+00
  -2.0749462e+00
  -1.9517422e+00
  -1.8337858e+00
  -1.8384732e+00
  -2.1413965e+00
  -1.5308453e+00
  -8.1062949e-01
  -2.4085869e-01
  -1.3912901e+00
  -3.8235755e+00
  -3.6627245e+00
  -3.8196123e+00
  -3.4194241e+00
  -1.2433453e+00
  -1.2419353e-01
   2.5290531e-01
  -1.3290410e+00
  -2.1757934e+00
  -1.6736003e+00
  -1.8646848e+00
  -1.7044227e+00
  -1.8781937e+00
  -2.0334642e+00
  -2.0951216e+00
  -2.3184116e+00
  -2.1781840e+00
  -2.1737766e+00
  -1.9954517e+00
  -2.1396575e+00
  -1.4474647e+00
  -1.4113190e+00
  -1.3677553e+00
  -1.1166455e+00
  -1.0636053e+00
  -1.0149584e+00
  -1.1331367e+00
  -1.1944666e+00
  -9.9719727e-01
  -9.2642933e-01
  -9.0326172e-01
  -1.2140570e+00
  -8.7559354e-01
  -4.6430489e-01
  -1.5566075e-01
  -4.8503518e-01
  -2.5032949e+00
  -2.9011440e+00
  -2.5530417e+00
  -1.8250817e+00
  -1.5295863e-01
   1.4047042e-01
   3.9095688e-01
  -3.1504095e-01
  -1.2516063e+00
  -8.7555230e-01
  -9.5078349e-01
  -8.5487241e-01
  -8.1670457e-01
  -1.0804516e+00
  -1.2273097e+00
  -1.3475642e+00
  -1.1234126e+00
  -1.1938150e+00
  -1.1409398e+00
  -1.2425537e+00
  -4.7624564e-01
  -4.7832695e-01
  -4.3016425e-01
  -2.1868679e-01
  -1.3889253e-01
  -7.7099189e-02
  -1.2471484e-01
  -1.7732600e-01
  -2.6685923e-02
   3.7569299e-02
   1.0205705e-01
  -1.2118484e-01
  -1.5648192e-01
  -4.7637539e-02
   2.5929031e-01
   2.8757060e-01
  -9.4336284e-01
  -1.3781650e+00
  -1.0057554e+00
  -3.3428933e-01
   4.6220756e-01
   1.1527428e-01
   2.1552676e-01
   3.4512693e-01
  -1.8236384e-01
  -6.8328283e-02
   4.1303053e-02
   9.9591911e-02
   1.6290594e-01
   9.2922747e-03
  -1.8832150e-01
  -2.7317857e-01
  -1.0941836e-01
  -1.8936390e-01
  -2.1948158e-01
  -3.1525502e-01
   4.8260584e-01
   4.2191767e-01
   5.3230646e-01
   6.7520086e-01
   7.7072409e-01
   8.1527822e-01
   7.9170470e-01
   7.9520956e-01
   8.1095456e-01
   9.2609906e-01
   1.0020350e+00
   8.8815492e-01
   6.0172144e-01
   5.7098002e-01
   1.0424266e+00
   8.5658591e-01
   4.7092029e-01
   6.3240270e-01
   6.7704437e-01
   8.6802094e-01
   6.4653973e-01
  -2.5349782e-03
  -9.3517827e-03
   4.3766972e-01
   6.0720459e-01
   6.3859351e-01
   8.6202925e-01
   9.7916072e-01
   9.4751828e-01
   9.6464520e-01
   8.6732643e-01
   8.0931751e-01
   7.8285073e-01
   7.3546104e-01
   6.8534877e-01
   5.7070819e-01
   1.2623410e+00
   1.1688447e+00
   1.2948906e+00
   1.3831249e+00
   1.4997671e+00
   1.5363201e+00
   1.4894862e+00
   1.4950708e+00
   1.4428715e+00
   1.5945304e+00
   1.6271716e+00
   1.5991370e+00
   1.3577203e+00
   1.3656869e+00
   1.7658294e+00
   1.2460643e+00
   1.5042174e+00
   2.2980138e+00
   2.0271479e+00
   1.6799461e+00
   7.7808063e-01
   1.3196037e-01
   4.3172359e-02
   1.1721054e-01
   7.5313573e-01
   1.1182177e+00
   1.2654655e+00
   1.4884257e+00
   1.5201447e+00
   1.5285369e+00
   1.5841415e+00
   1.6773505e+00
   1.5501197e+00
   1.5082611e+00
   1.4495368e+00
   1.3183912e+00
   1.6789250e+00
   1.6077307e+00
   1.6290975e+00
   1.6874233e+00
   1.7926407e+00
   1.8673594e+00
   1.8161122e+00
   1.7837125e+00
   1.8268150e+00
   1.8704728e+00
   1.8832358e+00
   1.9449396e+00
   1.8390890e+00
   1.8831997e+00
   1.8420706e+00
   1.4861485e+00
   2.1699722e+00
   2.8213742e+00
   2.4946868e+00
   2.0659502e+00
   1.1605024e+00
   6.6219121e-01
   4.0517652e-01
  -5.0246391e-02
   5.0386250e-01
   1.2315995e+00
   1.2412224e+00
   1.4314189e+00
   1.7429838e+00
   1.6717302e+00
   1.6779549e+00
   1.9795103e+00
   2.0331533e+00
   1.9651364e+00
   1.8763875e+00
   1.7357697e+00
   1.5192891e+00
   1.4889090e+00
   1.4243817e+00
   1.4591384e+00
   1.4658291e+00
   1.5615445e+00
   1.5900214e+00
   1.5953715e+00
   1.6975110e+00
   1.5558100e+00
   1.6609414e+00
   1.7619796e+00
   1.6118367e+00
   1.6629864e+00
   1.3907707e+00
   1.4410059e+00
   2.1332302e+00
   2.2677648e+00
   2.1337364e+00
   1.9853497e+00
   1.5296644e+00
   1.2026978e+00
   8.0464453e-01
   1.9981939e-01
   2.9232356e-01
   9.1469145e-01
   9.8204470e-01
   9.6715218e-01
   1.2751404e+00
   1.3723220e+00
   1.3487448e+00
   1.5620358e+00
   1.7445638e+00
   1.7210443e+00
   1.6964108e+00
   1.5894758e+00
   6.3392323e-01
   6.1290866e-01
   6.5355825e-01
   7.2483158e-01
   6.5153092e-01
   6.8352759e-01
   7.7082407e-01
   7.9448289e-01
   7.6357830e-01
   6.1425567e-01
   8.4382612e-01
   9.0849388e-01
   6.9977158e-01
   8.0776638e-01
   7.7146149e-01
   8.8104439e-01
   1.1007415e+00
   1.1255554e+00
   1.3558904e+00
   1.5279975e+00
   1.4498923e+00
   1.2243420e+00
   8.7138808e-01
   3.5746691e-01
  -1.4498750e-02
   2.6286602e-01
   5.6337839e-01
   3.4486285e-01
   2.0305538e-01
   5.4482728e-01
   8.0885959e-01
   7.4324280e-01
   6.4776075e-01
   6.5968418e-01
   7.8118539e-01
   7.5174123e-01
  -6.4667195e-01
  -6.8835989e-01
  -4.8054814e-01
  -2.5795501e-01
  -1.8646825e-01
  -1.9326779e-01
  -2.1377528e-01
  -3.0215120e-01
  -3.9416009e-01
  -3.4562480e-01
  -1.2034358e-01
  -1.1565033e-01
  -2.8929430e-01
  -2.7021250e-01
  -1.6497415e-01
  -1.5959305e-01
  -2.0351536e-01
  -2.3744434e-02
   3.8317919e-01
   7.0596484e-01
   7.3589534e-01
   5.7020205e-01
   3.1601458e-01
  -6.1139900e-02
  -3.9558673e-01
  -2.6743439e-01
   1.3779558e-02
  -2.2952525e-01
  -6.1920486e-01
  -3.7802136e-01
   6.9522426e-02
   1.1112736e-01
  -1.3266449e-01
  -2.5668210e-01
  -2.8840780e-01
  -4.3706632e-01
  -6.2030458e-01
  -6.9700430e-01
  -6.0281360e-01
  -4.3101397e-01
  -2.5029902e-01
  -1.2961315e-01
  -7.5517744e-02
  -5.3438715e-02
  -3.9059140e-02
  -3.0694725e-02
  -8.2330947e-02
  -2.4859242e-01
  -4.5468226e-01
  -6.1553416e-01
  -6.5293092e-01
  -6.0462296e-01
  -4.9678966e-01
  -3.3861774e-01
  -1.7450209e-01
  -2.9904732e-02
   5.3624637e-02
   9.7270586e-02
   1.4017009e-01
   1.8268904e-01
   2.3172654e-01
   2.9779308e-01
   2.9009143e-01
   1.5626097e-01
  -1.2135052e-02
  -2.7441539e-02
   8.4786288e-02
   1.8506623e-01
   1.6654634e-01
   4.8452687e-02
  -1.6416791e-01
  -4.2183882e-01
