  7.038136e-01
  6.879682e-01
  6.712789e-01
  6.340761e-01
  5.490453e-01
  4.484542e-01
  3.626040e-01
  3.074203e-01
  2.751280e-01
  2.524238e-01
  2.376470e-01
  2.292681e-01
  2.223039e-01
  2.183958e-01
  2.240957e-01
  2.389156e-01
  2.315464e-01
  2.147971e-01
  2.119388e-01
  2.332275e-01
  2.438554e-01
  2.345008e-01
  2.223581e-01
  2.235083e-01
  2.283235e-01
  2.355199e-01
  2.371459e-01
  2.479214e-01
  2.803640e-01
  3.360208e-01
  4.068748e-01
  4.753299e-01
  5.247543e-01
  5.522364e-01
  5.826643e-01
  5.968875e-01
