   8.5764720e-04
   9.8168893e-04
   1.1275955e-03
   1.2778490e-03
   1.4432606e-03
   1.4231352e-03
   1.7811558e-03
   1.9477005e-03
   1.3293709e-03
   8.4622982e-04
   3.9049659e-04
  -2.0051867e-04
   0.0000000e+00
   0.0000000e+00
   0.0000000e+00
   0.0000000e+00
   0.0000000e+00
   0.0000000e+00
   0.0000000e+00
   0.0000000e+00
   0.0000000e+00
   0.0000000e+00
   0.0000000e+00
   0.0000000e+00
   0.0000000e+00
   0.0000000e+00
   0.0000000e+00
   0.0000000e+00
   0.0000000e+00
   0.0000000e+00
   5.5256715e-04
   7.8711923e-04
   1.0543153e-03
   1.0303737e-03
   9.7159499e-04
   6.0015010e-04
   0.0000000e+00
   0.0000000e+00
   0.0000000e+00
   0.0000000e+00
   0.0000000e+00
   0.0000000e+00
   0.0000000e+00
   0.0000000e+00
  -0.0000000e+00
   4.1018007e-04
   1.4674078e-03
   4.5843431e-04
  -2.2886531e-03
  -2.4077561e-03
  -1.8382506e-03
  -2.8404857e-03
  -2.9701756e-03
  -0.0000000e+00
   0.0000000e+00
   0.0000000e+00
   0.0000000e+00
   0.0000000e+00
   0.0000000e+00
   0.0000000e+00
   0.0000000e+00
   0.0000000e+00
   0.0000000e+00
   0.0000000e+00
   0.0000000e+00
   0.0000000e+00
   0.0000000e+00
   0.0000000e+00
   3.2236658e-03
   2.9938025e-03
   2.7420105e-03
   0.0000000e+00
   4.6256330e-04
  -2.9774685e-04
   6.6745444e-04
   6.2104375e-03
   2.0177517e-02
   1.2919970e-02
  -5.7176794e-03
  -1.6573960e-02
  -2.4825752e-02
  -1.7582403e-02
  -1.0031388e-03
  -6.3023963e-03
  -8.3254723e-03
  -5.8468687e-03
  -3.7585267e-03
  -3.4059745e-03
  -3.3662131e-03
  -0.0000000e+00
   0.0000000e+00
   0.0000000e+00
   0.0000000e+00
   0.0000000e+00
   0.0000000e+00
   0.0000000e+00
   0.0000000e+00
   0.0000000e+00
   0.0000000e+00
   0.0000000e+00
   0.0000000e+00
   0.0000000e+00
   0.0000000e+00
   0.0000000e+00
   4.2123608e-03
   2.7945596e-03
   2.4965254e-03
   1.5797032e-03
  -1.0445040e-03
  -3.0345379e-03
  -3.6729348e-03
   4.6132412e-04
   6.5869042e-03
  -8.9726876e-03
  -3.1985700e-02
  -3.7030499e-02
  -4.2017084e-02
  -2.7088943e-02
  -8.7379890e-03
  -1.4723016e-02
  -0.0000000e+00
   0.0000000e+00
   0.0000000e+00
   0.0000000e+00
   0.0000000e+00
   0.0000000e+00
   0.0000000e+00
   0.0000000e+00
   0.0000000e+00
  -0.0000000e+00
  -8.5917300e-03
   0.0000000e+00
   0.0000000e+00
   0.0000000e+00
   0.0000000e+00
   0.0000000e+00
   0.0000000e+00
   0.0000000e+00
   0.0000000e+00
   0.0000000e+00
   6.8787470e-03
   4.5235564e-03
   2.9204370e-03
   1.1259213e-03
  -4.0718899e-03
  -4.0648049e-03
  -2.8731416e-03
   1.1432145e-03
   5.3981890e-04
  -1.6368071e-02
  -3.4867816e-02
  -3.5573535e-02
  -3.0723300e-02
  -2.2129130e-02
  -1.3839727e-02
  -2.2056643e-02
   0.0000000e+00
   0.0000000e+00
   0.0000000e+00
   0.0000000e+00
   0.0000000e+00
   0.0000000e+00
   0.0000000e+00
   0.0000000e+00
   0.0000000e+00
  -5.4901865e-03
  -1.4028991e-02
   0.0000000e+00
   0.0000000e+00
   0.0000000e+00
   0.0000000e+00
  -0.0000000e+00
  -0.0000000e+00
   0.0000000e+00
   0.0000000e+00
   0.0000000e+00
   1.7286289e-02
   1.6304405e-02
   1.9436802e-03
  -2.4752165e-03
  -9.9563114e-03
  -7.1477937e-03
  -2.2333753e-03
   2.4935200e-03
  -1.2174301e-03
  -1.5443505e-02
  -2.6518388e-02
  -2.5681525e-02
  -1.9519364e-02
  -1.3697512e-02
  -1.0409518e-02
  -2.0320376e-02
  -1.7805647e-02
   0.0000000e+00
   0.0000000e+00
   0.0000000e+00
   0.0000000e+00
   0.0000000e+00
   0.0000000e+00
  -0.0000000e+00
  -7.2332891e-03
  -2.1197267e-02
  -2.4780356e-02
   0.0000000e+00
   0.0000000e+00
   0.0000000e+00
  -0.0000000e+00
  -8.3668760e-03
  -1.1055185e-02
  -0.0000000e+00
   0.0000000e+00
   0.0000000e+00
   2.8344274e-02
   1.9655993e-02
  -1.9196483e-03
  -8.4455032e-03
  -1.6092800e-02
  -1.1677198e-02
  -4.2908262e-03
  -4.3450188e-04
  -3.5032164e-03
  -1.2286277e-02
  -1.6454337e-02
  -1.4445184e-02
  -1.1474020e-02
  -8.0529442e-03
  -5.2337619e-03
  -1.1742465e-02
  -7.5272001e-03
  -0.0000000e+00
   0.0000000e+00
   0.0000000e+00
   0.0000000e+00
   0.0000000e+00
   0.0000000e+00
  -1.6225065e-03
  -1.7724248e-02
  -3.2807540e-02
  -2.6730850e-02
  -0.0000000e+00
  -0.0000000e+00
  -0.0000000e+00
  -5.7726400e-03
  -9.4923023e-03
  -9.8160198e-03
  -9.9146608e-03
   0.0000000e+00
   0.0000000e+00
   1.3431798e-02
  -4.5859828e-04
  -1.7349569e-02
  -1.7105695e-02
  -9.4630271e-03
  -6.3063153e-03
  -1.0363563e-03
   1.5346439e-03
  -7.2381306e-05
  -4.1364380e-03
  -4.0317667e-03
  -2.5286016e-03
  -2.0362001e-03
  -1.7031487e-03
  -1.6112870e-03
  -8.9333876e-04
   4.6548666e-03
   4.8655689e-03
   4.8799116e-03
   0.0000000e+00
   0.0000000e+00
   1.3232082e-03
   5.5416996e-03
   8.4173697e-04
  -1.7997181e-02
  -2.8798550e-02
  -1.5099832e-02
  -1.4796776e-03
  -1.4962528e-03
  -2.5312901e-03
  -6.6681900e-03
  -5.4788525e-04
   6.6941199e-03
   6.6786236e-03
   0.0000000e+00
   0.0000000e+00
   5.3908671e-03
  -8.2961237e-03
  -1.6516689e-02
  -1.1618732e-02
   4.8215440e-03
   6.4800913e-03
   9.4158128e-03
   1.1672157e-02
   1.1375151e-02
   9.6625704e-03
   1.1498729e-02
   1.0537589e-02
   1.0027891e-02
   7.6791826e-03
   3.8142144e-03
   1.1172715e-02
   1.7723583e-02
   1.7372619e-02
   1.5258927e-02
   0.0000000e+00
   0.0000000e+00
   6.4062481e-03
   8.3220982e-03
   7.3948703e-03
  -8.4511051e-03
  -1.4439865e-02
   1.4334954e-03
   1.0754136e-02
   1.2023585e-02
   9.7488156e-03
   3.9560432e-03
   2.1240411e-02
   2.5537032e-02
   2.0197670e-02
   0.0000000e+00
   0.0000000e+00
   1.0079625e-02
   2.2786551e-03
   6.9994561e-04
   5.4079778e-03
   1.8150995e-02
   1.9858401e-02
   2.3009956e-02
   2.5780246e-02
   2.6514050e-02
   2.5162695e-02
   2.7061271e-02
   2.3423852e-02
   2.2414785e-02
   1.8961720e-02
   1.3169034e-02
   2.3402052e-02
   2.5648103e-02
   2.7057482e-02
   3.1144779e-02
   1.3165803e-02
   0.0000000e+00
   1.5550774e-02
   1.5185276e-02
   0.0000000e+00
   3.8897481e-03
   4.1147685e-03
   2.1439066e-02
   2.4422290e-02
   2.6468137e-02
   2.3145838e-02
   2.1274334e-02
   4.4111561e-02
   3.8413376e-02
   0.0000000e+00
   0.0000000e+00
   0.0000000e+00
   0.0000000e+00
   2.2211228e-02
   2.2648796e-02
   2.3287384e-02
   2.4187701e-02
   2.7307285e-02
   3.1653255e-02
   3.4155961e-02
   3.6376249e-02
   3.4433339e-02
   3.5725363e-02
   3.1548742e-02
   2.9529946e-02
   2.7864678e-02
   2.3998572e-02
   3.3108857e-02
   2.5384798e-02
   0.0000000e+00
   4.3679413e-02
   1.6069222e-02
   0.0000000e+00
   0.0000000e+00
   1.8192668e-02
   0.0000000e+00
   1.0728955e-02
   1.9626344e-02
   3.9387114e-02
   3.0911997e-02
   2.7877181e-02
   2.4170788e-02
   3.2921065e-02
   5.4533951e-02
   3.7368648e-02
   0.0000000e+00
   0.0000000e+00
   0.0000000e+00
   0.0000000e+00
   3.6518540e-02
   3.2550052e-02
   2.9333919e-02
   1.7330235e-02
   2.0922139e-02
   2.5347006e-02
   2.7683483e-02
   3.0165782e-02
   2.8562758e-02
   2.9164393e-02
   2.5298856e-02
   2.3508105e-02
   2.2088787e-02
   2.0097109e-02
   2.7388792e-02
   1.7420135e-02
   1.9361170e-02
   4.0861675e-02
   0.0000000e+00
   0.0000000e+00
   0.0000000e+00
   1.5817838e-02
   1.9499745e-02
   1.1100340e-02
   2.5299652e-02
   4.6369784e-02
   3.1732424e-02
   0.0000000e+00
   0.0000000e+00
   2.8320616e-02
   4.4123806e-02
   2.8629016e-02
   1.0192399e-02
   0.0000000e+00
   0.0000000e+00
   0.0000000e+00
   2.7871361e-02
   2.2088597e-02
   1.9553034e-02
   6.1051827e-03
   1.0291137e-02
   1.4061962e-02
   1.6816916e-02
   1.9058872e-02
   1.8224416e-02
   1.8455150e-02
   1.4839364e-02
   1.4059267e-02
   1.2608215e-02
   1.2048008e-02
   1.7937839e-02
   1.1360550e-02
   2.0696707e-02
   3.0351487e-02
   0.0000000e+00
   0.0000000e+00
   0.0000000e+00
   1.3312121e-02
   2.0329913e-02
   1.1663735e-02
   2.4996240e-02
   4.3927431e-02
   2.3328389e-02
   0.0000000e+00
   0.0000000e+00
   0.0000000e+00
   3.1336535e-02
   1.9991256e-02
   3.5722993e-03
   0.0000000e+00
   0.0000000e+00
   1.6686912e-02
   1.2367635e-02
   7.2643226e-03
   6.2283943e-03
  -6.3270861e-03
  -1.7967736e-03
   9.8835700e-04
   4.2707212e-03
   6.0976632e-03
   6.0361559e-03
   6.0142367e-03
   2.3809520e-03
   2.7303027e-03
   1.0320051e-03
   1.6071186e-03
   5.7969149e-03
   3.4505292e-03
   1.8826447e-02
   1.9423175e-02
   0.0000000e+00
   0.0000000e+00
   0.0000000e+00
   0.0000000e+00
   1.8973613e-02
   1.2118616e-02
   2.1686912e-02
   3.3707105e-02
   1.4191300e-02
   4.0861859e-03
   2.1446393e-03
   0.0000000e+00
   1.8448254e-02
   1.0058147e-02
  -4.4871412e-03
   0.0000000e+00
   0.0000000e+00
   3.0038522e-03
  -4.5560813e-03
  -8.0853514e-03
  -7.5886897e-03
  -1.6939348e-02
  -1.3234265e-02
  -1.1712518e-02
  -8.2251569e-03
  -6.8791183e-03
  -6.9538355e-03
  -7.4225129e-03
  -1.1783170e-02
  -1.0904618e-02
  -1.3545839e-02
  -1.2696047e-02
  -1.1202630e-02
  -1.0197554e-02
   1.2108257e-02
   6.2625618e-03
  -7.6757716e-03
   0.0000000e+00
   0.0000000e+00
   0.0000000e+00
   1.2051208e-02
   1.2230064e-02
   1.4328894e-02
   9.9956729e-03
   1.8768180e-03
  -3.5596604e-03
   3.5091144e-04
   0.0000000e+00
   0.0000000e+00
  -8.2552951e-04
  -1.3018954e-02
  -6.5932981e-03
  -0.0000000e+00
  -9.1105308e-03
  -1.6845737e-02
  -1.8678240e-02
  -1.7702060e-02
  -1.4178266e-02
  -1.1956695e-02
  -1.0542292e-02
  -7.2948071e-03
  -7.1570077e-03
  -6.8875900e-03
  -9.8592015e-03
  -1.3076389e-02
  -1.3746203e-02
  -1.7035821e-02
  -1.5916074e-02
  -1.9112395e-02
  -1.4883531e-02
  -3.2910458e-03
  -4.0447311e-03
  -3.3498310e-03
   0.0000000e+00
   0.0000000e+00
   0.0000000e+00
   5.6540798e-03
   1.1885233e-02
   7.6819877e-03
  -2.2773102e-03
  -2.2527284e-03
  -6.6824636e-04
  -8.0483651e-04
   3.9179855e-04
   0.0000000e+00
  -5.6475651e-03
  -1.4769039e-02
  -3.6167216e-03
   5.9416139e-04
  -8.2716178e-03
  -1.3925597e-02
  -1.4222970e-02
  -1.4964493e-02
  -9.1086039e-03
  -7.5152684e-03
  -6.5060956e-03
  -3.4596086e-03
  -4.6791811e-03
  -4.2002304e-03
  -8.3215600e-03
  -1.0526094e-02
  -1.1916582e-02
  -1.5400805e-02
  -1.4168305e-02
  -1.9437723e-02
  -1.3999389e-02
  -1.4808863e-02
  -1.2107703e-02
   2.6480067e-03
   0.0000000e+00
   0.0000000e+00
   0.0000000e+00
   7.5203329e-04
   1.2441998e-02
   2.3487394e-03
  -7.5119035e-03
  -2.4899121e-03
   1.4921485e-03
  -2.9617429e-03
  -5.7116827e-03
   0.0000000e+00
  -0.0000000e+00
  -1.3976291e-02
  -2.0199744e-03
   1.1392190e-03
  -4.8923786e-03
  -9.5527256e-03
  -9.0376372e-03
  -1.0008476e-02
  -2.3308806e-03
  -8.2627678e-04
  -4.9409980e-04
   2.3161394e-03
  -9.1266978e-05
   4.0204762e-04
  -3.7296701e-03
  -5.0717234e-03
  -6.3177021e-03
  -9.3351053e-03
  -7.6544248e-03
  -1.3509437e-02
  -7.9943640e-03
  -2.0917345e-02
  -1.7189752e-02
   9.1743760e-03
   0.0000000e+00
   0.0000000e+00
  -0.0000000e+00
  -7.4790542e-04
   1.2573591e-02
  -1.3981961e-03
  -7.4707340e-03
   9.5186190e-04
   5.5929483e-03
  -1.9792102e-03
  -9.2582396e-03
  -0.0000000e+00
  -0.0000000e+00
  -1.0960363e-02
   3.9612502e-04
   1.5389821e-03
   1.6230762e-04
  -3.7426655e-03
  -2.8896760e-03
  -3.3259219e-03
   7.2292322e-03
   8.1075542e-03
   8.3226869e-03
   9.3459496e-03
   6.6959038e-03
   7.0775081e-03
   4.0531596e-03
   3.8716772e-03
   2.3075494e-03
  -6.7174245e-05
  -2.3452536e-05
  -4.8244987e-03
  -2.1622600e-03
  -2.0695347e-02
  -2.2979496e-02
   1.7213304e-03
   0.0000000e+00
   0.0000000e+00
  -0.0000000e+00
  -2.1553268e-03
   1.2512495e-02
   1.2354885e-03
  -6.2522064e-03
   5.0646765e-04
   2.4004334e-03
  -2.7273265e-03
  -1.0782748e-02
  -4.9674440e-03
  -0.0000000e+00
  -4.1516838e-03
  -1.9764206e-05
   2.8836743e-03
   5.6331549e-03
   4.1141929e-03
   5.2228142e-03
   5.6158388e-03
   8.7885959e-03
   9.4538582e-03
   1.0272061e-02
   1.0179915e-02
   8.6267116e-03
   8.7169809e-03
   6.7608254e-03
   7.1195592e-03
   5.2505936e-03
   3.7926736e-03
   2.5996352e-03
  -2.9963751e-03
  -4.2735068e-03
  -2.3172643e-02
  -2.7323883e-02
  -7.0093585e-03
   0.0000000e+00
   0.0000000e+00
  -0.0000000e+00
  -5.6852759e-03
   1.1045495e-02
   5.7884035e-03
  -6.6042640e-03
  -5.4832241e-03
  -5.7435101e-03
  -7.5668683e-03
  -1.2609764e-02
  -9.8746358e-03
  -4.0445127e-03
  -3.7626408e-03
  -1.6436423e-03
   2.0911961e-03
   4.6135653e-03
   5.7682297e-03
   6.5933382e-03
   6.9798813e-03
   6.3942494e-03
   7.0420769e-03
   8.1027970e-03
   7.3364009e-03
   6.6656494e-03
   6.9601452e-03
   6.3279052e-03
   7.2992975e-03
   5.7677175e-03
   5.1602088e-03
   3.3665025e-03
  -2.5033040e-03
  -6.9166049e-03
  -2.5754604e-02
  -3.3568059e-02
  -1.7671360e-02
  -0.0000000e+00
   0.0000000e+00
  -0.0000000e+00
  -1.1233669e-02
   7.1756276e-03
   1.0089923e-02
  -0.0000000e+00
  -1.3147688e-02
  -1.5884988e-02
  -1.2788494e-02
  -1.6221382e-02
  -1.6164895e-02
  -8.0438843e-03
  -6.6092191e-03
  -6.0080937e-03
  -2.0703378e-03
   5.1891000e-04
   3.5769541e-03
   4.3128068e-03
   4.5532696e-03
  -2.6806542e-03
  -1.4462563e-03
  -6.4392260e-04
  -7.5507240e-04
  -1.4474122e-03
   9.7635981e-05
   4.5586852e-04
   2.1876509e-03
   1.9701144e-03
   1.6162932e-03
   7.9196232e-04
  -4.2874170e-03
  -8.4941881e-03
  -2.9681506e-02
  -4.0683764e-02
  -2.8248605e-02
  -3.4672519e-02
  -3.2538944e-02
  -2.9372087e-02
  -2.1197047e-02
  -5.5267482e-04
   2.3283061e-03
  -0.0000000e+00
  -2.2020942e-02
  -2.8581696e-02
  -1.9093156e-02
  -2.1317631e-02
  -2.1086650e-02
  -1.6445069e-02
  -1.6126791e-02
  -1.5012389e-02
  -1.2002587e-02
  -8.2695289e-03
  -5.3770118e-03
  -4.1309632e-03
  -4.3290532e-03
  -1.9914240e-02
  -1.7660806e-02
  -1.7104300e-02
  -1.6146712e-02
  -1.7910715e-02
  -1.6191516e-02
  -1.5443547e-02
  -1.3585146e-02
  -1.2661243e-02
  -1.3505045e-02
  -1.2024528e-02
  -1.4238724e-02
  -1.5066089e-02
  -3.3805348e-02
  -4.6890255e-02
  -3.5908692e-02
  -4.4046558e-02
  -5.2639347e-02
  -5.2827946e-02
  -3.5196826e-02
  -1.3117585e-02
  -0.0000000e+00
  -9.5281159e-03
  -2.8595679e-02
  -3.5452738e-02
  -2.7830485e-02
  -3.2948185e-02
  -2.8308025e-02
  -2.7888624e-02
  -3.1733312e-02
  -3.1351164e-02
  -2.8744500e-02
  -2.3263831e-02
  -2.3461416e-02
  -2.1848636e-02
  -2.1520063e-02
  -3.4740232e-02
  -3.2252762e-02
  -3.0739963e-02
  -2.9897701e-02
  -3.1533979e-02
  -3.1426340e-02
  -2.9953996e-02
  -2.8069176e-02
  -2.6822412e-02
  -2.6960721e-02
  -2.5722599e-02
  -2.4755906e-02
  -2.3314798e-02
  -3.1476341e-02
  -4.4204410e-02
  -4.4368975e-02
  -4.7097310e-02
  -6.1523180e-02
  -6.6663980e-02
  -4.6384364e-02
  -2.2047567e-02
  -0.0000000e+00
  -1.7547082e-02
  -3.3986390e-02
  -3.8499642e-02
  -3.7343934e-02
  -4.1034032e-02
  -3.7959959e-02
  -3.8237628e-02
  -4.2428888e-02
  -4.5081634e-02
  -4.2735077e-02
  -3.7418667e-02
  -3.7488684e-02
  -3.6538631e-02
  -3.6126979e-02
  -4.7558077e-02
  -4.5347478e-02
  -4.2419545e-02
  -4.2097926e-02
  -4.2946029e-02
  -4.4898018e-02
  -4.3065894e-02
  -4.0991284e-02
  -3.9666098e-02
  -3.8424756e-02
  -3.8709119e-02
  -3.4820762e-02
  -3.0644806e-02
  -2.6398353e-02
  -3.5860874e-02
  -5.1233053e-02
  -4.8872139e-02
  -6.3676380e-02
  -7.6182663e-02
  -5.4522090e-02
  -2.6895132e-02
  -1.6378206e-02
  -2.6150007e-02
  -3.9597354e-02
  -4.0858822e-02
  -4.6016749e-02
  -4.6728194e-02
  -4.6888009e-02
  -4.7418673e-02
  -4.9979739e-02
  -5.5808749e-02
  -5.3943634e-02
  -5.0046951e-02
  -4.8580658e-02
  -4.8534662e-02
  -4.8608873e-02
  -5.6778692e-02
  -5.5757698e-02
  -5.0893325e-02
  -5.1144026e-02
  -5.0270807e-02
  -5.4160401e-02
  -5.3613577e-02
  -5.0580725e-02
  -4.9335234e-02
  -4.5793239e-02
  -4.9287375e-02
  -4.3750927e-02
  -3.4061056e-02
  -1.8444702e-02
  -2.2419516e-02
  -5.8077950e-02
  -5.3806372e-02
  -5.4512240e-02
  -6.9708914e-02
  -5.2831642e-02
  -2.8989553e-02
  -1.1866457e-02
  -2.7961163e-02
  -4.6849266e-02
  -4.3446425e-02
  -5.1975686e-02
  -4.9214836e-02
  -5.2914184e-02
  -5.5124979e-02
  -5.2376937e-02
  -5.9444658e-02
  -5.9367910e-02
  -5.9320070e-02
  -5.4970820e-02
  -5.5566255e-02
  -5.7508189e-02
  -4.6950158e-02
  -4.7002807e-02
  -4.2689927e-02
  -4.0907234e-02
  -4.0492192e-02
  -4.1880094e-02
  -4.5248095e-02
  -4.1664764e-02
  -3.9963190e-02
  -3.6834922e-02
  -4.1587189e-02
  -3.8842704e-02
  -2.5283318e-02
  -1.6060250e-02
  -1.4651765e-02
  -4.7701731e-02
  -5.4714736e-02
  -3.9942910e-02
  -4.6083454e-02
  -3.0717038e-02
  -1.8111372e-02
  -8.2415249e-03
  -1.2926064e-02
  -4.0431488e-02
  -3.9083960e-02
  -4.1728389e-02
  -4.2918228e-02
  -3.9824776e-02
  -4.4681348e-02
  -4.3327689e-02
  -4.5886591e-02
  -4.5105696e-02
  -4.4960871e-02
  -4.3759227e-02
  -4.3007776e-02
  -4.7456559e-02
  -3.1014899e-02
  -3.1121954e-02
  -2.7975548e-02
  -2.4910683e-02
  -2.4674160e-02
  -2.4111848e-02
  -2.8010033e-02
  -2.5468789e-02
  -2.3353899e-02
  -2.1376589e-02
  -2.3787955e-02
  -2.3788059e-02
  -1.5046929e-02
  -1.4765859e-02
  -1.0039604e-02
  -2.7599094e-02
  -4.0982611e-02
  -3.4246314e-02
  -0.0000000e+00
  -1.9313826e-02
  -9.7676554e-03
  -1.1448822e-02
  -2.4438922e-03
  -2.2119056e-02
  -2.5897171e-02
  -2.4227986e-02
  -2.7068099e-02
  -2.2103053e-02
  -2.4918936e-02
  -2.7850872e-02
  -2.9984022e-02
  -2.7412580e-02
  -2.5933955e-02
  -2.7440228e-02
  -2.6754037e-02
  -3.1136744e-02
  -1.6311409e-02
  -1.6473955e-02
  -1.3430712e-02
  -1.0769686e-02
  -1.0030381e-02
  -8.8588074e-03
  -1.0972033e-02
  -9.6578244e-03
  -8.3039068e-03
  -6.1163302e-03
  -5.9414413e-03
  -8.1668012e-03
  -8.4322225e-03
  -9.6356859e-03
  -9.5374783e-04
  -8.3120745e-03
  -1.8294416e-02
  -1.4773960e-02
  -0.0000000e+00
  -0.0000000e+00
  -0.0000000e+00
  -1.8396581e-02
  -1.8813535e-03
  -6.1122752e-03
  -1.2251175e-02
  -8.2831830e-03
  -7.8762565e-03
  -6.0777576e-03
  -7.1921344e-03
  -1.0273530e-02
  -1.3557106e-02
  -1.1357137e-02
  -1.0804042e-02
  -1.2517237e-02
  -1.2600117e-02
  -1.5706575e-02
  -3.5942865e-03
  -3.4295216e-03
   3.6303700e-05
   1.4336710e-03
   2.7609710e-03
   2.7192137e-03
   2.6428367e-03
   2.4763236e-03
   3.0830328e-03
   6.5161972e-03
   7.2359918e-03
   4.1350555e-03
  -2.9723835e-03
   2.1146899e-03
   1.0900814e-02
   4.7355308e-03
   8.7575726e-03
   1.1564936e-02
   0.0000000e+00
   0.0000000e+00
  -0.0000000e+00
  -2.4661042e-02
  -1.3193587e-02
  -1.3969159e-03
  -4.4657398e-04
   2.0328879e-03
   7.2386367e-03
   6.1307210e-03
   5.1038074e-03
   4.3921676e-03
   2.4651701e-03
   2.9093744e-03
   1.4406102e-03
   7.3968759e-04
  -5.2365108e-04
  -2.1644884e-03
   7.3673814e-03
   7.7315737e-03
   1.0075626e-02
   1.0855007e-02
   1.1984889e-02
   1.0577791e-02
   1.0150864e-02
   9.3731312e-03
   1.0406116e-02
   1.3225635e-02
   1.3034650e-02
   1.1265410e-02
   7.0653721e-03
   1.3432190e-02
   1.3837408e-02
   1.2064934e-02
   2.8274153e-02
   0.0000000e+00
   0.0000000e+00
   0.0000000e+00
  -0.0000000e+00
  -1.1734531e-02
  -1.0428693e-02
  -2.6039158e-03
   5.4351217e-03
   7.5804112e-03
   1.1299555e-02
   1.2210526e-02
   1.1332954e-02
   1.1314500e-02
   1.2593236e-02
   1.3033103e-02
   1.2076791e-02
   1.1834647e-02
   9.8094800e-03
   8.6856484e-03
   8.6193085e-03
   8.3920332e-03
   9.3395179e-03
   9.7037377e-03
   1.0619268e-02
   1.0180510e-02
   9.7616408e-03
   9.9230045e-03
   1.0208705e-02
   1.0996487e-02
   1.1050706e-02
   1.1058244e-02
   1.1369419e-02
   1.2402858e-02
   8.7103555e-03
   1.1690370e-02
   1.8997931e-02
   1.1154579e-02
   7.2515745e-03
   2.9343073e-03
  -2.6877588e-03
  -2.2614619e-03
  -3.1629114e-03
  -2.8391238e-03
   3.3868353e-03
   4.8953202e-03
   5.6897844e-03
   8.6615179e-03
   8.8433744e-03
   8.4008900e-03
   1.0157751e-02
   1.1490741e-02
   1.1212210e-02
   1.1204977e-02
   1.0050918e-02
   8.8820430e-03
   5.1016416e-03
   4.6994574e-03
   4.8459782e-03
   4.7310628e-03
   5.0287256e-03
   5.1939599e-03
   5.4073627e-03
   5.9513170e-03
   5.4834909e-03
   5.2597779e-03
   5.8729718e-03
   6.0209441e-03
   6.0568503e-03
   5.7571563e-03
   4.0024547e-03
   7.2414204e-03
   9.6390862e-03
   7.2211325e-03
   5.7827090e-03
   3.7362683e-03
   2.5809982e-03
   2.4669606e-03
   1.7167054e-03
   8.2317076e-04
   2.5962892e-03
   3.4792305e-03
   2.9307478e-03
   3.7267122e-03
   4.2617931e-03
   4.3637971e-03
   4.6374551e-03
   5.6701330e-03
   5.5793608e-03
   5.5808597e-03
   5.4329550e-03
   4.9013868e-03
   1.7399498e-03
   1.5809704e-03
   1.9694676e-03
   1.7697368e-03
   1.7940953e-03
   1.9305998e-03
   2.2712783e-03
   2.2468269e-03
   1.6998610e-03
   1.8993359e-03
   2.6139880e-03
   2.1841845e-03
   1.7986840e-03
   2.2324747e-03
   2.0346553e-03
   3.0656245e-03
   3.0652983e-03
   3.1848860e-03
   4.0355823e-03
   3.6712084e-03
   3.5400516e-03
   2.8609375e-03
   2.1718063e-03
   6.9482980e-04
   7.7323982e-04
   1.8069652e-03
   1.7489378e-03
   1.0052053e-03
   1.0497865e-03
   2.3454987e-03
   2.3788514e-03
   2.1754752e-03
   1.8300220e-03
   2.2076089e-03
   2.3821965e-03
   1.9035285e-03
  -1.4954072e-03
  -1.2832410e-03
  -4.7197824e-04
  -2.0683643e-04
  -6.1833023e-05
  -1.8770833e-04
  -1.5486595e-04
  -4.4913022e-04
  -5.1629305e-04
   1.7929392e-06
   3.3331648e-04
  -8.7863817e-05
  -5.7695335e-04
  -2.6893226e-04
  -2.0940098e-04
  -2.4336002e-04
  -3.7703523e-04
   6.7626155e-04
   1.8905826e-03
   2.1448222e-03
   2.1221589e-03
   1.4719691e-03
   7.9171953e-04
  -4.5749469e-04
  -5.5814744e-04
   2.9745075e-04
   3.7055445e-04
  -5.8871973e-04
  -9.2036941e-04
   3.1580956e-04
   8.1358902e-04
   4.4117623e-04
  -2.2803932e-04
  -2.4423623e-04
  -4.6670437e-04
  -1.0391071e-03
  -1.0257742e-03
  -9.4101031e-04
  -5.6421437e-04
  -2.3769545e-04
   1.0802601e-05
   6.1641571e-05
   1.1765502e-04
   1.1283376e-04
   1.3850028e-04
   1.1507634e-04
  -7.5705051e-05
  -4.6587479e-04
  -9.3198632e-04
  -1.1412965e-03
  -1.2737830e-03
  -1.1343935e-03
  -9.2756888e-04
  -3.4575857e-04
   1.3860996e-04
   3.5589215e-04
   4.3951964e-04
   4.2505679e-04
   5.5611599e-04
   6.0149207e-04
   8.1099966e-04
   8.8553107e-04
   7.0233719e-04
   3.7665942e-04
   1.8785555e-04
   3.8205675e-04
   5.6815805e-04
   6.4645393e-04
   4.2656009e-04
   1.1012901e-04
  -3.5883256e-04
  -7.6019904e-04
