   1.3183662e-01
   5.6523614e-02
   1.7898425e-02
  -1.6086772e-02
  -8.7458004e-02
  -2.0704126e-01
  -3.4814516e-01
  -5.0813621e-01
  -6.3145620e-01
  -6.8051583e-01
  -6.6252450e-01
  -5.7963032e-01
  -4.5490721e-01
  -2.9923152e-01
  -1.6210395e-01
  -4.5795660e-02
   1.1836158e-01
   3.0966154e-01
   4.2768982e-01
   4.2042513e-01
   3.0182204e-01
   1.8477023e-01
   1.0741324e-01
   8.2088701e-02
   1.0532402e-01
   1.6317774e-01
   2.2185084e-01
   2.7937689e-01
   3.7160678e-01
   4.9355784e-01
   5.9810561e-01
   6.4855580e-01
   6.0376072e-01
   5.0350046e-01
   3.7262274e-01
   2.3859011e-01
  -3.8681224e-01
  -4.1040832e-01
  -3.2419795e-01
  -3.4920949e-01
  -6.5135366e-01
  -1.1756883e+00
  -1.5576351e+00
  -1.5926020e+00
  -1.3512340e+00
  -1.0462813e+00
  -7.1445757e-01
  -3.2093886e-01
   1.5466617e-01
   5.5363035e-01
   6.1682034e-01
   3.6632186e-01
   1.1487107e-01
   1.2088554e-01
   1.5397862e-01
   1.2701802e-01
  -3.1250410e-02
  -1.5161042e-01
  -1.8094768e-01
  -3.1869286e-01
  -3.7029839e-01
  -3.2158121e-01
  -2.5514233e-01
  -9.9205874e-02
   2.9056575e-02
  -4.8981458e-03
  -7.6551639e-02
   6.0499399e-03
   1.3793935e-01
   1.5163045e-01
   6.8059467e-02
  -1.7293751e-01
   1.1342874e+00
   1.3600982e+00
   1.7735416e+00
   2.3283856e+00
   2.6867509e+00
   2.3908358e+00
   1.8235425e+00
   1.5927832e+00
   1.5766891e+00
   1.2099807e+00
   8.3617866e-01
   9.5658076e-01
   1.1837857e+00
   1.3961979e+00
   1.6159594e+00
   1.4650047e+00
   1.1803974e+00
   1.1066036e+00
   8.7339002e-01
   4.9175489e-01
   8.4628522e-02
  -1.5029959e-01
  -5.0844129e-02
   2.6248291e-01
   5.4841942e-01
   4.2733786e-01
   2.4871640e-01
   3.6210766e-01
   4.0729913e-01
   2.8136313e-01
  -4.3647252e-03
  -6.5638078e-03
   4.2242050e-01
   7.4428862e-01
   9.9596357e-01
   1.0810640e+00
   2.1064513e+00
   2.6559474e+00
   3.2679060e+00
   4.2708855e+00
   5.3069654e+00
   5.4688692e+00
   4.9421931e+00
   4.2862458e+00
   3.8777456e+00
   2.8477589e+00
   1.9570903e+00
   1.8389982e+00
   1.2799216e+00
   1.0606260e+00
   1.2185799e+00
   1.1420647e+00
   1.0003041e+00
   1.0514534e+00
   1.3120408e+00
   6.6249245e-01
   5.5442322e-02
   2.2314387e-01
   2.8459495e-01
   8.3926833e-01
   1.1962601e+00
   6.0484290e-01
   7.6046474e-02
   3.0522732e-02
   1.9854574e-01
   5.6788927e-01
   6.6772087e-01
   3.9431685e-01
   4.9528566e-01
   7.4464723e-01
   1.0304329e+00
   1.5783027e+00
   3.0136418e+00
   3.7513142e+00
   4.3955088e+00
   5.3521051e+00
   6.4249725e+00
   6.6707659e+00
   6.3253655e+00
   5.5352645e+00
   5.0185556e+00
   4.0199490e+00
   3.2222755e+00
   2.8521495e+00
   1.7553889e+00
   1.4839510e+00
   1.2966393e+00
   1.0507022e+00
   9.9054140e-01
   1.0262491e+00
   1.9558789e+00
   1.3585254e+00
   8.3518219e-01
   1.7182620e+00
   1.5300457e+00
   1.6002687e+00
   1.8993431e+00
   1.3271782e+00
   7.6737422e-01
   8.6005211e-01
   1.2003032e+00
   1.4330418e+00
   1.5987149e+00
   1.2774199e+00
   1.3826692e+00
   1.6755003e+00
   1.7579162e+00
   2.3594568e+00
   3.6097467e+00
   4.1767631e+00
   4.7322793e+00
   5.4422302e+00
   6.2608562e+00
   6.4339237e+00
   6.2306652e+00
   5.6421008e+00
   5.2536011e+00
   4.6694007e+00
   4.2145152e+00
   3.6146674e+00
   2.5141532e+00
   2.4285727e+00
   1.9537129e+00
   1.4105301e+00
   1.3718430e+00
   1.5427059e+00
   2.6739511e+00
   2.4781711e+00
   2.4334307e+00
   3.4906542e+00
   2.8045962e+00
   2.2375486e+00
   2.6325521e+00
   2.5157101e+00
   2.3096774e+00
   2.7356920e+00
   2.8318627e+00
   2.1165843e+00
   1.7730539e+00
   1.7992686e+00
   2.6583679e+00
   3.2491612e+00
   3.0674646e+00
   3.2727332e+00
   2.8088753e+00
   2.9896113e+00
   3.4096100e+00
   3.9700587e+00
   4.6175698e+00
   4.8208819e+00
   4.7296529e+00
   4.3552379e+00
   4.1771679e+00
   3.9510987e+00
   3.7948506e+00
   3.3461174e+00
   2.4690042e+00
   2.5868005e+00
   2.3318875e+00
   1.4791815e+00
   1.2248990e+00
   1.7686823e+00
   2.9613738e+00
   3.1673940e+00
   3.4232110e+00
   4.0488706e+00
   2.8970877e+00
   2.1173587e+00
   2.6103973e+00
   2.8472763e+00
   3.1457936e+00
   3.6164355e+00
   3.0777610e+00
   1.7675147e+00
   1.1641052e+00
   1.4711242e+00
   2.8543006e+00
   3.5926900e+00
   3.1757763e+00
   2.9135593e+00
   3.9665681e-01
   2.9512942e-01
   5.7453099e-01
   1.0722523e+00
   1.6218488e+00
   1.9073223e+00
   1.9270903e+00
   1.7138664e+00
   1.6560638e+00
   1.6393676e+00
   1.7115580e+00
   1.6648409e+00
   1.2016306e+00
   1.5581448e+00
   1.9752312e+00
   1.0628009e+00
   2.4282785e-01
   1.0347345e+00
   2.4706078e+00
   2.8528707e+00
   2.6593100e+00
   2.6942439e+00
   1.5925969e+00
   8.4188961e-01
   1.3497139e+00
   1.7318434e+00
   2.2196361e+00
   2.3471215e+00
   1.4129263e+00
   5.9682939e-01
   2.8190422e-01
   5.0621724e-01
   1.4873291e+00
   1.8309972e+00
   1.3020169e+00
   7.6884334e-01
  -2.6092944e+00
  -2.8233504e+00
  -2.7057979e+00
  -2.2908587e+00
  -1.8941728e+00
  -1.5598185e+00
  -1.4895788e+00
  -1.4949406e+00
  -1.5487373e+00
  -1.4503767e+00
  -1.1999080e+00
  -9.9543899e-01
  -7.3092604e-01
  -6.0650758e-02
   1.0373917e+00
   5.4239923e-01
  -9.7852820e-01
  -3.7533161e-01
   1.2667764e+00
   1.6457551e+00
   5.3481603e-01
  -1.5494645e-02
  -6.0110265e-01
  -1.2318311e+00
  -6.9464284e-01
  -2.5992435e-01
  -4.7569335e-02
  -3.8170624e-01
  -1.0258534e+00
  -6.2791014e-01
  -6.0149968e-01
  -6.1210245e-01
  -5.9659672e-01
  -1.1377900e+00
  -1.6176870e+00
  -2.2017376e+00
  -5.1139073e+00
  -5.3691502e+00
  -5.4565120e+00
  -5.1854010e+00
  -5.0350947e+00
  -4.6985579e+00
  -4.6719875e+00
  -4.4071889e+00
  -4.4941301e+00
  -4.3478541e+00
  -3.9891427e+00
  -3.8660784e+00
  -2.6377444e+00
  -1.5974919e+00
  -1.4466992e-01
   2.5111461e-01
  -1.8020159e+00
  -1.8862835e+00
  -3.3370325e-01
  -4.1765932e-02
  -1.9577076e+00
  -3.1069286e+00
  -3.1067352e+00
  -3.4284446e+00
  -2.7779353e+00
  -2.3359580e+00
  -2.6928544e+00
  -3.3797877e+00
  -3.0607126e+00
  -1.3847166e+00
  -1.3892912e+00
  -1.5227311e+00
  -2.4329271e+00
  -4.0326781e+00
  -4.3450189e+00
  -4.8215103e+00
  -5.7586340e+00
  -6.1846764e+00
  -6.6165770e+00
  -6.5540108e+00
  -6.6996910e+00
  -6.4115502e+00
  -6.4487961e+00
  -6.0508818e+00
  -5.9808683e+00
  -5.9514170e+00
  -5.7054387e+00
  -5.9178645e+00
  -3.9806541e+00
  -2.5000197e+00
  -1.3536358e+00
   4.4603668e-01
  -1.3660887e+00
  -2.9809061e+00
  -2.0613715e+00
  -1.9737579e+00
  -3.7035133e+00
  -5.5179521e+00
  -5.7171833e+00
  -4.8037584e+00
  -3.9701732e+00
  -3.7482043e+00
  -4.6148918e+00
  -5.4572197e+00
  -3.5715929e+00
  -1.2451894e+00
  -1.8328219e+00
  -1.8503984e+00
  -3.0473872e+00
  -5.2740118e+00
  -5.4038829e+00
  -5.5725058e+00
  -4.0346203e+00
  -4.5984248e+00
  -5.2458820e+00
  -5.2785220e+00
  -5.4280885e+00
  -5.2346153e+00
  -5.1602206e+00
  -4.9680260e+00
  -4.6910701e+00
  -4.8290758e+00
  -4.8133615e+00
  -5.0818992e+00
  -3.7149343e+00
  -2.2511234e+00
  -1.5709783e+00
   8.1176436e-01
  -1.0902699e-01
  -2.8345342e+00
  -2.4808903e+00
  -2.5096378e+00
  -3.3943920e+00
  -5.1392918e+00
  -6.0089915e+00
  -4.0162725e+00
  -3.0879512e+00
  -3.2048193e+00
  -4.0986171e+00
  -4.9552608e+00
  -2.6650950e+00
  -5.0244445e-01
  -1.1704566e+00
  -1.4299310e+00
  -2.2018683e+00
  -3.7199600e+00
  -3.8006180e+00
  -3.7561917e+00
  -2.4334271e+00
  -2.9621561e+00
  -3.6011066e+00
  -3.6638255e+00
  -3.7033076e+00
  -3.5888846e+00
  -3.4076948e+00
  -3.3530710e+00
  -3.0432382e+00
  -3.2041504e+00
  -3.3046329e+00
  -3.5208359e+00
  -2.8532114e+00
  -1.6966155e+00
  -1.1863916e+00
   1.0958421e+00
   7.9624450e-01
  -2.2507291e+00
  -2.3234389e+00
  -2.2749772e+00
  -2.7346141e+00
  -4.0636268e+00
  -4.9704247e+00
  -2.7637198e+00
  -1.8206159e+00
  -2.1102629e+00
  -2.9278681e+00
  -3.8376296e+00
  -1.9870853e+00
   1.8493555e-02
  -4.6169519e-01
  -1.1448905e+00
  -1.4760132e+00
  -2.1153123e+00
  -2.1522374e+00
  -2.0720513e+00
  -1.1980006e+00
  -1.5970137e+00
  -2.1125906e+00
  -2.1779158e+00
  -2.0718890e+00
  -2.0330822e+00
  -1.7540923e+00
  -1.7907264e+00
  -1.5144295e+00
  -1.6195954e+00
  -1.7811247e+00
  -1.8726053e+00
  -1.8408741e+00
  -1.0071897e+00
  -4.9559513e-01
   1.3616431e+00
   1.5142076e+00
  -1.5196534e+00
  -1.9714904e+00
  -1.7520842e+00
  -2.0467184e+00
  -2.9031503e+00
  -3.5135734e+00
  -1.4503665e+00
  -5.7356077e-01
  -9.2665040e-01
  -1.5983553e+00
  -2.5831308e+00
  -1.5059871e+00
   2.5859487e-01
   6.6488581e-03
  -1.0779852e+00
  -9.9799478e-01
  -8.2099938e-01
  -8.3690344e-01
  -7.7839369e-01
  -1.1607489e+00
  -1.2203796e+00
  -1.3904046e+00
  -1.4325917e+00
  -1.1543389e+00
  -1.2208353e+00
  -8.5182379e-01
  -8.9392973e-01
  -6.9794288e-01
  -5.8905494e-01
  -7.4882341e-01
  -5.1014649e-01
  -7.8345526e-01
   2.6952934e-02
   8.8082009e-01
   1.7450778e+00
   2.1040790e+00
  -5.8424380e-01
  -1.5193248e+00
  -9.4525885e-01
  -1.5941286e+00
  -2.1305233e+00
  -1.7894483e+00
  -2.2571206e-01
   3.0875891e-01
   1.2880936e-01
  -1.9017565e-01
  -1.3129029e+00
  -1.4616466e+00
  -4.1471523e-01
  -6.1144229e-01
  -1.8127630e+00
  -1.3735626e+00
  -7.2218625e-01
  -8.1040351e-01
  -7.6922633e-01
  -2.9051728e+00
  -2.7185411e+00
  -2.7313719e+00
  -2.7341957e+00
  -2.3795416e+00
  -2.5794318e+00
  -2.0772030e+00
  -2.2491183e+00
  -1.9397893e+00
  -1.7609115e+00
  -1.9383700e+00
  -1.1683316e+00
  -1.2800782e+00
   6.0124016e-01
   2.0700197e+00
   2.2381568e+00
   2.6811044e+00
  -2.4622986e-01
  -1.4680500e+00
  -6.1800700e-01
  -1.7285337e+00
  -2.7854881e+00
  -2.1988125e+00
  -5.2669340e-01
  -3.3027875e-01
  -2.1051008e-01
  -7.9433709e-02
  -1.0105036e+00
  -1.8502170e+00
  -2.3471777e+00
  -2.6257205e+00
  -3.2667332e+00
  -2.8155499e+00
  -2.4471118e+00
  -2.8025203e+00
  -2.5686977e+00
  -4.2177157e+00
  -3.9490559e+00
  -3.9472704e+00
  -3.9188430e+00
  -3.5458820e+00
  -3.7954290e+00
  -3.2490811e+00
  -3.5243707e+00
  -3.1891575e+00
  -3.0448768e+00
  -3.2103920e+00
  -2.1834755e+00
  -2.1416485e+00
   5.4189223e-01
   2.5983391e+00
   2.5408742e+00
   2.9072123e+00
  -1.2436503e-01
  -1.3788801e+00
  -3.8684735e-01
  -1.7251796e+00
  -3.2213678e+00
  -2.8776696e+00
  -1.2868270e+00
  -1.0867639e+00
  -7.4498117e-01
  -3.9124650e-01
  -1.0613352e+00
  -2.3522229e+00
  -3.8204546e+00
  -4.0005050e+00
  -4.2287407e+00
  -3.8818154e+00
  -3.7601423e+00
  -4.2553744e+00
  -3.9286711e+00
  -5.4881172e+00
  -5.2043716e+00
  -5.2529955e+00
  -5.1933024e+00
  -4.8270217e+00
  -5.0930504e+00
  -4.5389465e+00
  -4.9178436e+00
  -4.5945669e+00
  -4.5381138e+00
  -4.6763426e+00
  -3.4898061e+00
  -3.2794013e+00
   1.7839178e-01
   2.8814794e+00
   2.7913464e+00
   2.9964892e+00
  -8.8906230e-02
  -1.2610679e+00
  -1.7249550e-01
  -1.6568647e+00
  -3.6077993e+00
  -3.7656755e+00
  -2.3549025e+00
  -1.9906300e+00
  -1.4361415e+00
  -9.3912378e-01
  -1.2838880e+00
  -2.9686647e+00
  -5.2584178e+00
  -5.2434646e+00
  -5.0776636e+00
  -4.9021899e+00
  -5.0404554e+00
  -5.6328977e+00
  -5.2487241e+00
  -5.2496209e+00
  -5.0943279e+00
  -5.1826296e+00
  -5.0951176e+00
  -4.8641272e+00
  -4.9508424e+00
  -4.7044344e+00
  -5.0443254e+00
  -5.0575280e+00
  -5.1868601e+00
  -5.2939901e+00
  -4.7044754e+00
  -4.3613901e+00
  -1.6157553e+00
   1.3067851e+00
   1.8953686e+00
   1.4696164e+00
  -1.6687322e-01
  -4.5666361e-01
   2.1789418e-01
  -4.7602668e-01
  -2.1649919e+00
  -3.6293998e+00
  -3.3929269e+00
  -2.6537280e+00
  -1.9764857e+00
  -1.7498069e+00
  -2.3000069e+00
  -4.0503764e+00
  -5.3826437e+00
  -4.9408989e+00
  -4.7066631e+00
  -4.7544212e+00
  -4.9723339e+00
  -5.2884340e+00
  -5.1366329e+00
  -4.0783911e+00
  -3.9197457e+00
  -3.9717662e+00
  -3.8512452e+00
  -3.7334290e+00
  -3.7524900e+00
  -3.6786828e+00
  -3.9996095e+00
  -4.0998425e+00
  -4.3387995e+00
  -4.4927144e+00
  -4.3709130e+00
  -4.1753268e+00
  -2.7105801e+00
  -7.9788548e-01
   1.8293631e-01
  -2.1080495e-01
  -6.0236514e-01
  -1.9865578e-01
   1.2502044e-01
   5.2927196e-01
  -7.4846017e-01
  -2.7838817e+00
  -2.9213514e+00
  -2.5346746e+00
  -1.9620378e+00
  -2.0801563e+00
  -3.0961556e+00
  -4.2595501e+00
  -4.5757589e+00
  -4.0567951e+00
  -3.8555789e+00
  -3.8339617e+00
  -4.0099430e+00
  -4.1283569e+00
  -4.0264349e+00
  -3.0667678e+00
  -2.8841543e+00
  -2.9091788e+00
  -2.7611779e+00
  -2.7443447e+00
  -2.7304135e+00
  -2.7761572e+00
  -3.0756245e+00
  -3.2036010e+00
  -3.5283017e+00
  -3.7069206e+00
  -3.9522953e+00
  -3.9526129e+00
  -3.7051659e+00
  -2.9881402e+00
  -1.7724297e+00
  -1.9010354e+00
  -1.2870328e+00
  -3.4726493e-01
  -1.4309895e-01
   1.2312638e+00
   2.5748181e-01
  -2.0996878e+00
  -2.4389878e+00
  -2.4475861e+00
  -2.0477555e+00
  -2.5255383e+00
  -3.8386855e+00
  -4.3929696e+00
  -3.9709632e+00
  -3.4287197e+00
  -3.2215979e+00
  -3.0876666e+00
  -3.2161297e+00
  -3.1771195e+00
  -3.0714310e+00
  -2.2373445e+00
  -1.9760836e+00
  -1.9927858e+00
  -1.8248066e+00
  -1.9027895e+00
  -1.9328214e+00
  -1.9959776e+00
  -2.2621376e+00
  -2.2807194e+00
  -2.6531329e+00
  -2.8049569e+00
  -3.2545716e+00
  -3.6130808e+00
  -4.6998031e+00
  -5.9036315e+00
  -4.7870557e+00
  -4.0150096e+00
  -2.7544324e+00
  -1.5433428e+00
  -9.0567752e-01
   1.3402545e+00
   4.6916584e-01
  -1.6749586e+00
  -1.8485678e+00
  -2.4378961e+00
  -2.4187225e+00
  -3.3775911e+00
  -4.6279026e+00
  -4.3869562e+00
  -3.7522336e+00
  -3.3091806e+00
  -2.9944019e+00
  -2.6198232e+00
  -2.6781181e+00
  -2.5438576e+00
  -2.3024641e+00
  -3.6269498e+00
  -3.4185510e+00
  -3.4036093e+00
  -3.3736417e+00
  -3.4503744e+00
  -3.5269334e+00
  -3.5088105e+00
  -3.5731953e+00
  -3.5718946e+00
  -3.7136955e+00
  -3.7453411e+00
  -3.9574015e+00
  -4.4261761e+00
  -5.7572253e+00
  -7.6074529e+00
  -7.2041559e+00
  -5.6061805e+00
  -4.8238993e+00
  -3.8849926e+00
  -2.1350469e+00
  -7.5923425e-01
  -1.5639893e+00
  -3.0230628e+00
  -3.2317379e+00
  -3.3746195e+00
  -3.9448185e+00
  -4.9931698e+00
  -5.5003138e+00
  -5.3072418e+00
  -5.2113132e+00
  -5.0277209e+00
  -4.6368064e+00
  -4.2485228e+00
  -4.1616073e+00
  -4.0173855e+00
  -3.7704728e+00
  -5.4834194e+00
  -5.3624635e+00
  -5.2864962e+00
  -5.3900161e+00
  -5.4416547e+00
  -5.5300741e+00
  -5.4598560e+00
  -5.3790774e+00
  -5.3928967e+00
  -5.3092375e+00
  -5.3234377e+00
  -5.2539601e+00
  -5.5920205e+00
  -6.5546527e+00
  -7.9770126e+00
  -8.1076059e+00
  -6.4540644e+00
  -5.9728651e+00
  -5.0125322e+00
  -3.0114722e+00
  -2.7358913e+00
  -3.2688594e+00
  -4.5973659e+00
  -4.9592733e+00
  -4.4975696e+00
  -5.4452167e+00
  -6.2726088e+00
  -6.4415321e+00
  -6.5035734e+00
  -6.5773487e+00
  -6.5997486e+00
  -6.2760582e+00
  -6.0705905e+00
  -5.9048309e+00
  -5.7939258e+00
  -5.6536188e+00
  -7.3873067e+00
  -7.3456416e+00
  -7.2134819e+00
  -7.4189682e+00
  -7.4457159e+00
  -7.5351744e+00
  -7.4292459e+00
  -7.2470407e+00
  -7.2590208e+00
  -6.9944382e+00
  -7.0245037e+00
  -6.6803007e+00
  -6.7826700e+00
  -7.1391978e+00
  -7.8156986e+00
  -8.3756628e+00
  -6.9745946e+00
  -6.5846004e+00
  -5.4482975e+00
  -3.6580353e+00
  -4.4715338e+00
  -4.7425628e+00
  -6.1269631e+00
  -6.6199327e+00
  -5.6449199e+00
  -6.8460159e+00
  -7.3737135e+00
  -7.3695621e+00
  -7.6740460e+00
  -7.7677188e+00
  -7.9467635e+00
  -7.7474728e+00
  -7.7901278e+00
  -7.6126938e+00
  -7.5650959e+00
  -7.5578189e+00
  -8.6501985e+00
  -8.6115125e+00
  -8.4779534e+00
  -8.6524819e+00
  -8.6807694e+00
  -8.7611760e+00
  -8.6620707e+00
  -8.5113764e+00
  -8.4306346e+00
  -8.1820599e+00
  -8.2582509e+00
  -7.7615374e+00
  -7.5032521e+00
  -7.0435870e+00
  -6.8949614e+00
  -7.5630992e+00
  -6.8236504e+00
  -5.8933419e+00
  -4.3077456e+00
  -3.6281153e+00
  -5.0564185e+00
  -5.3330186e+00
  -6.9673468e+00
  -7.3818853e+00
  -6.4715742e+00
  -7.6003412e+00
  -7.8716327e+00
  -7.9881178e+00
  -8.2600470e+00
  -8.1386827e+00
  -8.3063065e+00
  -8.2900634e+00
  -8.5967975e+00
  -8.5977770e+00
  -8.6717678e+00
  -8.7691476e+00
  -6.5951180e+00
  -6.4628224e+00
  -6.4431648e+00
  -6.4323874e+00
  -6.4819546e+00
  -6.5098686e+00
  -6.4803438e+00
  -6.4568205e+00
  -6.2928038e+00
  -6.3111963e+00
  -6.2938566e+00
  -6.0002251e+00
  -5.5315962e+00
  -4.8376374e+00
  -4.7988329e+00
  -5.0301013e+00
  -4.5976820e+00
  -3.0962300e+00
  -1.6131079e+00
  -1.8148232e+00
  -3.0291855e+00
  -4.1385546e+00
  -5.1428323e+00
  -5.0998106e+00
  -5.0994916e+00
  -5.6576657e+00
  -6.0160084e+00
  -6.1289277e+00
  -6.0459900e+00
  -5.9428377e+00
  -5.8850517e+00
  -5.9314098e+00
  -6.2116833e+00
  -6.4884672e+00
  -6.6480026e+00
  -6.6795220e+00
  -2.9817181e+00
  -2.8340197e+00
  -2.8648322e+00
  -2.7861707e+00
  -2.8325205e+00
  -2.7867556e+00
  -2.7892363e+00
  -2.7962518e+00
  -2.6633029e+00
  -2.7786570e+00
  -2.6608355e+00
  -2.5601876e+00
  -2.1619897e+00
  -1.7981906e+00
  -2.0130019e+00
  -1.7235439e+00
  -1.2718494e+00
  -3.4162435e-01
   4.1974568e-01
   2.0252788e-01
  -9.1581774e-01
  -2.4643893e+00
  -2.5034013e+00
  -2.0313501e+00
  -2.3619196e+00
  -2.4519835e+00
  -2.7857742e+00
  -2.7834158e+00
  -2.6087792e+00
  -2.6181841e+00
  -2.4836895e+00
  -2.5579062e+00
  -2.7193279e+00
  -3.0047166e+00
  -3.1203144e+00
  -3.0759206e+00
   9.1113675e-01
   1.0168688e+00
   9.9715036e-01
   1.0823116e+00
   1.0417527e+00
   1.1574657e+00
   1.1547887e+00
   1.2056471e+00
   1.2891603e+00
   1.2072964e+00
   1.3939269e+00
   1.3878140e+00
   1.6166358e+00
   1.5444812e+00
   1.3882570e+00
   2.1565528e+00
   2.4598422e+00
   2.1617179e+00
   1.9141784e+00
   1.8248188e+00
   7.2964126e-01
  -6.9177032e-01
   8.6686459e-02
   8.6924136e-01
   7.8793001e-01
   1.0250293e+00
   8.5412741e-01
   9.9145359e-01
   1.0696872e+00
   1.0491092e+00
   1.1546535e+00
   1.0213690e+00
   9.1965747e-01
   7.3589307e-01
   7.3813430e-01
   8.0130231e-01
   3.8874776e+00
   3.9301100e+00
   3.9627728e+00
   4.0423048e+00
   4.0189772e+00
   4.1739290e+00
   4.1885584e+00
   4.3517380e+00
   4.3970301e+00
   4.4225991e+00
   4.6365505e+00
   4.6220792e+00
   4.7060349e+00
   4.3701435e+00
   4.6199510e+00
   5.5879658e+00
   5.4743854e+00
   3.9756072e+00
   2.7534878e+00
   2.6756237e+00
   1.6950888e+00
   8.3868944e-01
   2.0001371e+00
   2.7958724e+00
   3.2570707e+00
   3.6664769e+00
   3.7048642e+00
   3.9813442e+00
   3.9284964e+00
   4.0143702e+00
   4.0427701e+00
   3.8736331e+00
   3.7522743e+00
   3.6416693e+00
   3.7566349e+00
   3.7745559e+00
   4.9778803e+00
   4.9970198e+00
   5.0729354e+00
   5.1705745e+00
   5.2064767e+00
   5.3543156e+00
   5.3876356e+00
   5.5914974e+00
   5.6125401e+00
   5.7181514e+00
   5.8954945e+00
   5.9387754e+00
   5.9967026e+00
   5.7583637e+00
   6.3949026e+00
   7.0369520e+00
   6.5198979e+00
   4.8372763e+00
   3.2073795e+00
   2.9841731e+00
   2.3248562e+00
   1.9534445e+00
   2.9452069e+00
   3.3537693e+00
   3.9552081e+00
   4.4580255e+00
   4.6394403e+00
   4.9823411e+00
   5.0053520e+00
   5.2047461e+00
   5.1771229e+00
   5.0800209e+00
   4.9604858e+00
   4.8137010e+00
   4.9176693e+00
   4.8890164e+00
   4.5663567e+00
   4.6164875e+00
   4.6955833e+00
   4.7726226e+00
   4.8961754e+00
   5.0047565e+00
   5.0680780e+00
   5.1411390e+00
   5.1539650e+00
   5.2725039e+00
   5.2954636e+00
   5.4281392e+00
   5.4878154e+00
   5.5014782e+00
   6.0091381e+00
   5.9400802e+00
   5.5606956e+00
   4.8302040e+00
   3.7001173e+00
   3.4851594e+00
   3.1395257e+00
   2.8285587e+00
   3.2543156e+00
   3.1144958e+00
   3.1845834e+00
   3.7213106e+00
   4.0063925e+00
   4.1943793e+00
   4.4534760e+00
   4.6437492e+00
   4.5583277e+00
   4.5755644e+00
   4.6044636e+00
   4.5138879e+00
   4.5076451e+00
   4.5147152e+00
   3.7507567e+00
   3.8465221e+00
   3.9017429e+00
   3.8938475e+00
   4.0017781e+00
   4.0385146e+00
   4.1306820e+00
   4.0884633e+00
   4.1665359e+00
   4.2247286e+00
   4.0360022e+00
   4.2272778e+00
   4.2272625e+00
   4.3002448e+00
   4.3577023e+00
   3.8855639e+00
   3.9953041e+00
   4.1801157e+00
   3.9175174e+00
   3.8868980e+00
   3.6952643e+00
   3.3583579e+00
   3.2268543e+00
   2.8991909e+00
   2.5341642e+00
   2.8722894e+00
   3.1561232e+00
   3.0775962e+00
   3.3451078e+00
   3.4211788e+00
   3.2881002e+00
   3.2778540e+00
   3.4362793e+00
   3.5862322e+00
   3.5893111e+00
   3.6952193e+00
   2.4955611e+00
   2.6249726e+00
   2.6790559e+00
   2.6441438e+00
   2.6251025e+00
   2.5584836e+00
   2.6349649e+00
   2.6865046e+00
   2.8161263e+00
   2.7398891e+00
   2.4991605e+00
   2.6851211e+00
   2.6819320e+00
   2.6660273e+00
   2.5917919e+00
   2.4082730e+00
   2.6752639e+00
   2.8136985e+00
   2.7803919e+00
   2.7986047e+00
   2.8016284e+00
   2.7265503e+00
   2.6156619e+00
   2.6299212e+00
   2.3704054e+00
   2.2006907e+00
   2.1974747e+00
   2.0833361e+00
   2.1106417e+00
   2.0306616e+00
   1.9641843e+00
   1.8965156e+00
   1.9174023e+00
   2.0826447e+00
   2.1797538e+00
   2.3682275e+00
   1.7184928e-01
   2.6323926e-01
   3.3001927e-01
   3.7615302e-01
   3.6743789e-01
   3.0251676e-01
   2.9852587e-01
   3.1081098e-01
   2.4830514e-01
   8.3762184e-02
   2.1500477e-02
   2.1099715e-01
   2.9711071e-01
   2.9302784e-01
   3.8595462e-01
   5.7635880e-01
   6.9619594e-01
   4.9503437e-01
   2.6903814e-01
   2.4446097e-01
   4.5213306e-01
   7.0478934e-01
   9.5955015e-01
   1.1603504e+00
   9.5920163e-01
   4.3880219e-01
   1.7667651e-01
   1.7574811e-01
   9.6082199e-02
  -5.7749227e-02
  -4.1979700e-02
  -4.4252346e-04
  -7.9966210e-02
  -1.4087674e-01
  -1.0580717e-01
   4.2395309e-02
   3.1839219e-01
   2.3896967e-01
   1.5703517e-01
   1.1295252e-01
   9.0051753e-02
   6.6977918e-02
   3.1767044e-02
  -2.7234556e-02
  -9.1123842e-02
  -1.1736263e-01
  -8.3216523e-02
  -3.1646535e-02
  -4.3610059e-02
  -1.2246092e-01
  -1.8607274e-01
  -1.8394943e-01
  -1.4649601e-01
  -1.1460751e-01
  -8.1159100e-02
  -1.4816803e-02
   7.3031418e-02
   1.4654125e-01
   1.9886882e-01
   2.0061830e-01
   1.4279525e-01
   6.8777208e-02
   6.1136305e-02
   8.5463889e-02
   5.5428989e-02
  -1.5000193e-02
  -3.0134398e-02
   3.3568973e-02
   1.3267164e-01
   2.2232048e-01
   3.0432378e-01
   3.4337059e-01
