   1.2729661e+00   1.2695041e+00   1.2165297e+00   1.1838334e+00   1.1773449e+00   1.1954675e+00   1.2402363e+00   1.2993962e+00   1.3587716e+00   1.4106917e+00   1.4573621e+00   1.4956589e+00   1.5323880e+00   1.5493613e+00   1.5188055e+00   1.4467740e+00   1.2952504e+00   1.1278074e+00   1.1063299e+00   1.1909697e+00   1.2539368e+00   1.2800722e+00   1.2798171e+00   1.2465663e+00   1.2335262e+00   1.2704246e+00   1.2910746e+00   1.2613404e+00   1.2410150e+00   1.2455324e+00   1.2537644e+00   1.2494937e+00   1.2155391e+00   1.1806378e+00   1.1813787e+00   1.2256855e+00
   1.9872345e+00   1.9583705e+00   1.9094268e+00   1.8638873e+00   1.7982972e+00   1.7363815e+00   1.7244612e+00   1.7305010e+00   1.6949883e+00   1.5986009e+00   1.6001207e+00   1.7241834e+00   1.7429125e+00   1.6814225e+00   1.7513009e+00   1.9143250e+00   1.9306794e+00   1.7168173e+00   1.6781691e+00   1.7014131e+00   1.5908446e+00   1.5163627e+00   1.6175423e+00   1.7580770e+00   1.7787068e+00   1.7503786e+00   1.8119477e+00   1.7953625e+00   1.7624731e+00   1.7177910e+00   1.7902782e+00   1.7959705e+00   1.7405860e+00   1.7611678e+00   1.8559531e+00   1.9555014e+00
   2.7518756e+00   2.8824470e+00   2.9369619e+00   2.8970203e+00   2.8457577e+00   2.7983649e+00   2.8960407e+00   2.9503267e+00   3.0488856e+00   2.9401443e+00   2.7898147e+00   2.9845958e+00   2.9419770e+00   2.9257476e+00   2.8425319e+00   2.7194574e+00   3.0402241e+00   3.1390941e+00   3.1857882e+00   3.2790504e+00   3.2068374e+00   3.0294771e+00   2.8608153e+00   2.8606739e+00   2.6501400e+00   2.4965427e+00   2.4701459e+00   2.3599041e+00   2.3978071e+00   2.3684187e+00   2.4033895e+00   2.3971293e+00   2.4254720e+00   2.5442538e+00   2.5841103e+00   2.6754098e+00
   4.0581098e+00   4.1365538e+00   4.1630526e+00   4.1676121e+00   4.2754946e+00   4.3490720e+00   4.4434962e+00   4.4044280e+00   4.5123944e+00   4.5146894e+00   4.3801107e+00   4.5979404e+00   4.5435405e+00   4.6331000e+00   4.6009588e+00   4.1904340e+00   4.5685005e+00   4.7871518e+00   4.4979916e+00   4.3909607e+00   4.0175333e+00   3.6023879e+00   3.4194932e+00   3.0573926e+00   2.6611168e+00   3.0552135e+00   3.3323784e+00   3.2618055e+00   3.6085329e+00   3.7051654e+00   3.5654607e+00   3.6465242e+00   3.8760409e+00   4.0021315e+00   3.9901924e+00   4.0351219e+00
   4.8811817e+00   4.9045358e+00   4.9809184e+00   5.0710998e+00   5.2260695e+00   5.3592482e+00   5.4012065e+00   5.4580188e+00   5.4852610e+00   5.6067190e+00   5.6309590e+00   5.7776866e+00   5.8036170e+00   5.8404083e+00   6.3059416e+00   6.1501985e+00   6.0169668e+00   5.6089931e+00   4.4923019e+00   4.0795836e+00   3.3903637e+00   2.9629023e+00   3.3465986e+00   3.1615818e+00   3.2755816e+00   3.9479556e+00   4.2197409e+00   4.4585257e+00   4.8045454e+00   4.9568620e+00   4.8741112e+00   5.0019636e+00   5.0570741e+00   4.9478164e+00   4.9042196e+00   4.8530197e+00
   5.1587074e+00   5.1555715e+00   5.2535618e+00   5.3665136e+00   5.4380665e+00   5.5948757e+00   5.6163157e+00   5.8122387e+00   5.8192838e+00   5.9528993e+00   6.1258302e+00   6.1646828e+00   6.1723527e+00   5.9562492e+00   6.6588496e+00   7.1705403e+00   6.7414584e+00   0.0000000e+00   0.0000000e+00   0.0000000e+00   0.0000000e+00   2.0266200e+00   2.9885485e+00   3.3805396e+00   4.0474613e+00   4.6173849e+00   4.8436006e+00   5.2390340e+00   5.2694407e+00   5.4506625e+00   5.4379457e+00   5.3726454e+00   5.2238711e+00   5.0743397e+00   5.1523838e+00   5.0865114e+00
   3.9636719e+00   3.9905417e+00   4.0287745e+00   4.1187747e+00   4.1135521e+00   4.2739804e+00   4.2878564e+00   4.4480787e+00   4.4905885e+00   4.5301531e+00   4.7561499e+00   4.7370980e+00   4.7839988e+00   4.4683285e+00   4.7850278e+00   5.6975730e+00   5.5622999e+00   4.3123400e+00   0.0000000e+00   0.0000000e+00   0.0000000e+00   1.4118107e+00   2.1803272e+00   2.8672468e+00   3.3262984e+00   3.7411391e+00   3.8502815e+00   4.1624005e+00   4.1093226e+00   4.1681512e+00   4.1692102e+00   3.9942474e+00   3.8628333e+00   3.7530262e+00   3.8517914e+00   3.8595817e+00
   2.5132790e+00   2.4722514e+00   2.4903944e+00   2.4188452e+00   2.3939292e+00   2.4443579e+00   2.4803181e+00   2.5701393e+00   2.5320039e+00   2.5982177e+00   2.6634852e+00   2.7242188e+00   2.7764778e+00   2.5739991e+00   2.4452715e+00   3.0372992e+00   3.6305914e+00   3.3248940e+00   0.0000000e+00   0.0000000e+00   0.0000000e+00   1.6576681e+00   1.7702545e+00   1.9278996e+00   2.1279578e+00   2.1895954e+00   2.3512931e+00   2.4588327e+00   2.3691175e+00   2.4052677e+00   2.4451337e+00   2.3967671e+00   2.2954316e+00   2.3497798e+00   2.4188621e+00   2.4446602e+00
   3.3873763e+00   3.2445056e+00   3.2607422e+00   3.0663266e+00   3.0694225e+00   3.0245495e+00   3.0764296e+00   3.1218133e+00   2.9552953e+00   3.0713315e+00   2.9792087e+00   3.0505285e+00   2.8757889e+00   2.5696115e+00   2.2955961e+00   2.5175631e+00   3.5624564e+00   3.5479078e+00   0.0000000e+00   2.5169020e+00   1.7978926e+00   2.7430637e+00   2.8262808e+00   2.5184209e+00   2.7584157e+00   2.6645393e+00   3.0000248e+00   2.9902380e+00   2.8591850e+00   2.9222021e+00   2.9573085e+00   3.0666993e+00   3.0473537e+00   3.2893333e+00   3.3655913e+00   3.3805237e+00
   7.0004377e+00   6.8666873e+00   6.8138924e+00   6.7347803e+00   6.7886834e+00   6.8028288e+00   6.8189611e+00   6.7893553e+00   6.6004229e+00   6.5911503e+00   6.5699081e+00   6.4045153e+00   5.8417320e+00   5.0743876e+00   4.8715897e+00   5.3338213e+00   6.0825572e+00   5.1202688e+00   4.4826002e+00   4.1202869e+00   3.4557271e+00   4.2170806e+00   5.2295694e+00   5.3520598e+00   5.5712409e+00   5.9169436e+00   6.3105841e+00   6.3742051e+00   6.3739500e+00   6.3173456e+00   6.2750821e+00   6.3985057e+00   6.6082125e+00   6.8578076e+00   6.9535623e+00   7.0285378e+00
   9.1608373e+00   9.1190916e+00   8.9208727e+00   9.0418035e+00   9.0874850e+00   9.1737621e+00   9.1398830e+00   8.9372519e+00   8.8573460e+00   8.5891678e+00   8.6623740e+00   8.2352593e+00   7.9055404e+00   7.3545538e+00   7.0323340e+00   8.0575696e+00   8.1260545e+00   7.1484800e+00   6.8738743e+00   6.4188124e+00   5.8772870e+00   5.5060042e+00   7.0424113e+00   7.8000219e+00   7.0378450e+00   7.9882816e+00   8.2835384e+00   8.3769949e+00   8.7825361e+00   8.6192614e+00   8.8281042e+00   8.9247766e+00   9.1734983e+00   9.1196990e+00   9.1221201e+00   9.2714527e+00
   7.9579854e+00   7.8751016e+00   7.6971140e+00   7.8515654e+00   7.8948216e+00   8.0072165e+00   7.9293628e+00   7.7081170e+00   7.6818666e+00   7.4424706e+00   7.4944234e+00   7.3469172e+00   7.4997783e+00   7.6671615e+00   8.1391745e+00   8.9411945e+00   8.0627327e+00   7.8511133e+00   8.0447168e+00   6.9181089e+00   5.6779575e+00   5.2246337e+00   6.3859348e+00   7.1335115e+00   6.4072561e+00   7.3497429e+00   7.8611975e+00   7.8733673e+00   8.1960297e+00   8.2867241e+00   8.5744257e+00   8.5050440e+00   8.4183969e+00   8.1675911e+00   8.1153135e+00   8.1259451e+00
   6.3679881e+00   6.1407280e+00   6.0460234e+00   6.1694260e+00   6.2972059e+00   6.4450998e+00   6.4205322e+00   6.3905678e+00   6.4643378e+00   6.5316153e+00   6.7394671e+00   6.8659906e+00   7.1798725e+00   7.6375017e+00   8.5644112e+00   8.7860203e+00   7.5936799e+00   7.5660467e+00   7.6663265e+00   6.4104762e+00   5.0514741e+00   0.0000000e+00   5.1756148e+00   6.1199894e+00   6.3380985e+00   6.6835251e+00   7.2754230e+00   7.4055939e+00   7.3357153e+00   7.3167839e+00   7.3154607e+00   7.1177692e+00   6.9289341e+00   6.8606648e+00   6.8155217e+00   6.6253233e+00
   5.1176519e+00   4.7746672e+00   4.7658587e+00   4.8408499e+00   5.0350159e+00   5.1877518e+00   5.2084341e+00   5.3636645e+00   5.5028310e+00   5.8625565e+00   6.2027929e+00   6.5531330e+00   6.8949881e+00   7.4619227e+00   8.5775452e+00   8.1282749e+00   6.9444324e+00   6.8516722e+00   6.6301851e+00   5.6497682e+00   4.6208706e+00   0.0000000e+00   4.1286726e+00   5.2949505e+00   6.5550079e+00   6.1942408e+00   6.6181397e+00   6.9363089e+00   6.5417091e+00   6.3530750e+00   6.0252981e+00   5.7821639e+00   5.6469669e+00   5.7836366e+00   5.7555774e+00   5.4199204e+00
   5.3659962e+00   5.1142095e+00   5.1496730e+00   5.1700467e+00   5.2723994e+00   5.2969720e+00   5.2276963e+00   5.3441743e+00   5.3718190e+00   5.7148857e+00   5.9184698e+00   6.3551129e+00   6.5762407e+00   7.0578200e+00   7.7407767e+00   6.5047926e+00   5.8815019e+00   5.3911966e+00   4.5083432e+00   4.8619486e+00   5.3696424e+00   4.7373458e+00   0.0000000e+00   5.4234149e+00   7.3161748e+00   6.3224673e+00   5.6964658e+00   6.2976780e+00   6.1319726e+00   5.9167350e+00   5.4612400e+00   5.4495319e+00   5.7333745e+00   5.7707681e+00   5.7313491e+00   5.5084398e+00
   5.6467211e+00   5.5379906e+00   5.5785400e+00   5.5908563e+00   5.5474186e+00   5.5494835e+00   5.4239032e+00   5.4716125e+00   5.4748866e+00   5.7130348e+00   5.9980226e+00   6.2903302e+00   6.4190052e+00   6.3512230e+00   6.4546969e+00   5.0855695e+00   0.0000000e+00   0.0000000e+00   0.0000000e+00   4.8515854e+00   5.0153891e+00   4.8661748e+00   0.0000000e+00   5.9205840e+00   6.7607597e+00   6.2444615e+00   5.0902339e+00   5.1737162e+00   5.7384934e+00   5.9503276e+00   5.4955994e+00   5.4870992e+00   5.7728903e+00   5.7432267e+00   5.7441449e+00   5.6198632e+00
   5.9325285e+00   5.8829069e+00   5.9393501e+00   5.9683542e+00   5.7871656e+00   5.7992845e+00   5.5673509e+00   5.6452823e+00   5.6677866e+00   5.8407369e+00   6.1581545e+00   6.2112446e+00   6.3203163e+00   5.8437939e+00   6.0347319e+00   4.5316610e+00   0.0000000e+00   0.0000000e+00   0.0000000e+00   4.7603650e+00   4.6505175e+00   4.7435970e+00   5.6403484e+00   6.0458279e+00   6.1026454e+00   5.8411245e+00   4.7751551e+00   4.5307713e+00   5.3357234e+00   6.1024580e+00   5.7542448e+00   5.6264482e+00   5.8305292e+00   5.8546124e+00   5.9683471e+00   5.8398719e+00
   6.2451086e+00   6.2243285e+00   6.3023710e+00   6.3587594e+00   6.0310392e+00   6.0685186e+00   5.6995025e+00   5.8508234e+00   5.9083757e+00   6.0268393e+00   6.3591871e+00   6.1140852e+00   6.2316780e+00   5.3669305e+00   5.9152021e+00   4.2704592e+00   0.0000000e+00   0.0000000e+00   0.0000000e+00   4.6274357e+00   4.2478433e+00   4.5173473e+00   5.8509383e+00   6.0263319e+00   5.3460598e+00   5.2701225e+00   4.5435066e+00   4.0155058e+00   0.0000000e+00   6.3128762e+00   6.1234589e+00   5.8195372e+00   5.8999929e+00   6.0289793e+00   6.2967415e+00   6.1210198e+00
   6.3047096e+00   6.0296124e+00   6.1193185e+00   6.1243585e+00   5.7673987e+00   5.9903668e+00   5.3936216e+00   5.7324747e+00   5.4548320e+00   5.6426356e+00   5.8643971e+00   5.4660724e+00   5.7109480e+00   4.8307041e+00   5.3854551e+00   4.1865070e+00   0.0000000e+00   0.0000000e+00   0.0000000e+00   4.3834118e+00   3.9457647e+00   5.1535925e+00   5.5942929e+00   5.0058707e+00   5.0927597e+00   4.6538530e+00   4.0481110e+00   0.0000000e+00   0.0000000e+00   6.1713145e+00   6.1673553e+00   6.0314259e+00   5.8779242e+00   5.9021907e+00   6.5229114e+00   6.0934980e+00
   5.8829870e+00   5.5964603e+00   5.6250138e+00   5.6205406e+00   5.3401556e+00   5.5458469e+00   5.0435104e+00   5.3135018e+00   5.0651922e+00   5.3577695e+00   5.6364851e+00   5.5311222e+00   5.9520221e+00   5.4544191e+00   5.6812911e+00   3.9168687e+00   0.0000000e+00   0.0000000e+00   0.0000000e+00   4.5951347e+00   4.7025356e+00   5.9037523e+00   5.8462811e+00   5.1232991e+00   5.5917811e+00   5.2358470e+00   4.3316402e+00   0.0000000e+00   0.0000000e+00   5.6881795e+00   5.3322639e+00   5.5243468e+00   5.7461720e+00   5.5814996e+00   6.0748882e+00   5.7020898e+00
   5.6387701e+00   5.4017758e+00   5.3854036e+00   5.3934894e+00   5.1719184e+00   5.3529882e+00   4.9369760e+00   5.0932817e+00   4.8955097e+00   5.2029438e+00   5.5244823e+00   5.6256876e+00   6.1994591e+00   6.1516681e+00   6.0831409e+00   3.8217034e+00   0.0000000e+00   0.0000000e+00   0.0000000e+00   4.9485798e+00   5.5713906e+00   6.4798193e+00   6.2988901e+00   5.4176483e+00   5.9064789e+00   5.6902285e+00   4.5332975e+00   0.0000000e+00   3.8843679e+00   5.4490495e+00   4.6179094e+00   5.0999298e+00   5.8543434e+00   5.5690284e+00   5.8921514e+00   5.5295830e+00
   5.7097460e+00   5.6652915e+00   5.6269149e+00   5.6979395e+00   5.5126027e+00   5.6469593e+00   5.3225082e+00   5.2398498e+00   5.1510339e+00   5.2853044e+00   5.6306661e+00   5.8078801e+00   6.5249392e+00   7.1874991e+00   6.8159280e+00   4.0740927e+00   0.0000000e+00   0.0000000e+00   0.0000000e+00   5.6965565e+00   6.9058041e+00   6.8344294e+00   7.2975629e+00   6.1662511e+00   5.9097938e+00   5.9906493e+00   0.0000000e+00   0.0000000e+00   4.8066657e+00   5.6683554e+00   3.9751139e+00   0.0000000e+00   6.5027184e+00   6.2110857e+00   6.2279604e+00   5.7792945e+00
   5.7004528e+00   5.7569913e+00   5.7993040e+00   5.7464843e+00   5.6134757e+00   5.5104690e+00   5.2987413e+00   5.0175150e+00   4.8533487e+00   4.7926397e+00   4.6512950e+00   5.0477195e+00   5.6309967e+00   6.3058905e+00   6.2240200e+00   4.2679672e+00   0.0000000e+00   0.0000000e+00   0.0000000e+00   5.9249333e+00   6.5867825e+00   6.1363173e+00   7.3999605e+00   6.2561440e+00   4.8226838e+00   4.7483967e+00   0.0000000e+00   4.8431892e+00   5.8103884e+00   5.7619514e+00   0.0000000e+00   0.0000000e+00   6.5115509e+00   6.7792206e+00   6.3026165e+00   5.8585835e+00
   5.5523229e+00   5.6668153e+00   5.9056325e+00   5.7652597e+00   5.7487626e+00   5.5288401e+00   5.3720293e+00   5.1873040e+00   4.9176707e+00   4.8818622e+00   4.6663313e+00   5.1874061e+00   5.2046566e+00   4.9687638e+00   5.4961128e+00   4.4514627e+00   0.0000000e+00   0.0000000e+00   3.7700703e+00   5.3481574e+00   5.5911617e+00   5.7981877e+00   7.1915679e+00   6.0145550e+00   0.0000000e+00   0.0000000e+00   0.0000000e+00   5.6226830e+00   6.0178518e+00   5.3079734e+00   0.0000000e+00   0.0000000e+00   5.6995244e+00   6.7468648e+00   6.0826383e+00   5.6510434e+00
   5.5283661e+00   5.7258027e+00   6.1542478e+00   5.9954753e+00   6.1131928e+00   5.8313003e+00   5.7388353e+00   5.6187270e+00   5.2883930e+00   5.2992783e+00   5.0587648e+00   5.6314192e+00   5.0015221e+00   3.7924457e+00   4.8614922e+00   4.5856009e+00   0.0000000e+00   0.0000000e+00   3.6422763e+00   4.3260884e+00   4.5476456e+00   5.6069541e+00   6.8378579e+00   5.8295441e+00   0.0000000e+00   0.0000000e+00   4.9224024e+00   6.2590528e+00   6.0691497e+00   4.6424675e+00   0.0000000e+00   0.0000000e+00   0.0000000e+00   6.4605398e+00   5.8515647e+00   5.5345163e+00
   5.9863221e+00   6.3578464e+00   6.8487854e+00   6.8697938e+00   7.1139217e+00   6.8784538e+00   6.9049693e+00   6.5532469e+00   6.3325441e+00   6.3130240e+00   5.9486714e+00   6.3930703e+00   5.2438290e+00   0.0000000e+00   4.7161473e+00   4.5474971e+00   0.0000000e+00   0.0000000e+00   3.2004328e+00   0.0000000e+00   3.9584476e+00   5.6862071e+00   6.2827722e+00   6.0622538e+00   5.2020532e+00   4.7725899e+00   5.1806727e+00   6.4818951e+00   6.1181132e+00   0.0000000e+00   0.0000000e+00   0.0000000e+00   0.0000000e+00   5.8003363e+00   5.8101457e+00   5.9042349e+00
   5.2345891e+00   5.4603400e+00   5.5730338e+00   5.3637609e+00   5.3038650e+00   4.9996576e+00   5.0125942e+00   4.7682962e+00   4.7403622e+00   4.6198187e+00   4.1339960e+00   4.2646980e+00   3.9059594e+00   3.3194058e+00   3.8086627e+00   3.4938221e+00   0.0000000e+00   2.4130039e+00   2.4344518e+00   0.0000000e+00   3.1022842e+00   3.6209393e+00   3.3983023e+00   4.2045884e+00   3.7903399e+00   3.2877917e+00   3.1440475e+00   4.0978432e+00   5.2780876e+00   0.0000000e+00   0.0000000e+00   0.0000000e+00   0.0000000e+00   4.4557462e+00   4.5326953e+00   4.9970975e+00
   3.8889997e+00   3.7169046e+00   3.5902729e+00   3.4249644e+00   3.4179854e+00   3.2548366e+00   3.1611238e+00   2.8869619e+00   2.6948147e+00   2.5660279e+00   2.2492952e+00   2.3170912e+00   2.5711524e+00   2.7563691e+00   3.0831151e+00   0.0000000e+00   0.0000000e+00   1.8685063e+00   2.7257280e+00   3.1331978e+00   3.4815841e+00   3.7128196e+00   2.9072447e+00   2.6974552e+00   2.5101025e+00   2.5486071e+00   2.9357243e+00   3.1950545e+00   3.6557336e+00   2.9421577e+00   0.0000000e+00   0.0000000e+00   2.5595694e+00   4.0368910e+00   4.0131068e+00   3.9811344e+00
   3.3126647e+00   3.0738578e+00   2.9611275e+00   2.9919477e+00   3.2738707e+00   3.3081977e+00   3.2330661e+00   2.9590368e+00   2.7805366e+00   2.6603367e+00   2.5007906e+00   2.3786382e+00   2.3090267e+00   2.6770611e+00   2.7570521e+00   0.0000000e+00   0.0000000e+00   1.8638801e+00   2.9729486e+00   3.5633290e+00   4.1654213e+00   4.3920093e+00   3.2693388e+00   2.4460157e+00   2.4252093e+00   2.7144504e+00   3.3369877e+00   3.6703873e+00   3.1439440e+00   2.5282804e+00   0.0000000e+00   0.0000000e+00   2.9226481e+00   4.1655030e+00   3.8221891e+00   3.5334499e+00
   3.6108372e+00   3.6978724e+00   3.8485274e+00   4.1767530e+00   4.7572130e+00   4.9181868e+00   4.8705487e+00   4.5512418e+00   4.3395229e+00   4.0825129e+00   3.8806110e+00   3.4832167e+00   2.8508716e+00   0.0000000e+00   0.0000000e+00   0.0000000e+00   0.0000000e+00   0.0000000e+00   0.0000000e+00   3.6496547e+00   4.3928953e+00   4.8597250e+00   3.9533968e+00   0.0000000e+00   0.0000000e+00   0.0000000e+00   3.5664358e+00   4.2885356e+00   3.5877176e+00   2.6267989e+00   0.0000000e+00   0.0000000e+00   3.4919290e+00   4.3671384e+00   3.8155291e+00   3.6379818e+00
   3.8846567e+00   4.4207864e+00   4.8780770e+00   5.5097823e+00   6.2982035e+00   6.4951601e+00   6.3845234e+00   5.9024920e+00   5.4781427e+00   4.8579259e+00   4.3711052e+00   3.8834541e+00   3.1314929e+00   0.0000000e+00   0.0000000e+00   0.0000000e+00   0.0000000e+00   0.0000000e+00   0.0000000e+00   0.0000000e+00   3.3846157e+00   4.1098037e+00   3.9153814e+00   0.0000000e+00   0.0000000e+00   0.0000000e+00   0.0000000e+00   3.3619165e+00   3.4205546e+00   0.0000000e+00   0.0000000e+00   0.0000000e+00   3.2814240e+00   3.8354752e+00   3.4139986e+00   3.5402942e+00
   3.2641096e+00   3.9396319e+00   4.5299854e+00   5.4305658e+00   6.4750533e+00   6.7322035e+00   6.5101275e+00   5.9003377e+00   5.4338379e+00   4.5724754e+00   3.7387931e+00   3.3999360e+00   0.0000000e+00   0.0000000e+00   0.0000000e+00   0.0000000e+00   0.0000000e+00   0.0000000e+00   0.0000000e+00   0.0000000e+00   0.0000000e+00   2.3642251e+00   2.6298819e+00   0.0000000e+00   0.0000000e+00   0.0000000e+00   0.0000000e+00   0.0000000e+00   0.0000000e+00   0.0000000e+00   0.0000000e+00   0.0000000e+00   2.3054683e+00   2.6869569e+00   2.4592299e+00   2.7290239e+00
   2.5015135e+00   3.0124559e+00   3.5412860e+00   4.5254179e+00   5.5706320e+00   5.7354360e+00   5.3366772e+00   4.8916559e+00   4.7956638e+00   4.1786313e+00   2.9897056e+00   2.7338648e+00   0.0000000e+00   0.0000000e+00   0.0000000e+00   0.0000000e+00   0.0000000e+00   0.0000000e+00   0.0000000e+00   0.0000000e+00   0.0000000e+00   0.0000000e+00   1.3436909e+00   0.0000000e+00   0.0000000e+00   0.0000000e+00   0.0000000e+00   0.0000000e+00   0.0000000e+00   0.0000000e+00   0.0000000e+00   0.0000000e+00   1.5725961e+00   1.8339163e+00   1.8546067e+00   2.0877898e+00
   2.0480995e+00   2.2602677e+00   2.5777285e+00   3.2301595e+00   3.8603203e+00   3.7704706e+00   3.1677015e+00   2.8705761e+00   3.1371279e+00   3.0386853e+00   2.0700955e+00   1.9187549e+00   2.2404873e+00   2.2193148e+00   2.0936141e+00   1.9421594e+00   1.9044870e+00   0.0000000e+00   0.0000000e+00   0.0000000e+00   0.0000000e+00   0.0000000e+00   0.0000000e+00   0.0000000e+00   0.0000000e+00   0.0000000e+00   0.0000000e+00   0.0000000e+00   0.0000000e+00   0.0000000e+00   0.0000000e+00   0.0000000e+00   1.5384588e+00   1.6388816e+00   1.8070846e+00   1.9531896e+00
   0.0000000e+00   0.0000000e+00   0.0000000e+00   0.0000000e+00   0.0000000e+00   0.0000000e+00   0.0000000e+00   0.0000000e+00   0.0000000e+00   1.6735516e+00   1.3097094e+00   1.0066261e+00   1.0065142e+00   1.1236513e+00   1.0734391e+00   1.0804999e+00   1.2671983e+00   0.0000000e+00   0.0000000e+00   0.0000000e+00   0.0000000e+00   0.0000000e+00   0.0000000e+00   0.0000000e+00   0.0000000e+00   0.0000000e+00   0.0000000e+00   0.0000000e+00   0.0000000e+00   0.0000000e+00   0.0000000e+00   0.0000000e+00   1.8689054e+00   1.8852794e+00   1.8057536e+00   0.0000000e+00
   1.6452932e+00   1.6008410e+00   1.5849398e+00   1.6068856e+00   1.6625354e+00   1.7205040e+00   1.7370718e+00   1.6740643e+00   1.5295352e+00   1.3785237e+00   1.3104261e+00   1.3426729e+00   0.0000000e+00   0.0000000e+00   0.0000000e+00   0.0000000e+00   0.0000000e+00   0.0000000e+00   0.0000000e+00   0.0000000e+00   0.0000000e+00   0.0000000e+00   0.0000000e+00   0.0000000e+00   0.0000000e+00   0.0000000e+00   0.0000000e+00   0.0000000e+00   0.0000000e+00   0.0000000e+00   1.5607600e+00   1.6419063e+00   1.7241132e+00   1.7555524e+00   1.7380464e+00   1.6930742e+00
