   5.4889482e-04
   6.9864554e-04
   8.2201022e-04
   9.9590793e-04
   1.0898539e-03
   1.2514722e-03
   1.2816371e-03
   1.1393171e-03
   9.1040111e-04
   4.5077821e-04
  -5.6818132e-05
  -4.5661669e-04
  -0.0000000e+00
   0.0000000e+00
   0.0000000e+00
   0.0000000e+00
   0.0000000e+00
   0.0000000e+00
   0.0000000e+00
   0.0000000e+00
   0.0000000e+00
   0.0000000e+00
   0.0000000e+00
   0.0000000e+00
   0.0000000e+00
   0.0000000e+00
   0.0000000e+00
   0.0000000e+00
   0.0000000e+00
   0.0000000e+00
   3.2666136e-05
   1.0916761e-04
   2.4240877e-04
   3.3185932e-04
   3.8688949e-04
   4.7670948e-04
   0.0000000e+00
   0.0000000e+00
   0.0000000e+00
   0.0000000e+00
   0.0000000e+00
   0.0000000e+00
   0.0000000e+00
   0.0000000e+00
   0.0000000e+00
   1.5713071e-03
   1.1492818e-03
   8.6756385e-04
   5.8237234e-04
   0.0000000e+00
   0.0000000e+00
   0.0000000e+00
   0.0000000e+00
   0.0000000e+00
   0.0000000e+00
   0.0000000e+00
   0.0000000e+00
   0.0000000e+00
   0.0000000e+00
   0.0000000e+00
   0.0000000e+00
   0.0000000e+00
   0.0000000e+00
   0.0000000e+00
   0.0000000e+00
   0.0000000e+00
   0.0000000e+00
   0.0000000e+00
   2.2331227e-03
   2.3270359e-03
   1.6243510e-03
   0.0000000e+00
   1.3798722e-03
   7.7432752e-04
   1.4060090e-03
   4.9494932e-03
   1.2021557e-02
   1.7791112e-02
   1.0412536e-02
   7.7353092e-04
  -7.8510928e-03
  -1.1177138e-02
  -3.2700004e-03
  -1.5949192e-04
  -4.0314372e-03
  -4.7205574e-03
  -3.2127259e-03
  -2.7210310e-03
  -3.3732587e-03
  -0.0000000e+00
   0.0000000e+00
   0.0000000e+00
   0.0000000e+00
   0.0000000e+00
   0.0000000e+00
   0.0000000e+00
   0.0000000e+00
   0.0000000e+00
   0.0000000e+00
   0.0000000e+00
   0.0000000e+00
   0.0000000e+00
   0.0000000e+00
   0.0000000e+00
   3.4144153e-03
   3.1831822e-03
   2.7378160e-03
   2.3845677e-03
   7.5216492e-04
  -9.6758315e-04
  -2.4785236e-03
  -4.5166982e-04
   9.8476997e-03
   1.1572626e-02
  -9.2279240e-03
  -2.5795480e-02
  -3.5541832e-02
  -3.5304103e-02
  -1.4286181e-02
  -6.3811322e-03
  -0.0000000e+00
  -0.0000000e+00
  -0.0000000e+00
  -0.0000000e+00
  -0.0000000e+00
  -0.0000000e+00
   0.0000000e+00
   0.0000000e+00
   0.0000000e+00
   0.0000000e+00
   0.0000000e+00
   0.0000000e+00
   0.0000000e+00
   0.0000000e+00
   0.0000000e+00
   0.0000000e+00
   0.0000000e+00
   0.0000000e+00
   0.0000000e+00
   0.0000000e+00
   5.2467846e-03
   4.4688108e-03
   2.8800802e-03
   2.2966021e-03
  -1.4528972e-03
  -3.2052277e-03
  -4.3342863e-03
  -2.8331652e-03
   1.5021715e-03
  -5.0742887e-03
  -2.6956679e-02
  -3.9560702e-02
  -3.7725706e-02
  -3.5282314e-02
  -1.6708377e-02
  -1.5450058e-02
  -0.0000000e+00
   0.0000000e+00
   0.0000000e+00
   0.0000000e+00
   0.0000000e+00
   0.0000000e+00
   0.0000000e+00
   0.0000000e+00
   0.0000000e+00
   2.7941936e-03
  -6.4069726e-03
  -0.0000000e+00
   0.0000000e+00
   0.0000000e+00
   0.0000000e+00
   0.0000000e+00
   0.0000000e+00
   0.0000000e+00
   0.0000000e+00
   0.0000000e+00
   6.8969639e-03
   1.0159122e-02
   4.4600358e-03
   7.0007006e-04
  -6.2716398e-03
  -5.6651989e-03
  -3.4202244e-03
  -1.2335581e-04
   2.9086510e-03
  -7.6696835e-03
  -2.4442682e-02
  -3.3010431e-02
  -2.7356289e-02
  -2.1254065e-02
  -1.3442713e-02
  -1.7828325e-02
  -2.4200072e-02
   0.0000000e+00
   0.0000000e+00
   0.0000000e+00
   0.0000000e+00
   0.0000000e+00
   0.0000000e+00
  -0.0000000e+00
  -3.3266639e-04
  -4.3208548e-03
  -1.9090444e-02
  -0.0000000e+00
   0.0000000e+00
   0.0000000e+00
   0.0000000e+00
  -3.0179116e-03
  -7.1976983e-03
  -0.0000000e+00
   0.0000000e+00
   0.0000000e+00
   1.5959961e-02
   3.1890638e-02
   1.1381705e-02
  -3.5369855e-03
  -1.4088608e-02
  -1.3694477e-02
  -6.7322496e-03
  -8.3142286e-04
   5.7396811e-04
  -8.4777772e-03
  -1.8882522e-02
  -2.2261312e-02
  -1.7835934e-02
  -1.3827686e-02
  -7.9290010e-03
  -1.2282996e-02
  -1.6960945e-02
   0.0000000e+00
   0.0000000e+00
   0.0000000e+00
   0.0000000e+00
   0.0000000e+00
   0.0000000e+00
   1.1530768e-03
  -8.5949451e-03
  -2.1566786e-02
  -3.1441871e-02
  -0.0000000e+00
   0.0000000e+00
   0.0000000e+00
  -4.0952539e-03
  -6.1093664e-03
  -1.2358907e-02
  -1.5005498e-02
   0.0000000e+00
   0.0000000e+00
   1.5182109e-02
   2.1287952e-02
  -1.9914119e-03
  -1.3761914e-02
  -1.6505323e-02
  -1.4271284e-02
  -7.0388899e-03
  -2.2869420e-03
  -1.9304999e-03
  -7.0991558e-03
  -1.1112930e-02
  -1.0357618e-02
  -7.7679958e-03
  -7.1476828e-03
  -3.6346435e-03
  -4.9003926e-03
  -5.4888396e-03
  -1.2342446e-03
  -1.5381884e-03
   0.0000000e+00
  -0.0000000e+00
  -2.3934033e-03
   1.4799145e-03
   3.9777754e-03
  -1.2175439e-02
  -2.9034203e-02
  -3.1593990e-02
  -1.2247454e-02
  -6.1107640e-03
  -8.0933296e-03
  -7.4765932e-03
  -9.9013438e-03
  -5.9474781e-03
  -2.6602055e-03
   0.0000000e+00
   0.0000000e+00
   6.3811864e-03
   1.4118637e-03
  -1.7669244e-02
  -2.1368438e-02
  -1.5181656e-03
  -7.7503297e-04
   2.5642356e-03
   5.0297352e-03
   5.8551719e-03
   3.5325659e-03
   3.3337870e-03
   4.6204231e-03
   4.4449596e-03
   4.2145490e-03
   1.2224113e-03
   2.0502338e-03
   1.0129225e-02
   1.3612152e-02
   9.6227944e-03
   0.0000000e+00
   0.0000000e+00
   1.9302584e-03
   4.5879525e-03
   7.7601113e-03
  -3.6039664e-03
  -2.0145236e-02
  -1.5587488e-02
   1.4508625e-03
   5.1668878e-03
   5.5007963e-03
  -4.5985953e-04
   7.9192402e-04
   1.9213034e-02
   1.7347027e-02
   0.0000000e+00
   0.0000000e+00
   6.9003832e-03
   1.0424419e-03
  -8.9116488e-03
  -5.8536194e-03
   1.5466128e-02
   1.3714506e-02
   1.7087432e-02
   1.9327726e-02
   2.1635000e-02
   1.9973736e-02
   2.0903571e-02
   2.0741429e-02
   1.7766576e-02
   1.7896578e-02
   1.1009591e-02
   1.3147907e-02
   2.2162931e-02
   2.1244538e-02
   2.5769373e-02
   2.0209092e-02
   0.0000000e+00
   8.5497141e-03
   1.3380163e-02
   0.0000000e+00
   6.8173576e-03
  -4.4446057e-03
   5.5887215e-03
   1.9046852e-02
   2.0257326e-02
   2.2467008e-02
   1.4467780e-02
   2.3875423e-02
   4.0783644e-02
   0.0000000e+00
   0.0000000e+00
   0.0000000e+00
   0.0000000e+00
   1.7319132e-02
   1.3915131e-02
   1.7105844e-02
   2.3568232e-02
   2.1446399e-02
   2.6355362e-02
   2.8574141e-02
   3.1665798e-02
   3.0766126e-02
   3.1076835e-02
   3.0579206e-02
   2.5863834e-02
   2.6538957e-02
   1.9801069e-02
   2.3396384e-02
   2.7801130e-02
   0.0000000e+00
   3.4189152e-02
   2.9495461e-02
   0.0000000e+00
   0.0000000e+00
   1.9159158e-02
   0.0000000e+00
   1.2503855e-02
   5.8832569e-03
   2.3156306e-02
   3.1465836e-02
   2.6525632e-02
   2.7067002e-02
   2.2059517e-02
   3.9601970e-02
   4.8540447e-02
   0.0000000e+00
   0.0000000e+00
   0.0000000e+00
   0.0000000e+00
   3.0220516e-02
   2.7927507e-02
   2.7780499e-02
   2.3228098e-02
   2.2084730e-02
   2.7960481e-02
   3.0182280e-02
   3.3482641e-02
   3.3275958e-02
   3.2856543e-02
   3.2300137e-02
   2.7031804e-02
   2.7888218e-02
   2.2498496e-02
   2.7046466e-02
   2.7412619e-02
   1.7829553e-02
   4.2999121e-02
   4.1455948e-02
   0.0000000e+00
   0.0000000e+00
   1.9431625e-02
   1.5995421e-02
   1.5538665e-02
   1.1351919e-02
   3.5426691e-02
   3.8912505e-02
   0.0000000e+00
   0.0000000e+00
   2.3552072e-02
   4.3836541e-02
   4.6503618e-02
   2.0599561e-02
   0.0000000e+00
   0.0000000e+00
   0.0000000e+00
   3.4021642e-02
   3.0246636e-02
   2.7237598e-02
   1.4284202e-02
   1.5165603e-02
   2.0739131e-02
   2.3032859e-02
   2.6243702e-02
   2.6555371e-02
   2.5973892e-02
   2.4982927e-02
   2.0427596e-02
   2.1017864e-02
   1.7070953e-02
   2.1876341e-02
   2.0862114e-02
   1.4702249e-02
   3.3120142e-02
   3.5895797e-02
   0.0000000e+00
   0.0000000e+00
   1.4417744e-02
   1.7342072e-02
   1.7207867e-02
   1.3026188e-02
   4.2428259e-02
   4.0645968e-02
   0.0000000e+00
   0.0000000e+00
   0.0000000e+00
   3.5707437e-02
   3.6111780e-02
   1.3708003e-02
   0.0000000e+00
   0.0000000e+00
   2.3709077e-02
   2.6502542e-02
   1.9775011e-02
   1.6092677e-02
  -3.0023144e-03
   7.9786361e-05
   4.8257085e-03
   7.0905923e-03
   1.0421127e-02
   1.0794423e-02
   1.1198713e-02
   9.2350002e-03
   6.6493484e-03
   7.3519847e-03
   4.6215812e-03
   9.4864750e-03
   9.0297135e-03
   1.0898599e-02
   2.6263433e-02
   2.0867338e-02
   0.0000000e+00
   0.0000000e+00
   0.0000000e+00
   1.7025836e-02
   1.7737834e-02
   1.2584462e-02
   3.6223680e-02
   3.0558558e-02
   1.1804008e-02
   7.4655655e-03
   0.0000000e+00
   2.1612018e-02
   2.0830071e-02
   4.0348810e-03
  -0.0000000e+00
   0.0000000e+00
   7.2802259e-03
   5.1279035e-03
  -1.8963817e-03
  -3.3547177e-03
  -1.3727849e-02
  -1.0824721e-02
  -7.1372068e-03
  -5.2478723e-03
  -1.7685241e-03
  -1.8466811e-03
  -1.0752251e-03
  -4.0772944e-03
  -6.3098054e-03
  -5.7021636e-03
  -8.7512974e-03
  -4.3838341e-03
  -6.3633667e-03
   3.4017630e-03
   1.8676667e-02
   5.3881666e-03
   0.0000000e+00
   0.0000000e+00
   0.0000000e+00
   1.4266032e-02
   1.3970576e-02
   1.3290465e-02
   2.0809388e-02
   1.3809432e-02
   2.0784182e-03
  -5.6306652e-04
   0.0000000e+00
   0.0000000e+00
   1.0621034e-02
  -5.1712948e-03
  -1.1153248e-02
   0.0000000e+00
  -7.2856410e-04
  -8.0823489e-03
  -1.3992717e-02
  -1.4180202e-02
  -1.7093055e-02
  -1.4567563e-02
  -1.2096108e-02
  -1.0120695e-02
  -7.1955333e-03
  -7.4774902e-03
  -7.0805196e-03
  -1.1018068e-02
  -1.2759252e-02
  -1.3310264e-02
  -1.5938610e-02
  -1.3325831e-02
  -1.5870353e-02
  -3.2926288e-03
   8.4071001e-03
  -2.6535526e-03
  -0.0000000e+00
   0.0000000e+00
   0.0000000e+00
   1.0116110e-02
   1.1178345e-02
   1.3074460e-02
   8.5136667e-03
   2.0909738e-03
  -1.7267204e-03
  -1.8945758e-03
   3.0381512e-03
   0.0000000e+00
   4.0678919e-03
  -1.0846973e-02
  -1.0566409e-02
  -6.6776476e-04
  -3.8575698e-03
  -1.3076278e-02
  -1.7214961e-02
  -1.7091442e-02
  -1.3514944e-02
  -1.1236979e-02
  -1.0340302e-02
  -7.6375371e-03
  -6.3354941e-03
  -6.5019759e-03
  -7.4144877e-03
  -1.2344095e-02
  -1.3028149e-02
  -1.6304236e-02
  -1.6946316e-02
  -1.8309036e-02
  -2.0489046e-02
  -1.0973451e-02
  -8.7821372e-03
  -3.4996538e-03
  -0.0000000e+00
   0.0000000e+00
   0.0000000e+00
   2.9800649e-03
   1.0352166e-02
   1.1775121e-02
  -2.6102364e-03
  -5.7747443e-03
  -8.5325527e-04
  -5.8894989e-04
  -2.0909254e-03
   0.0000000e+00
  -0.0000000e+00
  -1.3832607e-02
  -9.7855795e-03
   5.1392004e-04
  -2.3844421e-03
  -1.0735308e-02
  -1.2275563e-02
  -1.2537881e-02
  -5.8577657e-03
  -3.0364622e-03
  -3.3454902e-03
  -5.8928214e-04
  -7.8556215e-04
  -1.9442482e-03
  -2.8352987e-03
  -7.8404909e-03
  -7.2193951e-03
  -1.1679141e-02
  -1.0967717e-02
  -1.3978339e-02
  -1.4390764e-02
  -1.3044043e-02
  -2.4331565e-02
  -1.8641902e-03
   0.0000000e+00
   0.0000000e+00
   0.0000000e+00
  -3.1162578e-03
   9.9598900e-03
   8.3811944e-03
  -8.7668048e-03
  -4.5882706e-03
   2.1741802e-03
   1.8049981e-03
  -8.6735468e-03
  -0.0000000e+00
  -0.0000000e+00
  -1.2062011e-02
  -6.6468529e-03
   9.2798669e-04
   1.0055541e-04
  -3.8567726e-03
  -5.9698038e-03
  -4.7640386e-03
   1.2335290e-03
   3.7706920e-03
   3.3322952e-03
   5.3186319e-03
   4.4890153e-03
   3.2532604e-03
   2.5970843e-03
  -9.9999004e-04
  -1.9516746e-04
  -3.7570186e-03
  -2.8430882e-03
  -5.7882494e-03
  -6.4473781e-03
  -7.8816516e-03
  -2.6164124e-02
  -5.0946604e-03
   0.0000000e+00
   0.0000000e+00
  -0.0000000e+00
  -5.2812081e-03
   7.1221583e-03
   9.3253561e-03
  -6.2483544e-03
  -2.4805279e-03
   3.0801052e-03
   3.3161147e-03
  -7.6797516e-03
  -7.7271982e-03
  -0.0000000e+00
  -7.0236670e-03
  -3.5883347e-03
   1.4019993e-03
   2.7750628e-03
   1.5291361e-03
   1.9671801e-04
   1.6394975e-03
   6.9548772e-03
   9.2648594e-03
   8.9868708e-03
   1.0545531e-02
   8.9112455e-03
   7.8544971e-03
   6.9645820e-03
   4.4018831e-03
   5.0444463e-03
   1.3799929e-03
   1.9478453e-03
  -2.1502413e-03
  -2.1755300e-03
  -8.5961809e-03
  -2.8498277e-02
  -1.0462722e-02
   0.0000000e+00
   0.0000000e+00
  -0.0000000e+00
  -7.3234361e-03
   6.0733831e-03
   1.0726971e-02
  -4.8354878e-03
  -3.3786832e-03
   5.3081353e-04
   1.6508263e-04
  -9.2397872e-03
  -8.5298987e-03
  -3.9342444e-03
  -3.4422597e-03
  -2.2498693e-03
   1.4139671e-03
   4.9400385e-03
   5.4678833e-03
   5.2461284e-03
   6.5417541e-03
   8.1976606e-03
   9.4075277e-03
   1.0080446e-02
   1.0533553e-02
   9.1195069e-03
   9.1389408e-03
   8.2415380e-03
   8.2219951e-03
   7.9663014e-03
   5.8606178e-03
   5.9139421e-03
   5.5792154e-04
  -2.7247088e-03
  -1.3266968e-02
  -3.1242730e-02
  -2.4411947e-02
  -0.0000000e+00
   0.0000000e+00
   0.0000000e+00
  -1.1478524e-02
   1.4112780e-03
   1.2158995e-02
  -0.0000000e+00
  -9.6253715e-03
  -1.0294538e-02
  -1.0822210e-02
  -1.1502074e-02
  -1.5302135e-02
  -9.3994363e-03
  -2.8997525e-03
  -4.0832837e-03
  -7.1804319e-04
   2.5336696e-03
   4.7462280e-03
   6.9721779e-03
   6.7285765e-03
  -1.1559363e-04
   1.7082270e-03
   2.3635731e-03
   2.9885948e-03
   1.8410169e-03
   2.4106603e-03
   2.8298285e-03
   3.5281568e-03
   4.4909958e-03
   3.0516824e-03
   3.4704586e-03
  -1.0179095e-03
  -4.3671001e-03
  -1.5728226e-02
  -3.8131181e-02
  -3.7715081e-02
  -2.9688252e-02
  -3.2084029e-02
  -2.9618940e-02
  -2.3858599e-02
  -6.4871088e-03
   4.8113937e-03
  -0.0000000e+00
  -1.3652044e-02
  -2.3870178e-02
  -1.9859916e-02
  -1.6727736e-02
  -2.0965431e-02
  -1.5921783e-02
  -1.2056648e-02
  -1.2480415e-02
  -9.8661436e-03
  -6.2952312e-03
  -3.3726546e-03
  -9.1001246e-04
  -8.7343465e-04
  -1.1143057e-02
  -8.6241886e-03
  -7.9407804e-03
  -6.9910521e-03
  -7.9984590e-03
  -7.6736431e-03
  -6.3549369e-03
  -5.6355614e-03
  -3.6111725e-03
  -4.7954153e-03
  -3.9248564e-03
  -6.5276655e-03
  -8.6265337e-03
  -1.8625395e-02
  -4.2238109e-02
  -3.4321832e-02
  -3.4425472e-02
  -4.1287929e-02
  -4.0554810e-02
  -3.6083575e-02
  -1.4049627e-02
  -0.0000000e+00
  -9.2810191e-03
  -1.8501794e-02
  -3.1772126e-02
  -2.5923127e-02
  -2.3379568e-02
  -2.6467361e-02
  -2.1546310e-02
  -2.2003770e-02
  -2.2463283e-02
  -2.0818688e-02
  -1.6468415e-02
  -1.3679890e-02
  -1.2177556e-02
  -1.1342136e-02
  -2.7129894e-02
  -2.3925748e-02
  -2.2934843e-02
  -2.1544820e-02
  -2.2448121e-02
  -2.3038996e-02
  -2.1226255e-02
  -2.0663163e-02
  -1.7807033e-02
  -1.8806523e-02
  -1.7585320e-02
  -1.7305352e-02
  -1.6987309e-02
  -2.3146562e-02
  -4.4934746e-02
  -4.3423053e-02
  -4.1112438e-02
  -5.2747857e-02
  -6.0528432e-02
  -5.1269639e-02
  -2.4341015e-02
  -0.0000000e+00
  -1.0576348e-02
  -2.0215980e-02
  -3.7409604e-02
  -3.2147892e-02
  -3.3625558e-02
  -3.4897208e-02
  -2.9555045e-02
  -3.4915123e-02
  -3.6590461e-02
  -3.6360957e-02
  -3.0759390e-02
  -2.8665978e-02
  -2.8920278e-02
  -2.6986560e-02
  -4.4607446e-02
  -4.2549491e-02
  -3.9749246e-02
  -3.8318641e-02
  -3.8921550e-02
  -4.0529191e-02
  -4.0193535e-02
  -3.7739240e-02
  -3.6230925e-02
  -3.5244938e-02
  -3.5015285e-02
  -3.3078935e-02
  -3.0142313e-02
  -2.8242951e-02
  -3.3721212e-02
  -4.6033274e-02
  -4.7498316e-02
  -5.4519489e-02
  -7.4849173e-02
  -6.6934876e-02
  -3.6119003e-02
  -1.9700078e-02
  -1.9250629e-02
  -3.1846326e-02
  -3.9249410e-02
  -4.1393653e-02
  -4.5407467e-02
  -4.5081593e-02
  -4.4375971e-02
  -4.6113525e-02
  -5.1426213e-02
  -5.3090341e-02
  -4.8234083e-02
  -4.5683671e-02
  -4.5602750e-02
  -4.5043159e-02
  -5.3712711e-02
  -5.3226292e-02
  -4.9464639e-02
  -4.7503892e-02
  -4.7813412e-02
  -4.8794955e-02
  -5.1287811e-02
  -4.7560699e-02
  -4.6725437e-02
  -4.3814346e-02
  -4.4111483e-02
  -4.3943524e-02
  -3.7086859e-02
  -2.7952949e-02
  -2.0467248e-02
  -4.2776722e-02
  -5.7345908e-02
  -5.0886624e-02
  -6.9130853e-02
  -6.6142306e-02
  -3.8453367e-02
  -1.8828675e-02
  -1.6592246e-02
  -3.9281823e-02
  -4.2785191e-02
  -4.6118226e-02
  -5.0369453e-02
  -4.8282184e-02
  -5.3138964e-02
  -5.0989229e-02
  -5.5094760e-02
  -5.8491182e-02
  -5.6433462e-02
  -5.4448612e-02
  -5.2017219e-02
  -5.4134522e-02
  -5.2400306e-02
  -5.2192241e-02
  -4.9295064e-02
  -4.6221714e-02
  -4.6322059e-02
  -4.6291754e-02
  -5.0064608e-02
  -4.7524538e-02
  -4.5658521e-02
  -4.2609662e-02
  -4.2791080e-02
  -4.5353897e-02
  -3.5909250e-02
  -2.4492182e-02
  -1.3686191e-02
  -3.4819547e-02
  -6.0019381e-02
  -4.6920542e-02
  -5.5382740e-02
  -5.3238098e-02
  -3.0798713e-02
  -1.6424518e-02
  -1.0678292e-02
  -3.5381623e-02
  -4.2825278e-02
  -4.3185964e-02
  -4.8250794e-02
  -4.4715840e-02
  -4.9680974e-02
  -4.8683152e-02
  -5.0354004e-02
  -5.3570062e-02
  -5.2149776e-02
  -5.1636428e-02
  -4.8411999e-02
  -5.1650349e-02
  -4.1766711e-02
  -4.0957149e-02
  -3.9937865e-02
  -3.5673667e-02
  -3.5469711e-02
  -3.4461539e-02
  -3.7871525e-02
  -3.8061075e-02
  -3.4430817e-02
  -3.2559834e-02
  -3.2039389e-02
  -3.6805868e-02
  -2.7357379e-02
  -1.8793248e-02
  -1.2106529e-02
  -2.2732208e-02
  -5.2446194e-02
  -4.2006693e-02
  -0.0000000e+00
  -3.2737893e-02
  -1.7951678e-02
  -1.3760022e-02
  -5.3698411e-03
  -2.1805102e-02
  -3.6792597e-02
  -3.2925363e-02
  -3.8338017e-02
  -3.4543306e-02
  -3.5420153e-02
  -3.8414344e-02
  -3.8548041e-02
  -4.0131856e-02
  -3.7401523e-02
  -3.8626596e-02
  -3.6385857e-02
  -3.9357852e-02
  -2.4797151e-02
  -2.3908237e-02
  -2.3699028e-02
  -1.9532286e-02
  -1.8562984e-02
  -1.7186541e-02
  -1.8700352e-02
  -2.0482130e-02
  -1.6796682e-02
  -1.5963156e-02
  -1.4106199e-02
  -1.7547959e-02
  -1.3674308e-02
  -1.2690173e-02
  -1.1802852e-02
  -8.6086011e-03
  -2.9498691e-02
  -3.1212299e-02
  -0.0000000e+00
  -0.0000000e+00
  -0.0000000e+00
  -1.3997453e-02
  -6.3356837e-03
  -4.0224473e-03
  -2.1069999e-02
  -1.7206051e-02
  -1.8496951e-02
  -1.7379124e-02
  -1.4727396e-02
  -1.9297512e-02
  -2.2370253e-02
  -2.2471625e-02
  -1.8310484e-02
  -2.0013729e-02
  -2.0092713e-02
  -2.1984411e-02
  -9.3350597e-03
  -1.0232991e-02
  -8.4464923e-03
  -5.2683395e-03
  -4.2844266e-03
  -2.5452310e-03
  -2.9133270e-03
  -2.9319408e-03
  -2.2482276e-03
  -8.5779151e-04
   2.0670744e-03
   6.9910655e-04
  -3.3081567e-03
  -7.2238664e-03
  -1.6837234e-04
   4.5092492e-03
  -4.8453538e-03
  -3.3671315e-03
   0.0000000e+00
   0.0000000e+00
   0.0000000e+00
  -2.6350173e-02
  -1.7974357e-02
   1.9000945e-04
  -2.4572611e-03
  -4.1664357e-03
   2.8250934e-04
   1.7023166e-03
   4.1355455e-04
  -5.1225390e-05
  -3.7956187e-03
  -4.9348478e-03
  -3.7953397e-03
  -5.5103851e-03
  -5.6655980e-03
  -7.7638603e-03
   4.9379696e-03
   3.4207122e-03
   6.2352405e-03
   8.0203051e-03
   9.1150627e-03
   9.3366299e-03
   8.2871253e-03
   8.7364232e-03
   7.4538472e-03
   1.0754914e-02
   1.2539536e-02
   1.1469846e-02
   5.2268454e-03
   3.6043450e-03
   1.6047576e-02
   1.0955171e-02
   1.4835315e-02
   0.0000000e+00
   0.0000000e+00
   0.0000000e+00
  -0.0000000e+00
  -1.5343206e-02
  -1.8393902e-02
  -8.0783376e-03
   2.6854768e-03
   5.4919641e-03
   1.0486567e-02
   1.2809188e-02
   1.0514452e-02
   1.0558081e-02
   1.0478873e-02
   1.0812122e-02
   9.6558705e-03
   8.6958939e-03
   7.8212228e-03
   5.7211122e-03
   1.0038166e-02
   9.0863714e-03
   1.0583929e-02
   1.1478467e-02
   1.2394719e-02
   1.2765166e-02
   1.1355659e-02
   1.0888766e-02
   1.0663895e-02
   1.2728509e-02
   1.3286284e-02
   1.2860786e-02
   1.1702541e-02
   1.3038227e-02
   1.4726345e-02
   9.2121838e-03
   2.2404863e-02
   2.2864793e-02
   7.9212332e-03
   4.4533188e-03
  -2.6302629e-03
  -6.4511918e-03
  -5.7005733e-03
  -6.3817655e-03
   4.8244925e-04
   6.0413424e-03
   7.2745667e-03
   1.0605710e-02
   1.1674724e-02
   1.0712938e-02
   1.1801794e-02
   1.3693134e-02
   1.3796074e-02
   1.3712007e-02
   1.2785308e-02
   1.0690193e-02
   6.9286330e-03
   6.6457177e-03
   6.7431694e-03
   7.0712534e-03
   7.2823092e-03
   7.9348953e-03
   7.6504853e-03
   8.0668889e-03
   8.4544411e-03
   7.9961857e-03
   8.1424145e-03
   8.8212257e-03
   9.2679728e-03
   9.6769966e-03
   7.4306736e-03
   6.7721810e-03
   1.4274797e-02
   1.3232504e-02
   8.5445270e-03
   5.6070010e-03
   1.5397458e-03
   8.0011762e-04
   9.3678123e-04
  -4.5337039e-04
   9.4974373e-04
   4.0384312e-03
   3.6343937e-03
   4.5471056e-03
   6.2363599e-03
   6.2116287e-03
   6.2940354e-03
   7.7835992e-03
   8.5980529e-03
   8.0765337e-03
   7.9427836e-03
   7.0288745e-03
   3.4314995e-03
   3.1810761e-03
   3.2380419e-03
   3.2637550e-03
   2.9431644e-03
   3.2655068e-03
   3.3412667e-03
   3.6988894e-03
   3.6115393e-03
   3.1044439e-03
   3.5256520e-03
   4.1039088e-03
   3.3526588e-03
   3.3993418e-03
   3.0285467e-03
   3.3955961e-03
   5.1773326e-03
   4.5778011e-03
   4.6791928e-03
   4.2489255e-03
   3.7947646e-03
   3.4451243e-03
   2.5681830e-03
   1.6603003e-03
   1.0534396e-03
   2.2726515e-03
   2.5209722e-03
   2.2223743e-03
   2.2294342e-03
   3.0495024e-03
   3.3216551e-03
   3.3580661e-03
   3.7137400e-03
   3.4864875e-03
   3.8616182e-03
   3.5230070e-03
   8.9139809e-05
  -1.7369252e-04
   3.6483369e-04
   6.3817273e-04
   5.4973015e-04
   6.4077630e-04
   6.9045409e-04
   7.7610998e-04
   3.0736675e-04
   3.2304937e-04
   1.0202242e-03
   1.2491992e-03
   5.0728011e-04
   7.1673363e-04
   1.1002377e-03
   1.1440808e-03
   1.2411131e-03
   1.2793822e-03
   2.6612827e-03
   3.1346572e-03
   3.2411369e-03
   2.8674663e-03
   2.0206890e-03
   8.9575647e-04
  -3.8190949e-04
   3.7719545e-04
   1.1998304e-03
   6.3161890e-04
  -4.8384108e-04
   5.2996428e-04
   1.5706508e-03
   1.2311204e-03
   5.9923052e-04
   3.6842260e-04
   8.2642754e-04
   4.8917776e-04
  -1.5103645e-03
  -1.6969582e-03
  -1.1223946e-03
  -6.0209562e-04
  -2.0647149e-04
  -1.5775832e-04
  -2.5027964e-04
  -2.8185319e-04
  -3.7469753e-04
  -1.4305777e-04
   2.2074086e-05
  -1.8006498e-04
  -7.8847987e-04
  -1.1349267e-03
  -1.1952634e-03
  -1.2476509e-03
  -1.1080423e-03
  -6.8029301e-04
   3.1731059e-04
   8.2338543e-04
   9.9326007e-04
   7.8049902e-04
   4.4757139e-04
  -1.8759270e-05
  -3.0062781e-04
   1.2959221e-04
   3.0598906e-04
  -3.0401083e-05
  -6.4073363e-04
  -3.0968283e-04
   3.3273254e-04
   5.8375293e-04
   3.6060909e-04
  -3.4906843e-05
  -4.0418320e-04
  -1.0628127e-03
