-START-OF-DATA-
4.5
9.5
14.5
19.5
24.5
29.5
34.5
39.5
44.5
49.5
54.5
59.5
64.5
69.5
74.5
79.5
84.5
89.5
94.5
99.5
104.5
109.5
114.5
119.5
124.5
129.5
134.5
139.5
144.5
149.5
154.5
159.5
164.5
169.5
174.5
179.5
184.5
189.5
194.5
199.5
204.5
209.5
214.5
219.5
224.5
229.5
234.5
239.5
244.5
249.5
254.5
259.5
264.5
269.5
274.5
279.5
284.5
289.5
294.5
299.5
304.5
309.5
314.5
319.5
324.5
329.5
334.5
339.5
344.5
349.5
354.5
359.5
364.5
369.5
374.5
379.5
384.5
389.5
394.5
399.5
404.5
409.5
414.5
419.5
424.5
429.5
434.5
439.5
444.5
449.5
454.5
459.5
464.5
469.5
474.5
479.5
484.5
489.5
494.5
499.5
504.5
509.5
514.5
519.5
524.5
529.5
534.5
539.5
544.5
549.5
554.5
559.5
564.5
569.5
574.5
579.5
584.5
589.5
594.5
599.5
604.5
609.5
614.5
619.5
624.5
629.5
634.5
639.5
644.5
649.5
654.5
659.5
664.5
669.5
674.5
679.5
684.5
689.5
694.5
699.5
704.5
709.5
714.5
719.5
724.5
729.5
734.5
739.5
744.5
749.5
754.5
759.5
764.5
769.5
774.5
779.5
784.5
789.5
794.5
799.5
804.5
809.5
814.5
819.5
824.5
829.5
834.5
839.5
844.5
849.5
854.5
859.5
864.5
869.5
874.5
879.5
884.5
889.5
894.5
899.5
904.5
909.5
914.5
919.5
924.5
929.5
934.5
939.5
944.5
949.5
954.5
959.5
964.5
969.5
974.5
979.5
984.5
989.5
994.5
999.5
1004.5
1009.5
1014.5
1019.5
1024.5
1029.5
1034.5
1039.5
1044.5
1049.5
1054.5
1059.5
1064.5
1069.5
1074.5
1079.5
1084.5
1089.5
1094.5
1099.5
1104.5
1109.5
1114.5
1119.5
1124.5
1129.5
1134.5
1139.5
1144.5
1149.5
1154.5
1159.5
1164.5
1169.5
1174.5
1179.5
1184.5
1189.5
1194.5
1199.5
1204.5
1209.5
1214.5
1219.5
1224.5
1229.5
1234.5
1239.5
1244.5
1249.5
1254.5
1259.5
1264.5
1269.5
1274.5
1279.5
1284.5
1289.5
1294.5
1299.5
1304.5
1309.5
1314.5
1319.5
1324.5
1329.5
1334.5
1339.5
1344.5
1349.5
1354.5
1359.5
1364.5
1369.5
1374.5
1379.5
1384.5
1389.5
1394.5
1399.5
1404.5
1409.5
1414.5
1419.5
1424.5
1429.5
1434.5
1439.5
1444.5
1449.5
1454.5
1459.5
1464.5
1469.5
1474.5
1479.5
1484.5
1489.5
1494.5
1499.5
1504.5
1509.5
1514.5
1519.5
1524.5
1529.5
1534.5
1539.5
1544.5
1549.5
1554.5
1559.5
1564.5
1569.5
1574.5
1579.5
1584.5
1589.5
1594.5
1599.5
1604.5
1609.5
1614.5
1619.5
1624.5
1629.5
1634.5
1639.5
1644.5
1649.5
1654.5
1659.5
1664.5
1669.5
1674.5
1679.5
1684.5
1689.5
1694.5
1699.5
1704.5
1709.5
1714.5
1719.5
1724.5
1729.5
1734.5
1739.5
1744.5
1749.5
1754.5
1759.5
1764.5
1769.5
1774.5
1779.5
1784.5
1789.5
1794.5
1799.5
1804.5
1809.5
1814.5
1819.5
1824.5
1829.5
1834.5
1839.5
1844.5
1849.5
1854.5
1859.5
1864.5
1869.5
1874.5
1879.5
1884.5
1889.5
1894.5
1899.5
1904.5
1909.5
1914.5
1919.5
1924.5
1929.5
1934.5
1939.5
1944.5
1949.5
1954.5
1959.5
1964.5
1969.5
1974.5
1979.5
1984.5
1989.5
1994.5
1999.5
2004.5
2009.5
2014.5
2019.5
2024.5
2029.5
2034.5
2039.5
2044.5
2049.5
2054.5
2059.5
2064.5
2069.5
2074.5
2079.5
2084.5
2089.5
2094.5
2099.5
2104.5
2109.5
2114.5
2119.5
2124.5
2129.5
2134.5
2139.5
2144.5
2149.5
2154.5
2159.5
2164.5
2169.5
2174.5
2179.5
2184.5
2189.5
2194.5
2199.5
2204.5
2209.5
2214.5
2219.5
2224.5
2229.5
2234.5
2239.5
2244.5
2249.5
2254.5
2259.5
2264.5
2269.5
2274.5
2279.5
2284.5
2289.5
2294.5
2299.5
2304.5
2309.5
2314.5
2319.5
2324.5
2329.5
2334.5
2339.5
2344.5
2349.5
2354.5
2359.5
2364.5
2369.5
2374.5
2379.5
2384.5
2389.5
2394.5
2399.5
2404.5
2409.5
2414.5
2419.5
2424.5
2429.5
2434.5
2439.5
2444.5
2449.5
2454.5
2459.5
2464.5
2469.5
2474.5
2479.5
2484.5
2489.5
2494.5
2499.5
2504.5
2509.5
2514.5
2519.5
2524.5
2529.5
2534.5
2539.5
2544.5
2549.5
2554.5
2559.5
2564.5
2569.5
2574.5
2579.5
2584.5
2589.5
2594.5
2599.5
2604.5
2609.5
2614.5
2619.5
2624.5
2629.5
2634.5
2639.5
2644.5
2649.5
2654.5
2659.5
2664.5
2669.5
2674.5
2679.5
2684.5
2689.5
2694.5
2699.5
2704.5
2709.5
2714.5
2719.5
2724.5
2729.5
2734.5
2739.5
2744.5
2749.5
2754.5
2759.5
2764.5
2769.5
2774.5
2779.5
2784.5
2789.5
2794.5
2799.5
2804.5
2809.5
2814.5
2819.5
2824.5
2829.5
2834.5
2839.5
2844.5
2849.5
2854.5
2859.5
2864.5
2869.5
2874.5
2879.5
2884.5
2889.5
2894.5
2899.5
2904.5
2909.5
2914.5
2919.5
2924.5
2929.5
2934.5
2939.5
2944.5
2949.5
2954.5
2959.5
2964.5
2969.5
2974.5
2979.5
2984.5
2989.5
2994.5
2999.5
3004.5
3009.5
3014.5
3019.5
3024.5
3029.5
3034.5
3039.5
3044.5
3049.5
3054.5
3059.5
3064.5
3069.5
3074.5
3079.5
3084.5
3089.5
3094.5
3099.5
3104.5
3109.5
3114.5
3119.5
3124.5
3129.5
3134.5
3139.5
3144.5
3149.5
3154.5
3159.5
3164.5
3169.5
3174.5
3179.5
3184.5
3189.5
3194.5
3199.5
3204.5
3209.5
3214.5
3219.5
3224.5
3229.5
3234.5
3239.5
3244.5
3249.5
3254.5
3259.5
3264.5
3269.5
3274.5
3279.5
3284.5
3289.5
3294.5
3299.5
3304.5
3309.5
3314.5
3319.5
3324.5
3329.5
3334.5
3339.5
3344.5
3349.5
3354.5
3359.5
3364.5
3369.5
3374.5
3379.5
3384.5
3389.5
3394.5
3399.5
3404.5
3409.5
3414.5
3419.5
3424.5
3429.5
3434.5
3439.5
3444.5
3449.5
3454.5
3459.5
3464.5
3469.5
3474.5
3479.5
3484.5
3489.5
3494.5
3499.5
3504.5
3509.5
3514.5
3519.5
3524.5
3529.5
3534.5
3539.5
3544.5
3549.5
3554.5
3559.5
3564.5
3569.5
3574.5
3579.5
3584.5
3589.5
3594.5
3599.5
3604.5
3609.5
3614.5
3619.5
3624.5
3629.5
3634.5
3639.5
3644.5
3649.5
3654.5
3659.5
3664.5
3669.5
3674.5
3679.5
3684.5
3689.5
3694.5
3699.5
3704.5
3709.5
3714.5
3719.5
3724.5
3729.5
3734.5
3739.5
3744.5
3749.5
3754.5
3759.5
3764.5
3769.5
3774.5
3779.5
3784.5
3789.5
3794.5
3799.5
3804.5
3809.5
3814.5
3819.5
3824.5
3829.5
3834.5
3839.5
3844.5
3849.5
3854.5
3859.5
3864.5
3869.5
3874.5
3879.5
3884.5
3889.5
3894.5
3899.5
3904.5
3909.5
3914.5
3919.5
3924.5
3929.5
3934.5
3939.5
3944.5
3949.5
3954.5
3959.5
3964.5
3969.5
3974.5
3979.5
3984.5
3989.5
3994.5
3999.5
4004.5
4009.5
4014.5
4019.5
4024.5
4029.5
4034.5
4039.5
4044.5
4049.5
4054.5
4059.5
4064.5
4069.5
4074.5
4079.5
4084.5
4089.5
4094.5
4099.5
4104.5
4109.5
4114.5
4119.5
4124.5
4129.5
4134.5
4139.5
4144.5
4149.5
4154.5
4159.5
4164.5
4169.5
4174.5
4179.5
4184.5
4189.5
4194.5
4199.5
4204.5
4209.5
4214.5
4219.5
4224.5
4229.5
4234.5
4239.5
4244.5
4249.5
4254.5
4259.5
4264.5
4269.5
4274.5
4279.5
4284.5
4289.5
4294.5
4299.5
4304.5
4309.5
4314.5
4319.5
4324.5
4329.5
4334.5
4339.5
4344.5
4349.5
4354.5
4359.5
4364.5
4369.5
4374.5
4379.5
4384.5
4389.5
4394.5
4399.5
4404.5
4409.5
4414.5
4419.5
4424.5
4429.5
4434.5
4439.5
4444.5
4449.5
4454.5
4459.5
4464.5
4469.5
4474.5
4479.5
4484.5
4489.5
4494.5
4499.5
4504.5
4509.5
4514.5
4519.5
4524.5
4529.5
4534.5
4539.5
4544.5
4549.5
4554.5
4559.5
4564.5
4569.5
4574.5
4579.5
4584.5
4589.5
4594.5
4599.5
4604.5
4609.5
4614.5
4619.5
4624.5
4629.5
4634.5
4639.5
4644.5
4649.5
4654.5
4659.5
4664.5
4669.5
4674.5
4679.5
4684.5
4689.5
4694.5
4699.5
4704.5
4709.5
4714.5
4719.5
4724.5
4729.5
4734.5
4739.5
4744.5
4749.5
4754.5
4759.5
4764.5
4769.5
4774.5
4779.5
4784.5
4789.5
4794.5
4799.5
4804.5
4809.5
4814.5
4819.5
4824.5
4829.5
4834.5
4839.5
4844.5
4849.5
4854.5
4859.5
4864.5
4869.5
4874.5
4879.5
4884.5
4889.5
4894.5
4899.5
4904.5
4909.5
4914.5
4919.5
4924.5
4929.5
4934.5
4939.5
4944.5
4949.5
4954.5
4959.5
4964.5
4969.5
4974.5
4979.5
4984.5
4989.5
4994.5
4999.5
5004.5
5009.5
5014.5
5019.5
5024.5
5029.5
5034.5
5039.5
5044.5
5049.5
5054.5
5059.5
5064.5
5069.5
5074.5
5079.5
5084.5
5089.5
5094.5
5099.5
5104.5
5109.5
5114.5
5119.5
5124.5
5129.5
5134.5
5139.5
5144.5
5149.5
5154.5
5159.5
5164.5
5169.5
5174.5
5179.5
5184.5
5189.5
5194.5
5199.5
5204.5
5209.5
5214.5
5219.5
5224.5
5229.5
5234.5
5239.5
5244.5
5249.5
5254.5
5259.5
5264.5
5269.5
5274.5
5279.5
5284.5
5289.5
5294.5
5299.5
5304.5
5309.5
5314.5
5319.5
5324.5
5329.5
5334.5
5339.5
5344.5
5349.5
5354.5
5359.5
5364.5
5369.5
5374.5
5379.5
5384.5
5389.5
5394.5
5399.5
5404.5
5409.5
5414.5
5419.5
5424.5
5429.5
5434.5
5439.5
5444.5
5449.5
5454.5
5459.5
5464.5
5469.5
5474.5
5479.5
5484.5
5489.5
5494.5
5499.5
5504.5
5509.5
5514.5
5519.5
5524.5
5529.5
5534.5
5539.5
5544.5
5549.5
5554.5
5559.5
5564.5
5569.5
5574.5
5579.5
5584.5
5589.5
5594.5
5599.5
5604.5
5609.5
5614.5
5619.5
5624.5
5629.5
5634.5
5639.5
5644.5
5649.5
5654.5
5659.5
5664.5
5669.5
5674.5
5679.5
5684.5
5689.5
5694.5
5699.5
5704.5
5709.5
5714.5
5719.5
5724.5
5729.5
5734.5
5739.5
5744.5
5749.5
5754.5
5759.5
5764.5
5769.5
5774.5
5779.5
5784.5
5789.5
5794.5
5799.5
5804.5
5809.5
5814.5
5819.5
5824.5
5829.5
5834.5
5839.5
5844.5
5849.5
5854.5
5859.5
5864.5
5869.5
5874.5
5879.5
5884.5
5889.5
5894.5
5899.5
5904.5
5909.5
5914.5
5919.5
5924.5
5929.5
5934.5
5939.5
5944.5
5949.5
5954.5
5959.5
5964.5
5969.5
5974.5
5979.5
5984.5
5989.5
5994.5
5999.5
6004.5
6009.5
6014.5
6019.5
6024.5
6029.5
6034.5
6039.5
6044.5
6049.5
6054.5
6059.5
6064.5
6069.5
6074.5
6079.5
6084.5
6089.5
6094.5
6099.5
6104.5
6109.5
6114.5
6119.5
6124.5
6129.5
6134.5
6139.5
6144.5
6149.5
6154.5
6159.5
6164.5
6169.5
6174.5
6179.5
6184.5
6189.5
6194.5
6199.5
6204.5
6209.5
6214.5
6219.5
6224.5
6229.5
6234.5
6239.5
6244.5
6249.5
6254.5
6259.5
6264.5
6269.5
6274.5
6279.5
6284.5
6289.5
6294.5
6299.5
6304.5
6309.5
6314.5
6319.5
6324.5
6329.5
6334.5
6339.5
6344.5
6349.5
6354.5
6359.5
6364.5
6369.5
6374.5
6379.5
6384.5
6389.5
6394.5
6399.5
6404.5
6409.5
6414.5
6419.5
6424.5
6429.5
6434.5
6439.5
6444.5
6449.5
6454.5
6459.5
6464.5
6469.5
6474.5
6479.5
6484.5
6489.5
6494.5
6499.5
6504.5
6509.5
6514.5
6519.5
6524.5
6529.5
6534.5
6539.5
6544.5
6549.5
6554.5
6559.5
6564.5
6569.5
6574.5
6579.5
6584.5
6589.5
6594.5
6599.5
6604.5
6609.5
6614.5
6619.5
6624.5
6629.5
6634.5
6639.5
6644.5
6649.5
6654.5
6659.5
6664.5
6669.5
6674.5
6679.5
6684.5
6689.5
6694.5
6699.5
6704.5
6709.5
6714.5
6719.5
6724.5
6729.5
6734.5
6739.5
6744.5
6749.5
6754.5
6759.5
6764.5
6769.5
6774.5
6779.5
6784.5
6789.5
6794.5
6799.5
6804.5
6809.5
6814.5
6819.5
6824.5
6829.5
6834.5
6839.5
6844.5
6849.5
6854.5
6859.5
6864.5
6869.5
6874.5
6879.5
6884.5
6889.5
6894.5
6899.5
6904.5
6909.5
6914.5
6919.5
6924.5
6929.5
6934.5
6939.5
6944.5
6949.5
6954.5
6959.5
6964.5
6969.5
6974.5
6979.5
6984.5
6989.5
6994.5
6999.5
7004.5
7009.5
7014.5
7019.5
7024.5
7029.5
7034.5
7039.5
7044.5
7049.5
7054.5
7059.5
7064.5
7069.5
7074.5
7079.5
7084.5
7089.5
7094.5
7099.5
7104.5
7109.5
7114.5
7119.5
7124.5
7129.5
7134.5
7139.5
7144.5
7149.5
7154.5
7159.5
7164.5
7169.5
7174.5
7179.5
7184.5
7189.5
7194.5
7199.5
7204.5
7209.5
7214.5
7219.5
7224.5
7229.5
7234.5
7239.5
7244.5
7249.5
7254.5
7259.5
7264.5
7269.5
7274.5
7279.5
7284.5
7289.5
7294.5
7299.5
7304.5
7309.5
7314.5
7319.5
7324.5
7329.5
7334.5
7339.5
7344.5
7349.5
7354.5
7359.5
7364.5
7369.5
7374.5
7379.5
7384.5
7389.5
7394.5
7399.5
7404.5
7409.5
7414.5
7419.5
7424.5
7429.5
7434.5
7439.5
7444.5
7449.5
7454.5
7459.5
7464.5
7469.5
7474.5
7479.5
7484.5
7489.5
7494.5
7499.5
7504.5
7509.5
7514.5
7519.5
7524.5
7529.5
7534.5
7539.5
7544.5
7549.5
7554.5
7559.5
7564.5
7569.5
7574.5
7579.5
7584.5
7589.5
7594.5
7599.5
7604.5
7609.5
7614.5
7619.5
7624.5
7629.5
7634.5
7639.5
7644.5
7649.5
7654.5
7659.5
7664.5
7669.5
7674.5
7679.5
7684.5
7689.5
7694.5
7699.5
7704.5
7709.5
7714.5
7719.5
7724.5
7729.5
7734.5
7739.5
7744.5
7749.5
7754.5
7759.5
7764.5
7769.5
7774.5
7779.5
7784.5
7789.5
7794.5
7799.5
7804.5
7809.5
7814.5
7819.5
7824.5
7829.5
7834.5
7839.5
7844.5
7849.5
7854.5
7859.5
7864.5
7869.5
7874.5
7879.5
7884.5
7889.5
7894.5
7899.5
7904.5
7909.5
7914.5
7919.5
7924.5
7929.5
7934.5
7939.5
7944.5
7949.5
7954.5
7959.5
7964.5
7969.5
7974.5
7979.5
7984.5
7989.5
7994.5
7999.5
8004.5
8009.5
8014.5
8019.5
8024.5
8029.5
8034.5
8039.5
8044.5
8049.5
8054.5
8059.5
8064.5
8069.5
8074.5
8079.5
8084.5
8089.5
8094.5
8099.5
8104.5
8109.5
8114.5
8119.5
8124.5
8129.5
8134.5
8139.5
8144.5
8149.5
8154.5
8159.5
8164.5
8169.5
8174.5
8179.5
8184.5
8189.5
8194.5
8199.5
8204.5
8209.5
8214.5
8219.5
8224.5
8229.5
8234.5
8239.5
8244.5
8249.5
8254.5
8259.5
8264.5
8269.5
8274.5
8279.5
8284.5
8289.5
8294.5
8299.5
8304.5
8309.5
8314.5
8319.5
8324.5
8329.5
8334.5
8339.5
8344.5
8349.5
8354.5
8359.5
8364.5
8369.5
8374.5
8379.5
8384.5
8389.5
8394.5
8399.5
8404.5
8409.5
8414.5
8419.5
8424.5
8429.5
8434.5
8439.5
8444.5
8449.5
8454.5
8459.5
8464.5
8469.5
8474.5
8479.5
8484.5
8489.5
8494.5
8499.5
8504.5
8509.5
8514.5
8519.5
8524.5
8529.5
8534.5
8539.5
8544.5
8549.5
8554.5
8559.5
8564.5
8569.5
8574.5
8579.5
8584.5
8589.5
8594.5
8599.5
8604.5
8609.5
8614.5
8619.5
8624.5
8629.5
8634.5
8639.5
8644.5
8649.5
8654.5
8659.5
8664.5
8669.5
8674.5
8679.5
8684.5
8689.5
8694.5
8699.5
8704.5
8709.5
8714.5
8719.5
8724.5
8729.5
8734.5
8739.5
8744.5
8749.5
8754.5
8759.5
8764.5
8769.5
8774.5
8779.5
8784.5
8789.5
8794.5
8799.5
8804.5
8809.5
8814.5
8819.5
8824.5
8829.5
8834.5
8839.5
8844.5
8849.5
8854.5
8859.5
8864.5
8869.5
8874.5
8879.5
8884.5
8889.5
8894.5
8899.5
8904.5
8909.5
8914.5
8919.5
8924.5
8929.5
8934.5
8939.5
8944.5
8949.5
8954.5
8959.5
8964.5
8969.5
8974.5
8979.5
8984.5
8989.5
8994.5
8999.5
9004.5
9009.5
9014.5
9019.5
9024.5
9029.5
9034.5
9039.5
9044.5
9049.5
9054.5
9059.5
9064.5
9069.5
9074.5
9079.5
9084.5
9089.5
9094.5
9099.5
9104.5
9109.5
9114.5
9119.5
9124.5
9129.5
9134.5
9139.5
9144.5
9149.5
9154.5
9159.5
9164.5
9169.5
9174.5
9179.5
9184.5
9189.5
9194.5
9199.5
9204.5
9209.5
9214.5
9219.5
9224.5
9229.5
9234.5
9239.5
9244.5
9249.5
9254.5
9259.5
9264.5
9269.5
9274.5
9279.5
9284.5
9289.5
9294.5
9299.5
9304.5
9309.5
9314.5
9319.5
9324.5
9329.5
9334.5
9339.5
9344.5
9349.5
9354.5
9359.5
9364.5
9369.5
9374.5
9379.5
9384.5
9389.5
9394.5
9399.5
9404.5
9409.5
9414.5
9419.5
9424.5
9429.5
9434.5
9439.5
9444.5
9449.5
9454.5
9459.5
9464.5
9469.5
9474.5
9479.5
9484.5
9489.5
9494.5
9499.5
9504.5
9509.5
9514.5
9519.5
9524.5
9529.5
9534.5
9539.5
9544.5
9549.5
9554.5
9559.5
9564.5
9569.5
9574.5
9579.5
9584.5
9589.5
9594.5
9599.5
9604.5
9609.5
9614.5
9619.5
9624.5
9629.5
9634.5
9639.5
9644.5
9649.5
9654.5
9659.5
9664.5
9669.5
9674.5
9679.5
9684.5
9689.5
9694.5
9699.5
9704.5
9709.5
9714.5
9719.5
9724.5
9729.5
9734.5
9739.5
9744.5
9749.5
9754.5
9759.5
9764.5
9769.5
9774.5
9779.5
9784.5
9789.5
9794.5
9799.5
9804.5
9809.5
9814.5
9819.5
9824.5
9829.5
9834.5
9839.5
9844.5
9849.5
9854.5
9859.5
9864.5
9869.5
9874.5
9879.5
9884.5
9889.5
9894.5
9899.5
9904.5
9909.5
9914.5
9919.5
9924.5
9929.5
9934.5
9939.5
9944.5
9949.5
9954.5
9959.5
9964.5
9969.5
9974.5
9979.5
9984.5
9989.5
9994.5
9999.5
10004.5
10009.5
10014.5
10019.5
10024.5
10029.5
10034.5
10039.5
10044.5
10049.5
10054.5
10059.5
10064.5
10069.5
10074.5
10079.5
10084.5
10089.5
10094.5
10099.5
10104.5
10109.5
10114.5
10119.5
10124.5
10129.5
10134.5
10139.5
10144.5
10149.5
10154.5
10159.5
10164.5
10169.5
10174.5
10179.5
10184.5
10189.5
10194.5
10199.5
10204.5
10209.5
10214.5
10219.5
10224.5
10229.5
10234.5
10239.5
10244.5
10249.5
10254.5
10259.5
10264.5
10269.5
10274.5
10279.5
10284.5
10289.5
10294.5
10299.5
10304.5
10309.5
10314.5
10319.5
10324.5
10329.5
10334.5
10339.5
10344.5
10349.5
10354.5
10359.5
10364.5
10369.5
10374.5
10379.5
10384.5
10389.5
10394.5
10399.5
10404.5
10409.5
10414.5
10419.5
10424.5
10429.5
10434.5
10439.5
10444.5
10449.5
10454.5
10459.5
10464.5
10469.5
10474.5
10479.5
10484.5
10489.5
10494.5
10499.5
10504.5
10509.5
10514.5
10519.5
10524.5
10529.5
10534.5
10539.5
10544.5
10549.5
10554.5
10559.5
10564.5
10569.5
10574.5
10579.5
10584.5
10589.5
10594.5
10599.5
10604.5
10609.5
10614.5
10619.5
10624.5
10629.5
10634.5
10639.5
10644.5
10649.5
10654.5
10659.5
10664.5
10669.5
10674.5
10679.5
10684.5
10689.5
10694.5
10699.5
10704.5
10709.5
10714.5
10719.5
10724.5
10729.5
10734.5
10739.5
10744.5
10749.5
10754.5
10759.5
10764.5
10769.5
10774.5
10779.5
10784.5
10789.5
10794.5
10799.5
10804.5
10809.5
10814.5
10819.5
10824.5
10829.5
10834.5
10839.5
10844.5
10849.5
10854.5
10859.5
10864.5
10869.5
10874.5
10879.5
10884.5
10889.5
10894.5
10899.5
10904.5
10909.5
10914.5
10919.5
10924.5
10929.5
10934.5
10939.5
10944.5
10949.5
10954.5
10959.5
10964.5
10969.5
10974.5
10979.5
10984.5
10989.5
10994.5
10999.5
11004.5
11009.5
11014.5
11019.5
11024.5
11029.5
11034.5
11039.5
11044.5
11049.5
11054.5
11059.5
11064.5
11069.5
11074.5
11079.5
11084.5
11089.5
11094.5
11099.5
11104.5
11109.5
11114.5
11119.5
11124.5
11129.5
11134.5
11139.5
11144.5
11149.5
11154.5
11159.5
11164.5
11169.5
11174.5
11179.5
11184.5
11189.5
11194.5
11199.5
11204.5
11209.5
11214.5
11219.5
11224.5
11229.5
11234.5
11239.5
11244.5
11249.5
11254.5
11259.5
11264.5
11269.5
11274.5
11279.5
11284.5
11289.5
11294.5
11299.5
11304.5
11309.5
11314.5
11319.5
11324.5
11329.5
11334.5
11339.5
11344.5
11349.5
11354.5
11359.5
11364.5
11369.5
11374.5
11379.5
11384.5
11389.5
11394.5
11399.5
11404.5
11409.5
11414.5
11419.5
11424.5
11429.5
11434.5
11439.5
11444.5
11449.5
11454.5
11459.5
11464.5
11469.5
11474.5
11479.5
11484.5
11489.5
11494.5
11499.5
11504.5
11509.5
11514.5
11519.5
11524.5
11529.5
11534.5
11539.5
11544.5
11549.5
11554.5
11559.5
11564.5
11569.5
11574.5
11579.5
11584.5
11589.5
11594.5
11599.5
11604.5
11609.5
11614.5
11619.5
11624.5
11629.5
11634.5
11639.5
11644.5
11649.5
11654.5
11659.5
11664.5
11669.5
11674.5
11679.5
11684.5
11689.5
11694.5
11699.5
11704.5
11709.5
11714.5
11719.5
11724.5
11729.5
11734.5
11739.5
11744.5
11749.5
11754.5
11759.5
11764.5
11769.5
11774.5
11779.5
11784.5
11789.5
11794.5
11799.5
11804.5
11809.5
11814.5
11819.5
11824.5
11829.5
11834.5
11839.5
11844.5
11849.5
11854.5
11859.5
11864.5
11869.5
11874.5
11879.5
11884.5
11889.5
11894.5
11899.5
11904.5
11909.5
11914.5
11919.5
11924.5
11929.5
11934.5
11939.5
11944.5
11949.5
11954.5
11959.5
11964.5
11969.5
11974.5
11979.5
11984.5
11989.5
11994.5
11999.5
12004.5
12009.5
12014.5
12019.5
12024.5
12029.5
12034.5
12039.5
12044.5
12049.5
12054.5
12059.5
12064.5
12069.5
12074.5
12079.5
12084.5
12089.5
12094.5
12099.5
12104.5
12109.5
12114.5
12119.5
12124.5
12129.5
12134.5
12139.5
12144.5
12149.5
12154.5
12159.5
12164.5
12169.5
12174.5
12179.5
12184.5
12189.5
12194.5
12199.5
12204.5
12209.5
12214.5
12219.5
12224.5
12229.5
12234.5
12239.5
12244.5
12249.5
12254.5
12259.5
12264.5
12269.5
12274.5
12279.5
12284.5
12289.5
12294.5
12299.5
12304.5
12309.5
12314.5
12319.5
12324.5
12329.5
12334.5
12339.5
12344.5
12349.5
12354.5
12359.5
12364.5
12369.5
12374.5
12379.5
12384.5
12389.5
12394.5
12399.5
12404.5
12409.5
12414.5
12419.5
12424.5
12429.5
12434.5
12439.5
12444.5
12449.5
12454.5
12459.5
12464.5
12469.5
12474.5
12479.5
12484.5
12489.5
12494.5
12499.5
12504.5
12509.5
12514.5
12519.5
12524.5
12529.5
12534.5
12539.5
12544.5
12549.5
12554.5
12559.5
12564.5
12569.5
12574.5
12579.5
12584.5
12589.5
12594.5
12599.5
12604.5
12609.5
12614.5
12619.5
12624.5
12629.5
12634.5
12639.5
12644.5
12649.5
12654.5
12659.5
12664.5
12669.5
12674.5
12679.5
12684.5
12689.5
12694.5
12699.5
12704.5
12709.5
12714.5
12719.5
12724.5
12729.5
12734.5
12739.5
12744.5
12749.5
12754.5
12759.5
12764.5
12769.5
12774.5
12779.5
12784.5
12789.5
12794.5
12799.5
12804.5
12809.5
12814.5
12819.5
12824.5
12829.5
12834.5
12839.5
12844.5
12849.5
12854.5
12859.5
12864.5
12869.5
12874.5
12879.5
12884.5
12889.5
12894.5
12899.5
12904.5
12909.5
12914.5
12919.5
12924.5
12929.5
12934.5
12939.5
12944.5
12949.5
12954.5
12959.5
12964.5
12969.5
12974.5
12979.5
12984.5
12989.5
12994.5
12999.5
13004.5
13009.5
13014.5
13019.5
13024.5
13029.5
13034.5
13039.5
13044.5
13049.5
13054.5
13059.5
13064.5
13069.5
13074.5
13079.5
13084.5
13089.5
13094.5
13099.5
13104.5
13109.5
13114.5
13119.5
13124.5
13129.5
13134.5
13139.5
13144.5
13149.5
13154.5
13159.5
13164.5
13169.5
13174.5
13179.5
13184.5
13189.5
13194.5
13199.5
13204.5
13209.5
13214.5
13219.5
13224.5
13229.5
13234.5
13239.5
13244.5
13249.5
13254.5
13259.5
13264.5
13269.5
13274.5
13279.5
13284.5
13289.5
13294.5
13299.5
13304.5
13309.5
13314.5
13319.5
13324.5
13329.5
13334.5
13339.5
13344.5
13349.5
13354.5
13359.5
13364.5
13369.5
13374.5
13379.5
13384.5
13389.5
13394.5
13399.5
13404.5
13409.5
13414.5
13419.5
13424.5
13429.5
13434.5
13439.5
13444.5
13449.5
13454.5
13459.5
13464.5
13469.5
13474.5
13479.5
13484.5
13489.5
13494.5
13499.5
13504.5
13509.5
13514.5
13519.5
13524.5
13529.5
13534.5
13539.5
13544.5
13549.5
13554.5
13559.5
13564.5
13569.5
13574.5
13579.5
13584.5
13589.5
13594.5
13599.5
13604.5
13609.5
13614.5
13619.5
13624.5
13629.5
13634.5
13639.5
13644.5
13649.5
13654.5
13659.5
13664.5
13669.5
13674.5
13679.5
13684.5
13689.5
13694.5
13699.5
13704.5
13709.5
13714.5
13719.5
13724.5
13729.5
13734.5
13739.5
13744.5
13749.5
13754.5
13759.5
13764.5
13769.5
13774.5
13779.5
13784.5
13789.5
13794.5
13799.5
13804.5
13809.5
13814.5
13819.5
13824.5
13829.5
13834.5
13839.5
13844.5
13849.5
13854.5
13859.5
13864.5
13869.5
13874.5
13879.5
13884.5
13889.5
13894.5
13899.5
13904.5
13909.5
13914.5
13919.5
13924.5
13929.5
13934.5
13939.5
13944.5
13949.5
13954.5
13959.5
13964.5
13969.5
13974.5
13979.5
13984.5
13989.5
13994.5
13999.5
14004.5
14009.5
14014.5
14019.5
14024.5
14029.5
14034.5
14039.5
14044.5
14049.5
14054.5
14059.5
14064.5
14069.5
14074.5
14079.5
14084.5
14089.5
14094.5
14099.5
14104.5
14109.5
14114.5
14119.5
14124.5
14129.5
14134.5
14139.5
14144.5
14149.5
14154.5
14159.5
14164.5
14169.5
14174.5
14179.5
14184.5
14189.5
14194.5
14199.5
14204.5
14209.5
14214.5
14219.5
14224.5
14229.5
14234.5
14239.5
14244.5
14249.5
14254.5
14259.5
14264.5
14269.5
14274.5
14279.5
14284.5
14289.5
14294.5
14299.5
14304.5
14309.5
14314.5
14319.5
14324.5
14329.5
14334.5
14339.5
14344.5
14349.5
14354.5
14359.5
14364.5
14369.5
14374.5
14379.5
14384.5
14389.5
14394.5
14399.5
14404.5
14409.5
14414.5
14419.5
14424.5
14429.5
14434.5
14439.5
14444.5
14449.5
14454.5
14459.5
14464.5
14469.5
14474.5
14479.5
14484.5
14489.5
14494.5
14499.5
14504.5
14509.5
14514.5
14519.5
14524.5
14529.5
14534.5
14539.5
14544.5
14549.5
14554.5
14559.5
14564.5
14569.5
14574.5
14579.5
14584.5
14589.5
14594.5
14599.5
14604.5
14609.5
14614.5
14619.5
14624.5
14629.5
14634.5
14639.5
14644.5
14649.5
14654.5
14659.5
14664.5
14669.5
14674.5
14679.5
14684.5
14689.5
14694.5
14699.5
14704.5
14709.5
14714.5
14719.5
14724.5
14729.5
14734.5
14739.5
14744.5
14749.5
14754.5
14759.5
14764.5
14769.5
14774.5
14779.5
14784.5
14789.5
14794.5
14799.5
14804.5
14809.5
14814.5
14819.5
14824.5
14829.5
14834.5
14839.5
14844.5
14849.5
14854.5
14859.5
14864.5
14869.5
14874.5
14879.5
14884.5
14889.5
14894.5
14899.5
14904.5
14909.5
14914.5
14919.5
14924.5
14929.5
14934.5
14939.5
14944.5
14949.5
14954.5
14959.5
14964.5
14969.5
14974.5
14979.5
14984.5
14989.5
14994.5
14999.5
15004.5
15009.5
15014.5
15019.5
15024.5
15029.5
15034.5
15039.5
15044.5
15049.5
15054.5
15059.5
15064.5
15069.5
15074.5
15079.5
15084.5
15089.5
15094.5
15099.5
15104.5
15109.5
15114.5
15119.5
15124.5
15129.5
15134.5
15139.5
15144.5
15149.5
15154.5
15159.5
15164.5
15169.5
15174.5
15179.5
15184.5
15189.5
15194.5
15199.5
15204.5
15209.5
15214.5
15219.5
15224.5
15229.5
15234.5
15239.5
15244.5
15249.5
15254.5
15259.5
15264.5
15269.5
15274.5
15279.5
15284.5
15289.5
15294.5
15299.5
15304.5
15309.5
15314.5
15319.5
15324.5
15329.5
15334.5
15339.5
15344.5
15349.5
15354.5
15359.5
15364.5
15369.5
15374.5
15379.5
15384.5
15389.5
15394.5
15399.5
15404.5
15409.5
15414.5
15419.5
15424.5
15429.5
15434.5
15439.5
15444.5
15449.5
15454.5
15459.5
15464.5
15469.5
15474.5
15479.5
15484.5
15489.5
15494.5
15499.5
15504.5
15509.5
15514.5
15519.5
15524.5
15529.5
15534.5
15539.5
15544.5
15549.5
15554.5
15559.5
15564.5
15569.5
15574.5
15579.5
15584.5
15589.5
15594.5
15599.5
15604.5
15609.5
15614.5
15619.5
15624.5
15629.5
15634.5
15639.5
15644.5
15649.5
15654.5
15659.5
15664.5
15669.5
15674.5
15679.5
15684.5
15689.5
15694.5
15699.5
15704.5
15709.5
15714.5
15719.5
15724.5
15729.5
15734.5
15739.5
15744.5
15749.5
15754.5
15759.5
15764.5
15769.5
15774.5
15779.5
15784.5
15789.5
15794.5
15799.5
15804.5
15809.5
15814.5
15819.5
15824.5
15829.5
15834.5
15839.5
15844.5
15849.5
15854.5
15859.5
15864.5
15869.5
15874.5
15879.5
15884.5
15889.5
15894.5
15899.5
15904.5
15909.5
15914.5
15919.5
15924.5
15929.5
15934.5
15939.5
15944.5
15949.5
15954.5
15959.5
15964.5
15969.5
15974.5
15979.5
15984.5
15989.5
15994.5
15999.5
16004.5
16009.5
16014.5
16019.5
16024.5
16029.5
16034.5
16039.5
16044.5
16049.5
16054.5
16059.5
16064.5
16069.5
16074.5
16079.5
16084.5
16089.5
16094.5
16099.5
16104.5
16109.5
16114.5
16119.5
16124.5
16129.5
16134.5
16139.5
16144.5
16149.5
16154.5
16159.5
16164.5
16169.5
16174.5
16179.5
16184.5
16189.5
16194.5
16199.5
16204.5
16209.5
16214.5
16219.5
16224.5
16229.5
16234.5
16239.5
16244.5
16249.5
16254.5
16259.5
16264.5
16269.5
16274.5
16279.5
16284.5
16289.5
16294.5
16299.5
16304.5
16309.5
16314.5
16319.5
16324.5
16329.5
16334.5
16339.5
16344.5
16349.5
16354.5
16359.5
16364.5
16369.5
16374.5
16379.5
16384.5
16389.5
16394.5
16399.5
16404.5
16409.5
16414.5
16419.5
16424.5
16429.5
16434.5
16439.5
16444.5
16449.5
16454.5
16459.5
16464.5
16469.5
16474.5
16479.5
16484.5
16489.5
16494.5
16499.5
16504.5
16509.5
16514.5
16519.5
16524.5
16529.5
16534.5
16539.5
16544.5
16549.5
16554.5
16559.5
16564.5
16569.5
16574.5
16579.5
16584.5
16589.5
16594.5
16599.5
16604.5
16609.5
16614.5
16619.5
16624.5
16629.5
16634.5
16639.5
16644.5
16649.5
16654.5
16659.5
16664.5
16669.5
16674.5
16679.5
16684.5
16689.5
16694.5
16699.5
16704.5
16709.5
16714.5
16719.5
16724.5
16729.5
16734.5
16739.5
16744.5
16749.5
16754.5
16759.5
16764.5
16769.5
16774.5
16779.5
16784.5
16789.5
16794.5
16799.5
16804.5
16809.5
16814.5
16819.5
16824.5
16829.5
16834.5
16839.5
16844.5
16849.5
16854.5
16859.5
16864.5
16869.5
16874.5
16879.5
16884.5
16889.5
16894.5
16899.5
16904.5
16909.5
16914.5
16919.5
16924.5
16929.5
16934.5
16939.5
16944.5
16949.5
16954.5
16959.5
16964.5
16969.5
16974.5
16979.5
16984.5
16989.5
16994.5
16999.5
17004.5
17009.5
17014.5
17019.5
17024.5
17029.5
17034.5
17039.5
17044.5
17049.5
17054.5
17059.5
17064.5
17069.5
17074.5
17079.5
17084.5
17089.5
17094.5
17099.5
17104.5
17109.5
17114.5
17119.5
17124.5
17129.5
17134.5
17139.5
17144.5
17149.5
17154.5
17159.5
17164.5
17169.5
17174.5
17179.5
17184.5
17189.5
17194.5
17199.5
17204.5
17209.5
17214.5
17219.5
17224.5
17229.5
17234.5
17239.5
17244.5
17249.5
17254.5
17259.5
17264.5
17269.5
17274.5
17279.5
17284.5
17289.5
17294.5
17299.5
17304.5
17309.5
17314.5
17319.5
17324.5
17329.5
17334.5
17339.5
17344.5
17349.5
17354.5
17359.5
17364.5
17369.5
17374.5
17379.5
17384.5
17389.5
17394.5
17399.5
17404.5
17409.5
17414.5
17419.5
17424.5
17429.5
17434.5
17439.5
17444.5
17449.5
17454.5
17459.5
17464.5
17469.5
17474.5
17479.5
17484.5
17489.5
17494.5
17499.5
17504.5
17509.5
17514.5
17519.5
17524.5
17529.5
17534.5
17539.5
17544.5
17549.5
17554.5
17559.5
17564.5
17569.5
17574.5
17579.5
17584.5
17589.5
17594.5
17599.5
17604.5
17609.5
17614.5
17619.5
17624.5
17629.5
17634.5
17639.5
17644.5
17649.5
17654.5
17659.5
17664.5
17669.5
17674.5
17679.5
17684.5
17689.5
17694.5
17699.5
17704.5
17709.5
17714.5
17719.5
17724.5
17729.5
17734.5
17739.5
17744.5
17749.5
17754.5
17759.5
17764.5
17769.5
17774.5
17779.5
17784.5
17789.5
17794.5
17799.5
17804.5
17809.5
17814.5
17819.5
17824.5
17829.5
17834.5
17839.5
17844.5
17849.5
17854.5
17859.5
17864.5
17869.5
17874.5
17879.5
17884.5
17889.5
17894.5
17899.5
17904.5
17909.5
17914.5
17919.5
17924.5
17929.5
17934.5
17939.5
17944.5
17949.5
17954.5
17959.5
17964.5
17969.5
17974.5
17979.5
17984.5
17989.5
17994.5
17999.5
18004.5
18009.5
18014.5
18019.5
18024.5
18029.5
18034.5
18039.5
18044.5
18049.5
18054.5
18059.5
18064.5
18069.5
18074.5
18079.5
18084.5
18089.5
18094.5
18099.5
18104.5
18109.5
18114.5
18119.5
18124.5
18129.5
18134.5
18139.5
18144.5
18149.5
18154.5
18159.5
18164.5
18169.5
18174.5
18179.5
18184.5
18189.5
18194.5
18199.5
18204.5
18209.5
18214.5
18219.5
18224.5
18229.5
18234.5
18239.5
18244.5
18249.5
18254.5
18259.5
18264.5
18269.5
18274.5
18279.5
18284.5
18289.5
18294.5
18299.5
18304.5
18309.5
18314.5
18319.5
18324.5
18329.5
18334.5
18339.5
18344.5
18349.5
18354.5
18359.5
18364.5
18369.5
18374.5
18379.5
18384.5
18389.5
18394.5
18399.5
18404.5
18409.5
18414.5
18419.5
18424.5
18429.5
18434.5
18439.5
18444.5
18449.5
18454.5
18459.5
18464.5
18469.5
18474.5
18479.5
18484.5
18489.5
18494.5
18499.5
18504.5
18509.5
18514.5
18519.5
18524.5
18529.5
18534.5
18539.5
18544.5
18549.5
18554.5
18559.5
18564.5
18569.5
18574.5
18579.5
18584.5
18589.5
18594.5
18599.5
18604.5
18609.5
18614.5
18619.5
18624.5
18629.5
18634.5
18639.5
18644.5
18649.5
18654.5
18659.5
18664.5
18669.5
18674.5
18679.5
18684.5
18689.5
18694.5
18699.5
18704.5
18709.5
18714.5
18719.5
18724.5
18729.5
18734.5
18739.5
18744.5
18749.5
18754.5
18759.5
18764.5
18769.5
18774.5
18779.5
18784.5
18789.5
18794.5
18799.5
18804.5
18809.5
18814.5
18819.5
18824.5
18829.5
18834.5
18839.5
18844.5
18849.5
18854.5
18859.5
18864.5
18869.5
18874.5
18879.5
18884.5
18889.5
18894.5
18899.5
18904.5
18909.5
18914.5
18919.5
18924.5
18929.5
18934.5
18939.5
18944.5
18949.5
18954.5
18959.5
18964.5
18969.5
18974.5
18979.5
18984.5
18989.5
18994.5
18999.5
19004.5
19009.5
19014.5
19019.5
19024.5
19029.5
19034.5
19039.5
19044.5
19049.5
19054.5
19059.5
19064.5
19069.5
19074.5
19079.5
19084.5
19089.5
19094.5
19099.5
19104.5
19109.5
19114.5
19119.5
19124.5
19129.5
19134.5
19139.5
19144.5
19149.5
19154.5
19159.5
19164.5
19169.5
19174.5
19179.5
19184.5
19189.5
19194.5
19199.5
19204.5
19209.5
19214.5
19219.5
19224.5
19229.5
19234.5
19239.5
19244.5
19249.5
19254.5
19259.5
19264.5
19269.5
19274.5
19279.5
19284.5
19289.5
19294.5
19299.5
19304.5
19309.5
19314.5
19319.5
19324.5
19329.5
19334.5
19339.5
19344.5
19349.5
19354.5
19359.5
19364.5
19369.5
19374.5
19379.5
19384.5
19389.5
19394.5
19399.5
19404.5
19409.5
19414.5
19419.5
19424.5
19429.5
19434.5
19439.5
19444.5
19449.5
19454.5
19459.5
19464.5
19469.5
19474.5
19479.5
19484.5
19489.5
19494.5
19499.5
19504.5
19509.5
19514.5
19519.5
19524.5
19529.5
19534.5
19539.5
19544.5
19549.5
19554.5
19559.5
19564.5
19569.5
19574.5
19579.5
19584.5
19589.5
19594.5
19599.5
19604.5
19609.5
19614.5
19619.5
19624.5
19629.5
19634.5
19639.5
19644.5
19649.5
19654.5
19659.5
19664.5
19669.5
19674.5
19679.5
19684.5
19689.5
19694.5
19699.5
19704.5
19709.5
19714.5
19719.5
19724.5
19729.5
19734.5
19739.5
19744.5
19749.5
19754.5
19759.5
19764.5
19769.5
19774.5
19779.5
19784.5
19789.5
19794.5
19799.5
19804.5
19809.5
19814.5
19819.5
19824.5
19829.5
19834.5
19839.5
19844.5
19849.5
19854.5
19859.5
19864.5
19869.5
19874.5
19879.5
19884.5
19889.5
19894.5
19899.5
19904.5
19909.5
19914.5
19919.5
19924.5
19929.5
19934.5
19939.5
19944.5
19949.5
19954.5
19959.5
19964.5
19969.5
19974.5
19979.5
19984.5
19989.5
19994.5
19999.5
20004.5
20009.5
20014.5
20019.5
20024.5
20029.5
20034.5
20039.5
20044.5
20049.5
20054.5
20059.5
20064.5
20069.5
20074.5
20079.5
20084.5
20089.5
20094.5
20099.5
20104.5
20109.5
20114.5
20119.5
20124.5
20129.5
20134.5
20139.5
20144.5
20149.5
20154.5
20159.5
20164.5
20169.5
20174.5
20179.5
20184.5
20189.5
20194.5
20199.5
20204.5
20209.5
20214.5
20219.5
20224.5
20229.5
20234.5
20239.5
20244.5
20249.5
20254.5
20259.5
20264.5
20269.5
20274.5
20279.5
20284.5
20289.5
20294.5
20299.5
20304.5
20309.5
20314.5
20319.5
20324.5
20329.5
20334.5
20339.5
20344.5
20349.5
20354.5
20359.5
20364.5
20369.5
20374.5
20379.5
20384.5
20389.5
20394.5
20399.5
20404.5
20409.5
20414.5
20419.5
20424.5
20429.5
20434.5
20439.5
20444.5
20449.5
20454.5
20459.5
20464.5
20469.5
20474.5
20479.5
20484.5
20489.5
20494.5
20499.5
20504.5
20509.5
20514.5
20519.5
20524.5
20529.5
20534.5
20539.5
20544.5
20549.5
20554.5
20559.5
20564.5
20569.5
20574.5
20579.5
20584.5
20589.5
20594.5
20599.5
20604.5
20609.5
20614.5
20619.5
20624.5
20629.5
20634.5
20639.5
20644.5
20649.5
20654.5
20659.5
20664.5
20669.5
20674.5
20679.5
20684.5
20689.5
20694.5
20699.5
20704.5
20709.5
20714.5
20719.5
20724.5
20729.5
20734.5
20739.5
20744.5
20749.5
20754.5
20759.5
20764.5
20769.5
20774.5
20779.5
20784.5
20789.5
20794.5
20799.5
20804.5
20809.5
20814.5
20819.5
20824.5
20829.5
20834.5
20839.5
20844.5
20849.5
20854.5
20859.5
20864.5
20869.5
20874.5
20879.5
20884.5
20889.5
20894.5
20899.5
20904.5
20909.5
20914.5
20919.5
20924.5
20929.5
20934.5
20939.5
20944.5
20949.5
20954.5
20959.5
20964.5
20969.5
20974.5
20979.5
20984.5
20989.5
20994.5
20999.5
21004.5
21009.5
21014.5
21019.5
21024.5
21029.5
21034.5
21039.5
21044.5
21049.5
21054.5
21059.5
21064.5
21069.5
21074.5
21079.5
21084.5
21089.5
21094.5
21099.5
21104.5
21109.5
21114.5
21119.5
21124.5
21129.5
21134.5
21139.5
21144.5
21149.5
21154.5
21159.5
21164.5
21169.5
21174.5
21179.5
21184.5
21189.5
21194.5
21199.5
21204.5
21209.5
21214.5
21219.5
21224.5
21229.5
21234.5
21239.5
21244.5
21249.5
21254.5
21259.5
21264.5
21269.5
21274.5
21279.5
21284.5
21289.5
21294.5
21299.5
21304.5
21309.5
21314.5
21319.5
21324.5
21329.5
21334.5
21339.5
21344.5
21349.5
21354.5
21359.5
21364.5
21369.5
21374.5
21379.5
21384.5
21389.5
21394.5
21399.5
21404.5
21409.5
21414.5
21419.5
21424.5
21429.5
21434.5
21439.5
21444.5
21449.5
21454.5
21459.5
21464.5
21469.5
21474.5
21479.5
21484.5
21489.5
21494.5
21499.5
21504.5
21509.5
21514.5
21519.5
21524.5
21529.5
21534.5
21539.5
21544.5
21549.5
21554.5
21559.5
21564.5
21569.5
21574.5
21579.5
21584.5
21589.5
21594.5
21599.5
21604.5
21609.5
21614.5
21619.5
21624.5
21629.5
21634.5
21639.5
21644.5
21649.5
21654.5
21659.5
21664.5
21669.5
21674.5
21679.5
21684.5
21689.5
21694.5
21699.5
21704.5
21709.5
21714.5
21719.5
21724.5
21729.5
21734.5
21739.5
21744.5
21749.5
21754.5
21759.5
21764.5
21769.5
21774.5
21779.5
21784.5
21789.5
21794.5
21799.5
21804.5
21809.5
21814.5
21819.5
21824.5
21829.5
21834.5
21839.5
21844.5
21849.5
21854.5
21859.5
21864.5
21869.5
21874.5
21879.5
21884.5
21889.5
21894.5
21899.5
21904.5
21909.5
21914.5
21919.5
21924.5
21929.5
21934.5
21939.5
21944.5
21949.5
21954.5
21959.5
21964.5
21969.5
21974.5
21979.5
21984.5
21989.5
21994.5
21999.5
22004.5
22009.5
22014.5
22019.5
22024.5
22029.5
22034.5
22039.5
22044.5
22049.5
22054.5
22059.5
22064.5
22069.5
22074.5
22079.5
22084.5
22089.5
22094.5
22099.5
22104.5
22109.5
22114.5
22119.5
22124.5
22129.5
22134.5
22139.5
22144.5
22149.5
22154.5
22159.5
22164.5
22169.5
22174.5
22179.5
22184.5
22189.5
22194.5
22199.5
22204.5
22209.5
22214.5
22219.5
22224.5
22229.5
22234.5
22239.5
22244.5
22249.5
22254.5
22259.5
22264.5
22269.5
22274.5
22279.5
22284.5
22289.5
22294.5
22299.5
22304.5
22309.5
22314.5
22319.5
22324.5
22329.5
22334.5
22339.5
22344.5
22349.5
22354.5
22359.5
22364.5
22369.5
22374.5
22379.5
22384.5
22389.5
22394.5
22399.5
22404.5
22409.5
22414.5
22419.5
22424.5
22429.5
22434.5
22439.5
22444.5
22449.5
22454.5
22459.5
22464.5
22469.5
22474.5
22479.5
22484.5
22489.5
22494.5
22499.5
22504.5
22509.5
22514.5
22519.5
22524.5
22529.5
22534.5
22539.5
22544.5
22549.5
22554.5
22559.5
22564.5
22569.5
22574.5
22579.5
22584.5
22589.5
22594.5
22599.5
22604.5
22609.5
22614.5
22619.5
22624.5
22629.5
22634.5
22639.5
22644.5
22649.5
22654.5
22659.5
22664.5
22669.5
22674.5
22679.5
22684.5
22689.5
22694.5
22699.5
22704.5
22709.5
22714.5
22719.5
22724.5
22729.5
22734.5
22739.5
22744.5
22749.5
22754.5
22759.5
22764.5
22769.5
22774.5
22779.5
22784.5
22789.5
22794.5
22799.5
22804.5
22809.5
22814.5
22819.5
22824.5
22829.5
22834.5
22839.5
22844.5
22849.5
22854.5
22859.5
22864.5
22869.5
22874.5
22879.5
22884.5
22889.5
22894.5
22899.5
22904.5
22909.5
22914.5
22919.5
22924.5
22929.5
22934.5
22939.5
22944.5
22949.5
22954.5
22959.5
22964.5
22969.5
22974.5
22979.5
22984.5
22989.5
22994.5
22999.5
23004.5
23009.5
23014.5
23019.5
23024.5
23029.5
23034.5
23039.5
23044.5
23049.5
23054.5
23059.5
23064.5
23069.5
23074.5
23079.5
23084.5
23089.5
23094.5
23099.5
23104.5
23109.5
23114.5
23119.5
23124.5
23129.5
23134.5
23139.5
23144.5
23149.5
23154.5
23159.5
23164.5
23169.5
23174.5
23179.5
23184.5
23189.5
23194.5
23199.5
23204.5
23209.5
23214.5
23219.5
23224.5
23229.5
23234.5
23239.5
23244.5
23249.5
23254.5
23259.5
23264.5
23269.5
23274.5
23279.5
23284.5
23289.5
23294.5
23299.5
23304.5
23309.5
23314.5
23319.5
23324.5
23329.5
23334.5
23339.5
23344.5
23349.5
23354.5
23359.5
23364.5
23369.5
23374.5
23379.5
23384.5
23389.5
23394.5
23399.5
23404.5
23409.5
23414.5
23419.5
23424.5
23429.5
23434.5
23439.5
23444.5
23449.5
23454.5
23459.5
23464.5
23469.5
23474.5
23479.5
23484.5
23489.5
23494.5
23499.5
23504.5
23509.5
23514.5
23519.5
23524.5
23529.5
23534.5
23539.5
23544.5
23549.5
23554.5
23559.5
23564.5
23569.5
23574.5
23579.5
23584.5
23589.5
23594.5
23599.5
23604.5
23609.5
23614.5
23619.5
23624.5
23629.5
23634.5
23639.5
23644.5
23649.5
23654.5
23659.5
23664.5
23669.5
23674.5
23679.5
23684.5
23689.5
23694.5
23699.5
23704.5
23709.5
23714.5
23719.5
23724.5
23729.5
23734.5
23739.5
23744.5
23749.5
23754.5
23759.5
23764.5
23769.5
23774.5
23779.5
23784.5
23789.5
23794.5
23799.5
23804.5
23809.5
23814.5
23819.5
23824.5
23829.5
23834.5
23839.5
23844.5
23849.5
23854.5
23859.5
23864.5
23869.5
23874.5
23879.5
23884.5
23889.5
23894.5
23899.5
23904.5
23909.5
23914.5
23919.5
23924.5
23929.5
23934.5
23939.5
23944.5
23949.5
23954.5
23959.5
23964.5
23969.5
23974.5
23979.5
23984.5
23989.5
23994.5
23999.5
24004.5
24009.5
24014.5
24019.5
24024.5
24029.5
24034.5
24039.5
24044.5
24049.5
24054.5
24059.5
24064.5
24069.5
24074.5
24079.5
24084.5
24089.5
24094.5
24099.5
24104.5
24109.5
24114.5
24119.5
24124.5
24129.5
24134.5
24139.5
24144.5
24149.5
24154.5
24159.5
24164.5
24169.5
24174.5
24179.5
24184.5
24189.5
24194.5
24199.5
24204.5
24209.5
24214.5
24219.5
24224.5
24229.5
24234.5
24239.5
24244.5
24249.5
24254.5
24259.5
24264.5
24269.5
24274.5
24279.5
24284.5
24289.5
24294.5
24299.5
24304.5
24309.5
24314.5
24319.5
24324.5
24329.5
24334.5
24339.5
24344.5
24349.5
24354.5
24359.5
24364.5
24369.5
24374.5
24379.5
24384.5
24389.5
24394.5
24399.5
24404.5
24409.5
24414.5
24419.5
24424.5
24429.5
24434.5
24439.5
24444.5
24449.5
24454.5
24459.5
24464.5
24469.5
24474.5
24479.5
24484.5
24489.5
24494.5
24499.5
24504.5
24509.5
24514.5
24519.5
24524.5
24529.5
24534.5
24539.5
24544.5
24549.5
24554.5
24559.5
24564.5
24569.5
24574.5
24579.5
24584.5
24589.5
24594.5
24599.5
24604.5
24609.5
24614.5
24619.5
24624.5
24629.5
24634.5
24639.5
24644.5
24649.5
24654.5
24659.5
24664.5
24669.5
24674.5
24679.5
24684.5
24689.5
24694.5
24699.5
24704.5
24709.5
24714.5
24719.5
24724.5
24729.5
24734.5
24739.5
24744.5
24749.5
24754.5
24759.5
24764.5
24769.5
24774.5
24779.5
24784.5
24789.5
24794.5
24799.5
24804.5
24809.5
24814.5
24819.5
24824.5
24829.5
24834.5
24839.5
24844.5
24849.5
24854.5
24859.5
24864.5
24869.5
24874.5
24879.5
24884.5
24889.5
24894.5
24899.5
24904.5
24909.5
24914.5
24919.5
24924.5
24929.5
24934.5
24939.5
24944.5
24949.5
24954.5
24959.5
24964.5
24969.5
24974.5
24979.5
24984.5
24989.5
24994.5
24999.5
25004.5
25009.5
25014.5
25019.5
25024.5
25029.5
25034.5
25039.5
25044.5
25049.5
25054.5
25059.5
25064.5
25069.5
25074.5
25079.5
25084.5
25089.5
25094.5
25099.5
25104.5
25109.5
25114.5
25119.5
25124.5
25129.5
25134.5
25139.5
25144.5
25149.5
25154.5
25159.5
25164.5
25169.5
25174.5
25179.5
25184.5
25189.5
25194.5
25199.5
25204.5
25209.5
25214.5
25219.5
25224.5
25229.5
25234.5
25239.5
25244.5
25249.5
25254.5
25259.5
25264.5
25269.5
25274.5
25279.5
25284.5
25289.5
25294.5
25299.5
25304.5
25309.5
25314.5
25319.5
25324.5
25329.5
25334.5
25339.5
25344.5
25349.5
25354.5
25359.5
25364.5
25369.5
25374.5
25379.5
25384.5
25389.5
25394.5
25399.5
25404.5
25409.5
25414.5
25419.5
25424.5
25429.5
25434.5
25439.5
25444.5
25449.5
25454.5
25459.5
25464.5
25469.5
25474.5
25479.5
25484.5
25489.5
25494.5
25499.5
25504.5
25509.5
25514.5
25519.5
25524.5
25529.5
25534.5
25539.5
25544.5
25549.5
25554.5
25559.5
25564.5
25569.5
25574.5
25579.5
25584.5
25589.5
25594.5
25599.5
25604.5
25609.5
25614.5
25619.5
25624.5
25629.5
25634.5
25639.5
25644.5
25649.5
25654.5
25659.5
25664.5
25669.5
25674.5
25679.5
25684.5
25689.5
25694.5
25699.5
25704.5
25709.5
25714.5
25719.5
25724.5
25729.5
25734.5
25739.5
25744.5
25749.5
25754.5
25759.5
25764.5
25769.5
25774.5
25779.5
25784.5
25789.5
25794.5
25799.5
25804.5
25809.5
25814.5
25819.5
25824.5
25829.5
25834.5
25839.5
25844.5
25849.5
25854.5
25859.5
25864.5
25869.5
25874.5
25879.5
25884.5
25889.5
25894.5
25899.5
25904.5
25909.5
25914.5
25919.5
25924.5
25929.5
25934.5
25939.5
25944.5
25949.5
25954.5
25959.5
25964.5
25969.5
25974.5
25979.5
25984.5
25989.5
25994.5
25999.5
26004.5
26009.5
26014.5
26019.5
26024.5
26029.5
26034.5
26039.5
26044.5
26049.5
26054.5
26059.5
26064.5
26069.5
26074.5
26079.5
26084.5
26089.5
26094.5
26099.5
26104.5
26109.5
26114.5
26119.5
26124.5
26129.5
26134.5
26139.5
26144.5
26149.5
26154.5
26159.5
26164.5
26169.5
26174.5
26179.5
26184.5
26189.5
26194.5
26199.5
26204.5
26209.5
26214.5
26219.5
26224.5
26229.5
26234.5
26239.5
26244.5
26249.5
26254.5
26259.5
26264.5
26269.5
26274.5
26279.5
26284.5
26289.5
26294.5
26299.5
26304.5
26309.5
26314.5
26319.5
26324.5
26329.5
26334.5
26339.5
26344.5
26349.5
26354.5
26359.5
26364.5
26369.5
26374.5
26379.5
26384.5
26389.5
26394.5
26399.5
26404.5
26409.5
26414.5
26419.5
26424.5
26429.5
26434.5
26439.5
26444.5
26449.5
26454.5
26459.5
26464.5
26469.5
26474.5
26479.5
26484.5
26489.5
26494.5
26499.5
26504.5
26509.5
26514.5
26519.5
26524.5
26529.5
26534.5
26539.5
26544.5
26549.5
26554.5
26559.5
26564.5
26569.5
26574.5
26579.5
26584.5
26589.5
26594.5
26599.5
26604.5
26609.5
26614.5
26619.5
26624.5
26629.5
26634.5
26639.5
26644.5
26649.5
26654.5
26659.5
26664.5
26669.5
26674.5
26679.5
26684.5
26689.5
26694.5
26699.5
26704.5
26709.5
26714.5
26719.5
26724.5
26729.5
26734.5
26739.5
26744.5
26749.5
26754.5
26759.5
26764.5
26769.5
26774.5
26779.5
26784.5
26789.5
26794.5
26799.5
26804.5
26809.5
26814.5
26819.5
26824.5
26829.5
26834.5
26839.5
26844.5
26849.5
26854.5
26859.5
26864.5
26869.5
26874.5
26879.5
26884.5
26889.5
26894.5
26899.5
26904.5
26909.5
26914.5
26919.5
26924.5
26929.5
26934.5
26939.5
26944.5
26949.5
26954.5
26959.5
26964.5
26969.5
26974.5
26979.5
26984.5
26989.5
26994.5
26999.5
27004.5
27009.5
27014.5
27019.5
27024.5
27029.5
27034.5
27039.5
27044.5
27049.5
27054.5
27059.5
27064.5
27069.5
27074.5
27079.5
27084.5
27089.5
27094.5
27099.5
27104.5
27109.5
27114.5
27119.5
27124.5
27129.5
27134.5
27139.5
27144.5
27149.5
27154.5
27159.5
27164.5
27169.5
27174.5
27179.5
27184.5
27189.5
27194.5
27199.5
27204.5
27209.5
27214.5
27219.5
27224.5
27229.5
27234.5
27239.5
27244.5
27249.5
27254.5
27259.5
27264.5
27269.5
27274.5
27279.5
27284.5
27289.5
27294.5
27299.5
27304.5
27309.5
27314.5
27319.5
27324.5
27329.5
27334.5
27339.5
27344.5
27349.5
27354.5
27359.5
27364.5
27369.5
27374.5
27379.5
27384.5
27389.5
27394.5
27399.5
27404.5
27409.5
27414.5
27419.5
27424.5
27429.5
27434.5
27439.5
27444.5
27449.5
27454.5
27459.5
27464.5
27469.5
27474.5
27479.5
27484.5
27489.5
27494.5
27499.5
27504.5
27509.5
27514.5
27519.5
27524.5
27529.5
27534.5
27539.5
27544.5
27549.5
27554.5
27559.5
27564.5
27569.5
27574.5
27579.5
27584.5
27589.5
27594.5
27599.5
27604.5
27609.5
27614.5
27619.5
27624.5
27629.5
27634.5
27639.5
27644.5
27649.5
27654.5
27659.5
27664.5
27669.5
27674.5
27679.5
27684.5
27689.5
27694.5
27699.5
27704.5
27709.5
27714.5
27719.5
27724.5
27729.5
27734.5
27739.5
27744.5
27749.5
27754.5
27759.5
27764.5
27769.5
27774.5
27779.5
27784.5
27789.5
27794.5
27799.5
27804.5
27809.5
27814.5
27819.5
27824.5
27829.5
27834.5
27839.5
27844.5
27849.5
27854.5
27859.5
27864.5
27869.5
27874.5
27879.5
27884.5
27889.5
27894.5
27899.5
27904.5
27909.5
27914.5
27919.5
27924.5
27929.5
27934.5
27939.5
27944.5
27949.5
27954.5
27959.5
27964.5
27969.5
27974.5
27979.5
27984.5
27989.5
27994.5
27999.5
28004.5
28009.5
28014.5
28019.5
28024.5
28029.5
28034.5
28039.5
28044.5
28049.5
28054.5
28059.5
28064.5
28069.5
28074.5
28079.5
28084.5
28089.5
28094.5
28099.5
28104.5
28109.5
28114.5
28119.5
28124.5
28129.5
28134.5
28139.5
28144.5
28149.5
28154.5
28159.5
28164.5
28169.5
28174.5
28179.5
28184.5
28189.5
28194.5
28199.5
28204.5
28209.5
28214.5
28219.5
28224.5
28229.5
28234.5
28239.5
28244.5
28249.5
28254.5
28259.5
28264.5
28269.5
28274.5
28279.5
28284.5
28289.5
28294.5
28299.5
28304.5
28309.5
28314.5
28319.5
28324.5
28329.5
28334.5
28339.5
28344.5
28349.5
28354.5
28359.5
28364.5
28369.5
28374.5
28379.5
28384.5
28389.5
28394.5
28399.5
28404.5
28409.5
28414.5
28419.5
28424.5
28429.5
28434.5
28439.5
28444.5
28449.5
28454.5
28459.5
28464.5
28469.5
28474.5
28479.5
28484.5
28489.5
28494.5
28499.5
28504.5
28509.5
28514.5
28519.5
28524.5
28529.5
28534.5
28539.5
28544.5
28549.5
28554.5
28559.5
28564.5
28569.5
28574.5
28579.5
28584.5
28589.5
28594.5
28599.5
28604.5
28609.5
28614.5
28619.5
28624.5
28629.5
28634.5
28639.5
28644.5
28649.5
28654.5
28659.5
28664.5
28669.5
28674.5
28679.5
28684.5
28689.5
28694.5
28699.5
28704.5
28709.5
28714.5
28719.5
28724.5
28729.5
28734.5
28739.5
28744.5
28749.5
28754.5
28759.5
28764.5
28769.5
28774.5
28779.5
28784.5
28789.5
28794.5
28799.5
28804.5
28809.5
28814.5
28819.5
28824.5
28829.5
28834.5
28839.5
28844.5
28849.5
28854.5
28859.5
28864.5
28869.5
28874.5
28879.5
28884.5
28889.5
28894.5
28899.5
28904.5
28909.5
28914.5
28919.5
28924.5
28929.5
28934.5
28939.5
28944.5
28949.5
28954.5
28959.5
28964.5
28969.5
28974.5
28979.5
28984.5
28989.5
28994.5
28999.5
29004.5
29009.5
29014.5
29019.5
29024.5
29029.5
29034.5
29039.5
29044.5
29049.5
29054.5
29059.5
29064.5
29069.5
29074.5
29079.5
29084.5
29089.5
29094.5
29099.5
29104.5
29109.5
29114.5
29119.5
29124.5
29129.5
29134.5
29139.5
29144.5
29149.5
29154.5
29159.5
29164.5
29169.5
29174.5
29179.5
29184.5
29189.5
29194.5
29199.5
29204.5
29209.5
29214.5
29219.5
29224.5
29229.5
29234.5
29239.5
29244.5
29249.5
29254.5
29259.5
29264.5
29269.5
29274.5
29279.5
29284.5
29289.5
29294.5
29299.5
29304.5
29309.5
29314.5
29319.5
29324.5
29329.5
29334.5
29339.5
29344.5
29349.5
29354.5
29359.5
29364.5
29369.5
29374.5
29379.5
29384.5
29389.5
29394.5
29399.5
29404.5
29409.5
29414.5
29419.5
29424.5
29429.5
29434.5
29439.5
29444.5
29449.5
29454.5
29459.5
29464.5
29469.5
29474.5
29479.5
29484.5
29489.5
29494.5
29499.5
29504.5
29509.5
29514.5
29519.5
29524.5
29529.5
29534.5
29539.5
29544.5
29549.5
29554.5
29559.5
29564.5
29569.5
29574.5
29579.5
29584.5
29589.5
29594.5
29599.5
29604.5
29609.5
29614.5
29619.5
29624.5
29629.5
29634.5
29639.5
29644.5
29649.5
29654.5
29659.5
29664.5
29669.5
29674.5
29679.5
29684.5
29689.5
29694.5
29699.5
29704.5
29709.5
29714.5
29719.5
29724.5
29729.5
29734.5
29739.5
29744.5
29749.5
29754.5
29759.5
29764.5
29769.5
29774.5
29779.5
29784.5
29789.5
29794.5
29799.5
29804.5
29809.5
29814.5
29819.5
29824.5
29829.5
29834.5
29839.5
29844.5
29849.5
29854.5
29859.5
29864.5
29869.5
29874.5
29879.5
29884.5
29889.5
29894.5
29899.5
29904.5
29909.5
29914.5
29919.5
29924.5
29929.5
29934.5
29939.5
29944.5
29949.5
29954.5
29959.5
29964.5
29969.5
29974.5
29979.5
29984.5
29989.5
29994.5
29999.5
30004.5
30009.5
30014.5
30019.5
30024.5
30029.5
30034.5
30039.5
30044.5
30049.5
30054.5
30059.5
30064.5
30069.5
30074.5
30079.5
30084.5
30089.5
30094.5
30099.5
30104.5
30109.5
30114.5
30119.5
30124.5
30129.5
30134.5
30139.5
30144.5
30149.5
30154.5
30159.5
30164.5
30169.5
30174.5
30179.5
30184.5
30189.5
30194.5
30199.5
30204.5
30209.5
30214.5
30219.5
30224.5
30229.5
30234.5
30239.5
30244.5
30249.5
30254.5
30259.5
30264.5
30269.5
30274.5
30279.5
30284.5
30289.5
30294.5
30299.5
30304.5
30309.5
30314.5
30319.5
30324.5
30329.5
30334.5
30339.5
30344.5
30349.5
30354.5
30359.5
30364.5
30369.5
30374.5
30379.5
30384.5
30389.5
30394.5
30399.5
30404.5
30409.5
30414.5
30419.5
30424.5
30429.5
30434.5
30439.5
30444.5
30449.5
30454.5
30459.5
30464.5
30469.5
30474.5
30479.5
30484.5
30489.5
30494.5
30499.5
30504.5
30509.5
30514.5
30519.5
30524.5
30529.5
30534.5
30539.5
30544.5
30549.5
30554.5
30559.5
30564.5
30569.5
30574.5
30579.5
30584.5
30589.5
30594.5
30599.5
30604.5
30609.5
30614.5
30619.5
30624.5
30629.5
30634.5
30639.5
30644.5
30649.5
30654.5
30659.5
30664.5
30669.5
30674.5
30679.5
30684.5
30689.5
30694.5
30699.5
30704.5
30709.5
30714.5
30719.5
30724.5
30729.5
30734.5
30739.5
30744.5
30749.5
30754.5
30759.5
30764.5
30769.5
30774.5
30779.5
30784.5
30789.5
30794.5
30799.5
30804.5
30809.5
30814.5
30819.5
30824.5
30829.5
30834.5
30839.5
30844.5
30849.5
30854.5
30859.5
30864.5
30869.5
30874.5
30879.5
30884.5
30889.5
30894.5
30899.5
30904.5
30909.5
30914.5
30919.5
30924.5
30929.5
30934.5
30939.5
30944.5
30949.5
30954.5
30959.5
30964.5
30969.5
30974.5
30979.5
30984.5
30989.5
30994.5
30999.5
31004.5
31009.5
31014.5
31019.5
31024.5
31029.5
31034.5
31039.5
31044.5
31049.5
31054.5
31059.5
31064.5
31069.5
31074.5
31079.5
31084.5
31089.5
31094.5
31099.5
31104.5
31109.5
31114.5
31119.5
31124.5
31129.5
31134.5
31139.5
31144.5
31149.5
31154.5
31159.5
31164.5
31169.5
31174.5
31179.5
31184.5
31189.5
31194.5
31199.5
31204.5
31209.5
31214.5
31219.5
31224.5
31229.5
31234.5
31239.5
31244.5
31249.5
31254.5
31259.5
31264.5
31269.5
31274.5
31279.5
31284.5
31289.5
31294.5
31299.5
31304.5
31309.5
31314.5
31319.5
31324.5
31329.5
31334.5
31339.5
31344.5
31349.5
31354.5
31359.5
31364.5
31369.5
31374.5
31379.5
31384.5
31389.5
31394.5
31399.5
31404.5
31409.5
31414.5
31419.5
31424.5
31429.5
31434.5
31439.5
31444.5
31449.5
31454.5
31459.5
31464.5
31469.5
31474.5
31479.5
31484.5
31489.5
31494.5
31499.5
31504.5
31509.5
31514.5
31519.5
31524.5
31529.5
31534.5
31539.5
31544.5
31549.5
31554.5
31559.5
31564.5
31569.5
31574.5
31579.5
31584.5
31589.5
31594.5
31599.5
31604.5
31609.5
31614.5
31619.5
31624.5
31629.5
31634.5
31639.5
31644.5
31649.5
31654.5
31659.5
31664.5
31669.5
31674.5
31679.5
31684.5
31689.5
31694.5
31699.5
31704.5
31709.5
31714.5
31719.5
31724.5
31729.5
31734.5
31739.5
31744.5
31749.5
31754.5
31759.5
31764.5
31769.5
31774.5
31779.5
31784.5
31789.5
31794.5
31799.5
31804.5
31809.5
31814.5
31819.5
31824.5
31829.5
31834.5
31839.5
31844.5
31849.5
31854.5
31859.5
31864.5
31869.5
31874.5
31879.5
31884.5
31889.5
31894.5
31899.5
31904.5
31909.5
31914.5
31919.5
31924.5
31929.5
31934.5
31939.5
31944.5
31949.5
31954.5
31959.5
31964.5
31969.5
31974.5
31979.5
31984.5
31989.5
31994.5
31999.5
32004.5
32009.5
32014.5
32019.5
32024.5
32029.5
32034.5
32039.5
32044.5
32049.5
32054.5
32059.5
32064.5
32069.5
32074.5
32079.5
32084.5
32089.5
32094.5
32099.5
32104.5
32109.5
32114.5
32119.5
32124.5
32129.5
32134.5
32139.5
32144.5
32149.5
32154.5
32159.5
32164.5
32169.5
32174.5
32179.5
32184.5
32189.5
32194.5
32199.5
32204.5
32209.5
32214.5
32219.5
32224.5
32229.5
32234.5
32239.5
32244.5
32249.5
32254.5
32259.5
32264.5
32269.5
32274.5
32279.5
32284.5
32289.5
32294.5
32299.5
32304.5
32309.5
32314.5
32319.5
32324.5
32329.5
32334.5
32339.5
32344.5
32349.5
32354.5
32359.5
32364.5
32369.5
32374.5
32379.5
32384.5
32389.5
32394.5
32399.5
32404.5
32409.5
32414.5
32419.5
32424.5
32429.5
32434.5
32439.5
32444.5
32449.5
32454.5
32459.5
32464.5
32469.5
32474.5
32479.5
32484.5
32489.5
32494.5
32499.5
32504.5
32509.5
32514.5
32519.5
32524.5
32529.5
32534.5
32539.5
32544.5
32549.5
32554.5
32559.5
32564.5
32569.5
32574.5
32579.5
32584.5
32589.5
32594.5
32599.5
32604.5
32609.5
32614.5
32619.5
32624.5
32629.5
32634.5
32639.5
32644.5
32649.5
32654.5
32659.5
32664.5
32669.5
32674.5
32679.5
32684.5
32689.5
32694.5
32699.5
32704.5
32709.5
32714.5
32719.5
32724.5
32729.5
32734.5
32739.5
32744.5
32749.5
32754.5
32759.5
32764.5
32769.5
32774.5
32779.5
32784.5
32789.5
32794.5
32799.5
32804.5
32809.5
32814.5
32819.5
32824.5
32829.5
32834.5
32839.5
32844.5
32849.5
32854.5
32859.5
32864.5
32869.5
32874.5
32879.5
32884.5
32889.5
32894.5
32899.5
32904.5
32909.5
32914.5
32919.5
32924.5
32929.5
32934.5
32939.5
32944.5
32949.5
32954.5
32959.5
32964.5
32969.5
32974.5
32979.5
32984.5
32989.5
32994.5
32999.5
33004.5
33009.5
33014.5
33019.5
33024.5
33029.5
33034.5
33039.5
33044.5
33049.5
33054.5
33059.5
33064.5
33069.5
33074.5
33079.5
33084.5
33089.5
33094.5
33099.5
33104.5
33109.5
33114.5
33119.5
33124.5
33129.5
33134.5
33139.5
33144.5
33149.5
33154.5
33159.5
33164.5
33169.5
33174.5
33179.5
33184.5
33189.5
33194.5
33199.5
33204.5
33209.5
33214.5
33219.5
33224.5
33229.5
33234.5
33239.5
33244.5
33249.5
33254.5
33259.5
33264.5
33269.5
33274.5
33279.5
33284.5
33289.5
33294.5
33299.5
33304.5
33309.5
33314.5
33319.5
33324.5
33329.5
33334.5
33339.5
33344.5
33349.5
33354.5
33359.5
33364.5
33369.5
33374.5
33379.5
33384.5
33389.5
33394.5
33399.5
33404.5
33409.5
33414.5
33419.5
33424.5
33429.5
33434.5
33439.5
33444.5
33449.5
33454.5
33459.5
33464.5
33469.5
33474.5
33479.5
33484.5
33489.5
33494.5
33499.5
33504.5
33509.5
33514.5
33519.5
33524.5
33529.5
33534.5
33539.5
33544.5
33549.5
33554.5
33559.5
33564.5
33569.5
33574.5
33579.5
33584.5
33589.5
33594.5
33599.5
33604.5
33609.5
33614.5
33619.5
33624.5
33629.5
33634.5
33639.5
33644.5
33649.5
33654.5
33659.5
33664.5
33669.5
33674.5
33679.5
33684.5
33689.5
33694.5
33699.5
33704.5
33709.5
33714.5
33719.5
33724.5
33729.5
33734.5
33739.5
33744.5
33749.5
33754.5
33759.5
33764.5
33769.5
33774.5
33779.5
33784.5
33789.5
33794.5
33799.5
33804.5
33809.5
33814.5
33819.5
33824.5
33829.5
33834.5
33839.5
33844.5
33849.5
33854.5
33859.5
33864.5
33869.5
33874.5
33879.5
33884.5
33889.5
33894.5
33899.5
33904.5
33909.5
33914.5
33919.5
33924.5
33929.5
33934.5
33939.5
33944.5
33949.5
33954.5
33959.5
33964.5
33969.5
33974.5
33979.5
33984.5
33989.5
33994.5
33999.5
34004.5
34009.5
34014.5
34019.5
34024.5
34029.5
34034.5
34039.5
34044.5
34049.5
34054.5
34059.5
34064.5
34069.5
34074.5
34079.5
34084.5
34089.5
34094.5
34099.5
34104.5
34109.5
34114.5
34119.5
34124.5
34129.5
34134.5
34139.5
34144.5
34149.5
34154.5
34159.5
34164.5
34169.5
34174.5
34179.5
34184.5
34189.5
34194.5
34199.5
34204.5
34209.5
34214.5
34219.5
34224.5
34229.5
34234.5
34239.5
34244.5
34249.5
34254.5
34259.5
34264.5
34269.5
34274.5
34279.5
34284.5
34289.5
34294.5
34299.5
34304.5
34309.5
34314.5
34319.5
34324.5
34329.5
34334.5
34339.5
34344.5
34349.5
34354.5
34359.5
34364.5
34369.5
34374.5
34379.5
34384.5
34389.5
34394.5
34399.5
34404.5
34409.5
34414.5
34419.5
34424.5
34429.5
34434.5
34439.5
34444.5
34449.5
34454.5
34459.5
34464.5
34469.5
34474.5
34479.5
34484.5
34489.5
34494.5
34499.5
34504.5
34509.5
34514.5
34519.5
34524.5
34529.5
34534.5
34539.5
34544.5
34549.5
34554.5
34559.5
34564.5
34569.5
34574.5
34579.5
34584.5
34589.5
34594.5
34599.5
34604.5
34609.5
34614.5
34619.5
34624.5
34629.5
34634.5
34639.5
34644.5
34649.5
34654.5
34659.5
34664.5
34669.5
34674.5
34679.5
34684.5
34689.5
34694.5
34699.5
34704.5
34709.5
34714.5
34719.5
34724.5
34729.5
34734.5
34739.5
34744.5
34749.5
34754.5
34759.5
34764.5
34769.5
34774.5
34779.5
34784.5
34789.5
34794.5
34799.5
34804.5
34809.5
34814.5
34819.5
34824.5
34829.5
34834.5
34839.5
34844.5
34849.5
34854.5
34859.5
34864.5
34869.5
34874.5
34879.5
34884.5
34889.5
34894.5
34899.5
34904.5
34909.5
34914.5
34919.5
34924.5
34929.5
34934.5
34939.5
34944.5
34949.5
34954.5
34959.5
34964.5
34969.5
34974.5
34979.5
34984.5
34989.5
34994.5
34999.5
35004.5
35009.5
35014.5
35019.5
35024.5
35029.5
35034.5
35039.5
35044.5
35049.5
35054.5
35059.5
35064.5
35069.5
35074.5
35079.5
35084.5
35089.5
35094.5
35099.5
35104.5
35109.5
35114.5
35119.5
35124.5
35129.5
35134.5
35139.5
35144.5
35149.5
35154.5
35159.5
35164.5
35169.5
35174.5
35179.5
35184.5
35189.5
35194.5
35199.5
35204.5
35209.5
35214.5
35219.5
35224.5
35229.5
35234.5
35239.5
35244.5
35249.5
35254.5
35259.5
35264.5
35269.5
35274.5
35279.5
35284.5
35289.5
35294.5
35299.5
35304.5
35309.5
35314.5
35319.5
35324.5
35329.5
35334.5
35339.5
35344.5
35349.5
35354.5
35359.5
35364.5
35369.5
35374.5
35379.5
35384.5
35389.5
35394.5
35399.5
35404.5
35409.5
35414.5
35419.5
35424.5
35429.5
35434.5
35439.5
35444.5
35449.5
35454.5
35459.5
35464.5
35469.5
35474.5
35479.5
35484.5
35489.5
35494.5
35499.5
35504.5
35509.5
35514.5
35519.5
35524.5
35529.5
35534.5
35539.5
35544.5
35549.5
35554.5
35559.5
35564.5
35569.5
35574.5
35579.5
35584.5
35589.5
35594.5
35599.5
35604.5
35609.5
35614.5
35619.5
35624.5
35629.5
35634.5
35639.5
35644.5
35649.5
35654.5
35659.5
35664.5
35669.5
35674.5
35679.5
35684.5
35689.5
35694.5
35699.5
35704.5
35709.5
35714.5
35719.5
35724.5
35729.5
35734.5
35739.5
35744.5
35749.5
35754.5
35759.5
35764.5
35769.5
35774.5
35779.5
35784.5
35789.5
35794.5
35799.5
35804.5
35809.5
35814.5
35819.5
35824.5
35829.5
35834.5
35839.5
35844.5
35849.5
35854.5
35859.5
35864.5
35869.5
35874.5
35879.5
35884.5
35889.5
35894.5
35899.5
35904.5
35909.5
35914.5
35919.5
35924.5
35929.5
35934.5
35939.5
35944.5
35949.5
35954.5
35959.5
35964.5
35969.5
35974.5
35979.5
35984.5
35989.5
35994.5
35999.5
36004.5
36009.5
36014.5
36019.5
36024.5
36029.5
36034.5
36039.5
36044.5
36049.5
36054.5
36059.5
36064.5
36069.5
36074.5
36079.5
36084.5
36089.5
36094.5
36099.5
36104.5
36109.5
36114.5
36119.5
36124.5
36129.5
36134.5
36139.5
36144.5
36149.5
36154.5
36159.5
36164.5
36169.5
36174.5
36179.5
36184.5
36189.5
36194.5
36199.5
36204.5
36209.5
36214.5
36219.5
36224.5
36229.5
36234.5
36239.5
36244.5
36249.5
36254.5
36259.5
36264.5
36269.5
36274.5
36279.5
36284.5
36289.5
36294.5
36299.5
36304.5
36309.5
36314.5
36319.5
36324.5
36329.5
36334.5
36339.5
36344.5
36349.5
36354.5
36359.5
36364.5
36369.5
36374.5
36379.5
36384.5
36389.5
36394.5
36399.5
36404.5
36409.5
36414.5
36419.5
36424.5
36429.5
36434.5
36439.5
36444.5
36449.5
36454.5
36459.5
36464.5
36469.5
36474.5
36479.5
36484.5
36489.5
36494.5
36499.5
36504.5
36509.5
36514.5
36519.5
36524.5
36529.5
36534.5
36539.5
36544.5
36549.5
36554.5
36559.5
36564.5
36569.5
36574.5
36579.5
36584.5
36589.5
36594.5
36599.5
36604.5
36609.5
36614.5
36619.5
36624.5
36629.5
36634.5
36639.5
36644.5
36649.5
36654.5
36659.5
36664.5
36669.5
36674.5
36679.5
36684.5
36689.5
36694.5
36699.5
36704.5
36709.5
36714.5
36719.5
36724.5
36729.5
36734.5
36739.5
36744.5
36749.5
36754.5
36759.5
36764.5
36769.5
36774.5
36779.5
36784.5
36789.5
36794.5
36799.5
36804.5
36809.5
36814.5
36819.5
36824.5
36829.5
36834.5
36839.5
36844.5
36849.5
36854.5
36859.5
36864.5
36869.5
36874.5
36879.5
36884.5
36889.5
36894.5
36899.5
36904.5
36909.5
36914.5
36919.5
36924.5
36929.5
36934.5
36939.5
36944.5
36949.5
36954.5
36959.5
36964.5
36969.5
36974.5
36979.5
36984.5
36989.5
36994.5
36999.5
37004.5
37009.5
37014.5
37019.5
37024.5
37029.5
37034.5
37039.5
37044.5
37049.5
37054.5
37059.5
37064.5
37069.5
37074.5
37079.5
37084.5
37089.5
37094.5
37099.5
37104.5
37109.5
37114.5
37119.5
37124.5
37129.5
37134.5
37139.5
37144.5
37149.5
37154.5
37159.5
37164.5
37169.5
37174.5
37179.5
37184.5
37189.5
37194.5
37199.5
37204.5
37209.5
37214.5
37219.5
37224.5
37229.5
37234.5
37239.5
37244.5
37249.5
37254.5
37259.5
37264.5
37269.5
37274.5
37279.5
37284.5
37289.5
37294.5
37299.5
37304.5
37309.5
37314.5
37319.5
37324.5
37329.5
37334.5
37339.5
37344.5
37349.5
37354.5
37359.5
37364.5
37369.5
37374.5
37379.5
37384.5
37389.5
37394.5
37399.5
37404.5
37409.5
37414.5
37419.5
37424.5
37429.5
37434.5
37439.5
37444.5
37449.5
37454.5
37459.5
37464.5
37469.5
37474.5
37479.5
37484.5
37489.5
37494.5
37499.5
37504.5
37509.5
37514.5
37519.5
37524.5
37529.5
37534.5
37539.5
37544.5
37549.5
37554.5
37559.5
37564.5
37569.5
37574.5
37579.5
37584.5
37589.5
37594.5
37599.5
37604.5
37609.5
37614.5
37619.5
37624.5
37629.5
37634.5
37639.5
37644.5
37649.5
37654.5
37659.5
37664.5
37669.5
37674.5
37679.5
37684.5
37689.5
37694.5
37699.5
37704.5
37709.5
37714.5
37719.5
37724.5
37729.5
37734.5
37739.5
37744.5
37749.5
37754.5
37759.5
37764.5
37769.5
37774.5
37779.5
37784.5
37789.5
37794.5
37799.5
37804.5
37809.5
37814.5
37819.5
37824.5
37829.5
37834.5
37839.5
37844.5
37849.5
37854.5
37859.5
37864.5
37869.5
37874.5
37879.5
37884.5
37889.5
37894.5
37899.5
37904.5
37909.5
37914.5
37919.5
37924.5
37929.5
37934.5
37939.5
37944.5
37949.5
37954.5
37959.5
37964.5
37969.5
37974.5
37979.5
37984.5
37989.5
37994.5
37999.5
38004.5
38009.5
38014.5
38019.5
38024.5
38029.5
38034.5
38039.5
38044.5
38049.5
38054.5
38059.5
38064.5
38069.5
38074.5
38079.5
38084.5
38089.5
38094.5
38099.5
38104.5
38109.5
38114.5
38119.5
38124.5
38129.5
38134.5
38139.5
38144.5
38149.5
38154.5
38159.5
38164.5
38169.5
38174.5
38179.5
38184.5
38189.5
38194.5
38199.5
38204.5
38209.5
38214.5
38219.5
38224.5
38229.5
38234.5
38239.5
38244.5
38249.5
38254.5
38259.5
38264.5
38269.5
38274.5
38279.5
38284.5
38289.5
38294.5
38299.5
38304.5
38309.5
38314.5
38319.5
38324.5
38329.5
38334.5
38339.5
38344.5
38349.5
38354.5
38359.5
38364.5
38369.5
38374.5
38379.5
38384.5
38389.5
38394.5
38399.5
38404.5
38409.5
38414.5
38419.5
38424.5
38429.5
38434.5
38439.5
38444.5
38449.5
38454.5
38459.5
38464.5
38469.5
38474.5
38479.5
38484.5
38489.5
38494.5
38499.5
38504.5
38509.5
38514.5
38519.5
38524.5
38529.5
38534.5
38539.5
38544.5
38549.5
38554.5
38559.5
38564.5
38569.5
38574.5
38579.5
38584.5
38589.5
38594.5
38599.5
38604.5
38609.5
38614.5
38619.5
38624.5
38629.5
38634.5
38639.5
38644.5
38649.5
38654.5
38659.5
38664.5
38669.5
38674.5
38679.5
38684.5
38689.5
38694.5
38699.5
38704.5
38709.5
38714.5
38719.5
38724.5
38729.5
38734.5
38739.5
38744.5
38749.5
38754.5
38759.5
38764.5
38769.5
38774.5
38779.5
38784.5
38789.5
38794.5
38799.5
38804.5
38809.5
38814.5
38819.5
38824.5
38829.5
38834.5
38839.5
38844.5
38849.5
38854.5
38859.5
38864.5
38869.5
38874.5
38879.5
38884.5
38889.5
38894.5
38899.5
38904.5
38909.5
38914.5
38919.5
38924.5
38929.5
38934.5
38939.5
38944.5
38949.5
38954.5
38959.5
38964.5
38969.5
38974.5
38979.5
38984.5
38989.5
38994.5
38999.5
39004.5
39009.5
39014.5
39019.5
39024.5
39029.5
39034.5
39039.5
39044.5
39049.5
39054.5
39059.5
39064.5
39069.5
39074.5
39079.5
39084.5
39089.5
39094.5
39099.5
39104.5
39109.5
39114.5
39119.5
39124.5
39129.5
39134.5
39139.5
39144.5
39149.5
39154.5
39159.5
39164.5
39169.5
39174.5
39179.5
39184.5
39189.5
39194.5
39199.5
39204.5
39209.5
39214.5
39219.5
39224.5
39229.5
39234.5
39239.5
39244.5
39249.5
39254.5
39259.5
39264.5
39269.5
39274.5
39279.5
39284.5
39289.5
39294.5
39299.5
39304.5
39309.5
39314.5
39319.5
39324.5
39329.5
39334.5
39339.5
39344.5
39349.5
39354.5
39359.5
39364.5
39369.5
39374.5
39379.5
39384.5
39389.5
39394.5
39399.5
39404.5
39409.5
39414.5
39419.5
39424.5
39429.5
39434.5
39439.5
39444.5
39449.5
39454.5
39459.5
39464.5
39469.5
39474.5
39479.5
39484.5
39489.5
39494.5
39499.5
39504.5
39509.5
39514.5
39519.5
39524.5
39529.5
39534.5
39539.5
39544.5
39549.5
39554.5
39559.5
39564.5
39569.5
39574.5
39579.5
39584.5
39589.5
39594.5
39599.5
39604.5
39609.5
39614.5
39619.5
39624.5
39629.5
39634.5
39639.5
39644.5
39649.5
39654.5
39659.5
39664.5
39669.5
39674.5
39679.5
39684.5
39689.5
39694.5
39699.5
39704.5
39709.5
39714.5
39719.5
39724.5
39729.5
39734.5
39739.5
39744.5
39749.5
39754.5
39759.5
39764.5
39769.5
39774.5
39779.5
39784.5
39789.5
39794.5
39799.5
39804.5
39809.5
39814.5
39819.5
39824.5
39829.5
39834.5
39839.5
39844.5
39849.5
39854.5
39859.5
39864.5
39869.5
39874.5
39879.5
39884.5
39889.5
39894.5
39899.5
39904.5
39909.5
39914.5
39919.5
39924.5
39929.5
39934.5
39939.5
39944.5
39949.5
39954.5
39959.5
39964.5
39969.5
39974.5
39979.5
39984.5
39989.5
39994.5
39999.5
40004.5
40009.5
40014.5
40019.5
40024.5
40029.5
40034.5
40039.5
40044.5
40049.5
40054.5
40059.5
40064.5
40069.5
40074.5
40079.5
40084.5
40089.5
40094.5
40099.5
40104.5
40109.5
40114.5
40119.5
40124.5
40129.5
40134.5
40139.5
40144.5
40149.5
40154.5
40159.5
40164.5
40169.5
40174.5
40179.5
40184.5
40189.5
40194.5
40199.5
40204.5
40209.5
40214.5
40219.5
40224.5
40229.5
40234.5
40239.5
40244.5
40249.5
40254.5
40259.5
40264.5
40269.5
40274.5
40279.5
40284.5
40289.5
40294.5
40299.5
40304.5
40309.5
40314.5
40319.5
40324.5
40329.5
40334.5
40339.5
40344.5
40349.5
40354.5
40359.5
40364.5
40369.5
40374.5
40379.5
40384.5
40389.5
40394.5
40399.5
40404.5
40409.5
40414.5
40419.5
40424.5
40429.5
40434.5
40439.5
40444.5
40449.5
40454.5
40459.5
40464.5
40469.5
40474.5
40479.5
40484.5
40489.5
40494.5
40499.5
40504.5
40509.5
40514.5
40519.5
40524.5
40529.5
40534.5
40539.5
40544.5
40549.5
40554.5
40559.5
40564.5
40569.5
40574.5
40579.5
40584.5
40589.5
40594.5
40599.5
40604.5
40609.5
40614.5
40619.5
40624.5
40629.5
40634.5
40639.5
40644.5
40649.5
40654.5
40659.5
40664.5
40669.5
40674.5
40679.5
40684.5
40689.5
40694.5
40699.5
40704.5
40709.5
40714.5
40719.5
40724.5
40729.5
40734.5
40739.5
40744.5
40749.5
40754.5
40759.5
40764.5
40769.5
40774.5
40779.5
40784.5
40789.5
40794.5
40799.5
40804.5
40809.5
40814.5
40819.5
40824.5
40829.5
40834.5
40839.5
40844.5
40849.5
40854.5
40859.5
40864.5
40869.5
40874.5
40879.5
40884.5
40889.5
40894.5
40899.5
40904.5
40909.5
40914.5
40919.5
40924.5
40929.5
40934.5
40939.5
40944.5
40949.5
40954.5
40959.5
40964.5
40969.5
40974.5
40979.5
40984.5
40989.5
40994.5
40999.5
41004.5
41009.5
41014.5
41019.5
41024.5
41029.5
41034.5
41039.5
41044.5
41049.5
41054.5
41059.5
41064.5
41069.5
41074.5
41079.5
41084.5
41089.5
41094.5
41099.5
41104.5
41109.5
41114.5
41119.5
41124.5
41129.5
41134.5
41139.5
41144.5
41149.5
41154.5
41159.5
41164.5
41169.5
41174.5
41179.5
41184.5
41189.5
41194.5
41199.5
41204.5
41209.5
41214.5
41219.5
41224.5
41229.5
41234.5
41239.5
41244.5
41249.5
41254.5
41259.5
41264.5
41269.5
41274.5
41279.5
41284.5
41289.5
41294.5
41299.5
41304.5
41309.5
41314.5
41319.5
41324.5
41329.5
41334.5
41339.5
41344.5
41349.5
41354.5
41359.5
41364.5
41369.5
41374.5
41379.5
41384.5
41389.5
41394.5
41399.5
41404.5
41409.5
41414.5
41419.5
41424.5
41429.5
41434.5
41439.5
41444.5
41449.5
41454.5
41459.5
41464.5
41469.5
41474.5
41479.5
41484.5
41489.5
41494.5
41499.5
41504.5
41509.5
41514.5
41519.5
41524.5
41529.5
41534.5
41539.5
41544.5
41549.5
41554.5
41559.5
41564.5
41569.5
41574.5
41579.5
41584.5
41589.5
41594.5
41599.5
41604.5
41609.5
41614.5
41619.5
41624.5
41629.5
41634.5
41639.5
41644.5
41649.5
41654.5
41659.5
41664.5
41669.5
41674.5
41679.5
41684.5
41689.5
41694.5
41699.5
41704.5
41709.5
41714.5
41719.5
41724.5
41729.5
41734.5
41739.5
41744.5
41749.5
41754.5
41759.5
41764.5
41769.5
41774.5
41779.5
41784.5
41789.5
41794.5
41799.5
41804.5
41809.5
41814.5
41819.5
41824.5
41829.5
41834.5
41839.5
41844.5
41849.5
41854.5
41859.5
41864.5
41869.5
41874.5
41879.5
41884.5
41889.5
41894.5
41899.5
41904.5
41909.5
41914.5
41919.5
41924.5
41929.5
41934.5
41939.5
41944.5
41949.5
41954.5
41959.5
41964.5
41969.5
41974.5
41979.5
41984.5
41989.5
41994.5
41999.5
42004.5
42009.5
42014.5
42019.5
42024.5
42029.5
42034.5
42039.5
42044.5
42049.5
42054.5
42059.5
42064.5
42069.5
42074.5
42079.5
42084.5
42089.5
42094.5
42099.5
42104.5
42109.5
42114.5
42119.5
42124.5
42129.5
42134.5
42139.5
42144.5
42149.5
42154.5
42159.5
42164.5
42169.5
42174.5
42179.5
42184.5
42189.5
42194.5
42199.5
42204.5
42209.5
42214.5
42219.5
42224.5
42229.5
42234.5
42239.5
42244.5
42249.5
42254.5
42259.5
42264.5
42269.5
42274.5
42279.5
42284.5
42289.5
42294.5
42299.5
42304.5
42309.5
42314.5
42319.5
42324.5
42329.5
42334.5
42339.5
42344.5
42349.5
42354.5
42359.5
42364.5
42369.5
42374.5
42379.5
42384.5
42389.5
42394.5
42399.5
42404.5
42409.5
42414.5
42419.5
42424.5
42429.5
42434.5
42439.5
42444.5
42449.5
42454.5
42459.5
42464.5
42469.5
42474.5
42479.5
42484.5
42489.5
42494.5
42499.5
42504.5
42509.5
42514.5
42519.5
42524.5
42529.5
42534.5
42539.5
42544.5
42549.5
42554.5
42559.5
42564.5
42569.5
42574.5
42579.5
42584.5
42589.5
42594.5
42599.5
42604.5
42609.5
42614.5
42619.5
42624.5
42629.5
42634.5
42639.5
42644.5
42649.5
42654.5
42659.5
42664.5
42669.5
42674.5
42679.5
42684.5
42689.5
42694.5
42699.5
42704.5
42709.5
42714.5
42719.5
42724.5
42729.5
42734.5
42739.5
42744.5
42749.5
42754.5
42759.5
42764.5
42769.5
42774.5
42779.5
42784.5
42789.5
42794.5
42799.5
42804.5
42809.5
42814.5
42819.5
42824.5
42829.5
42834.5
42839.5
42844.5
42849.5
42854.5
42859.5
42864.5
42869.5
42874.5
42879.5
42884.5
42889.5
42894.5
42899.5
42904.5
42909.5
42914.5
42919.5
42924.5
42929.5
42934.5
42939.5
42944.5
42949.5
42954.5
42959.5
42964.5
42969.5
42974.5
42979.5
42984.5
42989.5
42994.5
42999.5
43004.5
43009.5
43014.5
43019.5
43024.5
43029.5
43034.5
43039.5
43044.5
43049.5
43054.5
43059.5
43064.5
43069.5
43074.5
43079.5
43084.5
43089.5
43094.5
43099.5
43104.5
43109.5
43114.5
43119.5
43124.5
43129.5
43134.5
43139.5
43144.5
43149.5
43154.5
43159.5
43164.5
43169.5
43174.5
43179.5
43184.5
43189.5
43194.5
43199.5
43204.5
43209.5
43214.5
43219.5
43224.5
43229.5
43234.5
43239.5
43244.5
43249.5
43254.5
43259.5
43264.5
43269.5
43274.5
43279.5
43284.5
43289.5
43294.5
43299.5
43304.5
43309.5
43314.5
43319.5
43324.5
43329.5
43334.5
43339.5
43344.5
43349.5
43354.5
43359.5
43364.5
43369.5
43374.5
43379.5
43384.5
43389.5
43394.5
43399.5
43404.5
43409.5
43414.5
43419.5
43424.5
43429.5
43434.5
43439.5
43444.5
43449.5
43454.5
43459.5
43464.5
43469.5
43474.5
43479.5
43484.5
43489.5
43494.5
43499.5
43504.5
43509.5
43514.5
43519.5
43524.5
43529.5
43534.5
43539.5
43544.5
43549.5
43554.5
43559.5
43564.5
43569.5
43574.5
43579.5
43584.5
43589.5
43594.5
43599.5
43604.5
43609.5
43614.5
43619.5
43624.5
43629.5
43634.5
43639.5
43644.5
43649.5
43654.5
43659.5
43664.5
43669.5
43674.5
43679.5
43684.5
43689.5
43694.5
43699.5
43704.5
43709.5
43714.5
43719.5
43724.5
43729.5
43734.5
43739.5
43744.5
43749.5
43754.5
43759.5
43764.5
43769.5
43774.5
43779.5
43784.5
43789.5
43794.5
43799.5
43804.5
43809.5
43814.5
43819.5
43824.5
43829.5
43834.5
43839.5
43844.5
43849.5
43854.5
43859.5
43864.5
43869.5
43874.5
43879.5
43884.5
43889.5
43894.5
43899.5
43904.5
43909.5
43914.5
43919.5
43924.5
43929.5
43934.5
43939.5
43944.5
43949.5
43954.5
43959.5
43964.5
43969.5
43974.5
43979.5
43984.5
43989.5
43994.5
43999.5
44004.5
44009.5
44014.5
44019.5
44024.5
44029.5
44034.5
44039.5
44044.5
44049.5
44054.5
44059.5
44064.5
44069.5
44074.5
44079.5
44084.5
44089.5
44094.5
44099.5
44104.5
44109.5
44114.5
44119.5
44124.5
44129.5
44134.5
44139.5
44144.5
44149.5
44154.5
44159.5
44164.5
44169.5
44174.5
44179.5
44184.5
44189.5
44194.5
44199.5
44204.5
44209.5
44214.5
44219.5
44224.5
44229.5
44234.5
44239.5
44244.5
44249.5
44254.5
44259.5
44264.5
44269.5
44274.5
44279.5
44284.5
44289.5
44294.5
44299.5
44304.5
44309.5
44314.5
44319.5
44324.5
44329.5
44334.5
44339.5
44344.5
44349.5
44354.5
44359.5
44364.5
44369.5
44374.5
44379.5
44384.5
44389.5
44394.5
44399.5
44404.5
44409.5
44414.5
44419.5
44424.5
44429.5
44434.5
44439.5
44444.5
44449.5
44454.5
44459.5
44464.5
44469.5
44474.5
44479.5
44484.5
44489.5
44494.5
44499.5
44504.5
44509.5
44514.5
44519.5
44524.5
44529.5
44534.5
44539.5
44544.5
44549.5
44554.5
44559.5
44564.5
44569.5
44574.5
44579.5
44584.5
44589.5
44594.5
44599.5
44604.5
44609.5
44614.5
44619.5
44624.5
44629.5
44634.5
44639.5
44644.5
44649.5
44654.5
44659.5
44664.5
44669.5
44674.5
44679.5
44684.5
44689.5
44694.5
44699.5
44704.5
44709.5
44714.5
44719.5
44724.5
44729.5
44734.5
44739.5
44744.5
44749.5
44754.5
44759.5
44764.5
44769.5
44774.5
44779.5
44784.5
44789.5
44794.5
44799.5
44804.5
44809.5
44814.5
44819.5
44824.5
44829.5
44834.5
44839.5
44844.5
44849.5
44854.5
44859.5
44864.5
44869.5
44874.5
44879.5
44884.5
44889.5
44894.5
44899.5
44904.5
44909.5
44914.5
44919.5
44924.5
44929.5
44934.5
44939.5
44944.5
44949.5
44954.5
44959.5
44964.5
44969.5
44974.5
44979.5
44984.5
44989.5
44994.5
44999.5
45004.5
45009.5
45014.5
45019.5
45024.5
45029.5
45034.5
45039.5
45044.5
45049.5
45054.5
45059.5
45064.5
45069.5
45074.5
45079.5
45084.5
45089.5
45094.5
45099.5
45104.5
45109.5
45114.5
45119.5
45124.5
45129.5
45134.5
45139.5
45144.5
45149.5
45154.5
45159.5
45164.5
45169.5
45174.5
45179.5
45184.5
45189.5
45194.5
45199.5
45204.5
45209.5
45214.5
45219.5
45224.5
45229.5
45234.5
45239.5
45244.5
45249.5
45254.5
45259.5
45264.5
45269.5
45274.5
45279.5
45284.5
45289.5
45294.5
45299.5
45304.5
45309.5
45314.5
45319.5
45324.5
45329.5
45334.5
45339.5
45344.5
45349.5
45354.5
45359.5
45364.5
45369.5
45374.5
45379.5
45384.5
45389.5
45394.5
45399.5
45404.5
45409.5
45414.5
45419.5
45424.5
45429.5
45434.5
45439.5
45444.5
45449.5
45454.5
45459.5
45464.5
45469.5
45474.5
45479.5
45484.5
45489.5
45494.5
45499.5
45504.5
45509.5
45514.5
45519.5
45524.5
45529.5
45534.5
45539.5
45544.5
45549.5
45554.5
45559.5
45564.5
45569.5
45574.5
45579.5
45584.5
45589.5
45594.5
45599.5
45604.5
45609.5
45614.5
45619.5
45624.5
45629.5
45634.5
45639.5
45644.5
45649.5
45654.5
45659.5
45664.5
45669.5
45674.5
45679.5
45684.5
45689.5
45694.5
45699.5
45704.5
45709.5
45714.5
45719.5
45724.5
45729.5
45734.5
45739.5
45744.5
45749.5
45754.5
45759.5
45764.5
45769.5
45774.5
45779.5
45784.5
45789.5
45794.5
45799.5
45804.5
45809.5
45814.5
45819.5
45824.5
45829.5
45834.5
45839.5
45844.5
45849.5
45854.5
45859.5
45864.5
45869.5
45874.5
45879.5
45884.5
45889.5
45894.5
45899.5
45904.5
45909.5
45914.5
45919.5
45924.5
45929.5
45934.5
45939.5
45944.5
45949.5
45954.5
45959.5
45964.5
45969.5
45974.5
45979.5
45984.5
45989.5
45994.5
45999.5
46004.5
46009.5
46014.5
46019.5
46024.5
46029.5
46034.5
46039.5
46044.5
46049.5
46054.5
46059.5
46064.5
46069.5
46074.5
46079.5
46084.5
46089.5
46094.5
46099.5
46104.5
46109.5
46114.5
46119.5
46124.5
46129.5
46134.5
46139.5
46144.5
46149.5
46154.5
46159.5
46164.5
46169.5
46174.5
46179.5
46184.5
46189.5
46194.5
46199.5
46204.5
46209.5
46214.5
46219.5
46224.5
46229.5
46234.5
46239.5
46244.5
46249.5
46254.5
46259.5
46264.5
46269.5
46274.5
46279.5
46284.5
46289.5
46294.5
46299.5
46304.5
46309.5
46314.5
46319.5
46324.5
46329.5
46334.5
46339.5
46344.5
46349.5
46354.5
46359.5
46364.5
46369.5
46374.5
46379.5
46384.5
46389.5
46394.5
46399.5
46404.5
46409.5
46414.5
46419.5
46424.5
46429.5
46434.5
46439.5
46444.5
46449.5
46454.5
46459.5
46464.5
46469.5
46474.5
46479.5
46484.5
46489.5
46494.5
46499.5
46504.5
46509.5
46514.5
46519.5
46524.5
46529.5
46534.5
46539.5
46544.5
46549.5
46554.5
46559.5
46564.5
46569.5
46574.5
46579.5
46584.5
46589.5
46594.5
46599.5
46604.5
46609.5
46614.5
46619.5
46624.5
46629.5
46634.5
46639.5
46644.5
46649.5
46654.5
46659.5
46664.5
46669.5
46674.5
46679.5
46684.5
46689.5
46694.5
46699.5
46704.5
46709.5
46714.5
46719.5
46724.5
46729.5
46734.5
46739.5
46744.5
46749.5
46754.5
46759.5
46764.5
46769.5
46774.5
46779.5
46784.5
46789.5
46794.5
46799.5
46804.5
46809.5
46814.5
46819.5
46824.5
46829.5
46834.5
46839.5
46844.5
46849.5
46854.5
46859.5
46864.5
46869.5
46874.5
46879.5
46884.5
46889.5
46894.5
46899.5
46904.5
46909.5
46914.5
46919.5
46924.5
46929.5
46934.5
46939.5
46944.5
46949.5
46954.5
46959.5
46964.5
46969.5
46974.5
46979.5
46984.5
46989.5
46994.5
46999.5
47004.5
47009.5
47014.5
47019.5
47024.5
47029.5
47034.5
47039.5
47044.5
47049.5
47054.5
47059.5
47064.5
47069.5
47074.5
47079.5
47084.5
47089.5
47094.5
47099.5
47104.5
47109.5
47114.5
47119.5
47124.5
47129.5
47134.5
47139.5
47144.5
47149.5
47154.5
47159.5
47164.5
47169.5
47174.5
47179.5
47184.5
47189.5
47194.5
47199.5
47204.5
47209.5
47214.5
47219.5
47224.5
47229.5
47234.5
47239.5
47244.5
47249.5
47254.5
47259.5
47264.5
47269.5
47274.5
47279.5
47284.5
47289.5
47294.5
47299.5
47304.5
47309.5
47314.5
47319.5
47324.5
47329.5
47334.5
47339.5
47344.5
47349.5
47354.5
47359.5
47364.5
47369.5
47374.5
47379.5
47384.5
47389.5
47394.5
47399.5
47404.5
47409.5
47414.5
47419.5
47424.5
47429.5
47434.5
47439.5
47444.5
47449.5
47454.5
47459.5
47464.5
47469.5
47474.5
47479.5
47484.5
47489.5
47494.5
47499.5
47504.5
47509.5
47514.5
47519.5
47524.5
47529.5
47534.5
47539.5
47544.5
47549.5
47554.5
47559.5
47564.5
47569.5
47574.5
47579.5
47584.5
47589.5
47594.5
47599.5
47604.5
47609.5
47614.5
47619.5
47624.5
47629.5
47634.5
47639.5
47644.5
47649.5
47654.5
47659.5
47664.5
47669.5
47674.5
47679.5
47684.5
47689.5
47694.5
47699.5
47704.5
47709.5
47714.5
47719.5
47724.5
47729.5
47734.5
47739.5
47744.5
47749.5
47754.5
47759.5
47764.5
47769.5
47774.5
47779.5
47784.5
47789.5
47794.5
47799.5
47804.5
47809.5
47814.5
47819.5
47824.5
47829.5
47834.5
47839.5
47844.5
47849.5
47854.5
47859.5
47864.5
47869.5
47874.5
47879.5
47884.5
47889.5
47894.5
47899.5
47904.5
47909.5
47914.5
47919.5
47924.5
47929.5
47934.5
47939.5
47944.5
47949.5
47954.5
47959.5
47964.5
47969.5
47974.5
47979.5
47984.5
47989.5
47994.5
47999.5
48004.5
48009.5
48014.5
48019.5
48024.5
48029.5
48034.5
48039.5
48044.5
48049.5
48054.5
48059.5
48064.5
48069.5
48074.5
48079.5
48084.5
48089.5
48094.5
48099.5
48104.5
48109.5
48114.5
48119.5
48124.5
48129.5
48134.5
48139.5
48144.5
48149.5
48154.5
48159.5
48164.5
48169.5
48174.5
48179.5
48184.5
48189.5
48194.5
48199.5
48204.5
48209.5
48214.5
48219.5
48224.5
48229.5
48234.5
48239.5
48244.5
48249.5
48254.5
48259.5
48264.5
48269.5
48274.5
48279.5
48284.5
48289.5
48294.5
48299.5
48304.5
48309.5
48314.5
48319.5
48324.5
48329.5
48334.5
48339.5
48344.5
48349.5
48354.5
48359.5
48364.5
48369.5
48374.5
48379.5
48384.5
48389.5
48394.5
48399.5
48404.5
48409.5
48414.5
48419.5
48424.5
48429.5
48434.5
48439.5
48444.5
48449.5
48454.5
48459.5
48464.5
48469.5
48474.5
48479.5
48484.5
48489.5
48494.5
48499.5
48504.5
48509.5
48514.5
48519.5
48524.5
48529.5
48534.5
48539.5
48544.5
48549.5
48554.5
48559.5
48564.5
48569.5
48574.5
48579.5
48584.5
48589.5
48594.5
48599.5
48604.5
48609.5
48614.5
48619.5
48624.5
48629.5
48634.5
48639.5
48644.5
48649.5
48654.5
48659.5
48664.5
48669.5
48674.5
48679.5
48684.5
48689.5
48694.5
48699.5
48704.5
48709.5
48714.5
48719.5
48724.5
48729.5
48734.5
48739.5
48744.5
48749.5
48754.5
48759.5
48764.5
48769.5
48774.5
48779.5
48784.5
48789.5
48794.5
48799.5
48804.5
48809.5
48814.5
48819.5
48824.5
48829.5
48834.5
48839.5
48844.5
48849.5
48854.5
48859.5
48864.5
48869.5
48874.5
48879.5
48884.5
48889.5
48894.5
48899.5
48904.5
48909.5
48914.5
48919.5
48924.5
48929.5
48934.5
48939.5
48944.5
48949.5
48954.5
48959.5
48964.5
48969.5
48974.5
48979.5
48984.5
48989.5
48994.5
48999.5
49004.5
49009.5
49014.5
49019.5
49024.5
49029.5
49034.5
49039.5
49044.5
49049.5
49054.5
49059.5
49064.5
49069.5
49074.5
49079.5
49084.5
49089.5
49094.5
49099.5
49104.5
49109.5
49114.5
49119.5
49124.5
49129.5
49134.5
49139.5
49144.5
49149.5
49154.5
49159.5
49164.5
49169.5
49174.5
49179.5
49184.5
49189.5
49194.5
49199.5
49204.5
49209.5
49214.5
49219.5
49224.5
49229.5
49234.5
49239.5
49244.5
49249.5
49254.5
49259.5
49264.5
49269.5
49274.5
49279.5
49284.5
49289.5
49294.5
49299.5
49304.5
49309.5
49314.5
49319.5
49324.5
49329.5
49334.5
49339.5
49344.5
49349.5
49354.5
49359.5
49364.5
49369.5
49374.5
49379.5
49384.5
49389.5
49394.5
49399.5
49404.5
49409.5
49414.5
49419.5
49424.5
49429.5
49434.5
49439.5
49444.5
49449.5
49454.5
49459.5
49464.5
49469.5
49474.5
49479.5
49484.5
49489.5
49494.5
49499.5
49504.5
49509.5
49514.5
49519.5
49524.5
49529.5
49534.5
49539.5
49544.5
49549.5
49554.5
49559.5
49564.5
49569.5
49574.5
49579.5
49584.5
49589.5
49594.5
49599.5
49604.5
49609.5
49614.5
49619.5
49624.5
49629.5
49634.5
49639.5
49644.5
49649.5
49654.5
49659.5
49664.5
49669.5
49674.5
49679.5
49684.5
49689.5
49694.5
49699.5
49704.5
49709.5
49714.5
49719.5
49724.5
49729.5
49734.5
49739.5
49744.5
49749.5
49754.5
49759.5
49764.5
49769.5
49774.5
49779.5
49784.5
49789.5
49794.5
49799.5
49804.5
49809.5
49814.5
49819.5
49824.5
49829.5
49834.5
49839.5
49844.5
49849.5
49854.5
49859.5
49864.5
49869.5
49874.5
49879.5
49884.5
49889.5
49894.5
49899.5
49904.5
49909.5
49914.5
49919.5
49924.5
49929.5
49934.5
49939.5
49944.5
49949.5
49954.5
49959.5
49964.5
49969.5
49974.5
49979.5
49984.5
49989.5
49994.5
49999.5
-END-OF-DATA-