 31.93031   32.07795   32.185726   32.275475   32.380913   32.4601   32.5061   32.542377   32.580276   32.62013   32.601665   32.598022   32.61025   32.63045   32.641212   32.67797   32.73386   32.802845   32.82892   32.792946  0.0 0.0 0.0 0.0  32.378826   32.47375   32.4454   32.290142   31.891418   31.725546   31.622896   31.600737   31.607677   31.660131   31.714571   31.789019 
0.0 0.0 0.0 0.0 0.0 0.0 0.0 0.0 0.0  32.81742  0.0 0.0 0.0 0.0 0.0 0.0 0.0 0.0 0.0  33.37168   33.538837  0.0 0.0  32.97522   33.177193   33.117744   33.151463   33.086964  0.0 0.0 0.0 0.0 0.0 0.0 0.0 0.0
0.0 0.0 0.0 0.0 0.0 0.0  33.565784   33.555073   33.513237   33.344574   33.017143   32.900627  0.0 0.0 0.0 0.0 0.0 0.0 0.0 0.0  35.22001   35.334267   35.00806   33.48022   33.673405   33.261707  0.0 0.0 0.0 0.0 0.0 0.0 0.0 0.0 0.0 0.0
0.0 0.0 0.0 0.0  32.768375   33.53928   33.556026   33.55792   33.66262   33.755566   33.658848   33.635822   33.420418  0.0 0.0 0.0 0.0 0.0 0.0 0.0  35.417973   35.479916   35.51617   35.297035   34.271255  0.0 0.0 0.0 0.0 0.0 0.0 0.0 0.0 0.0 0.0 0.0
0.0 0.0 0.0 0.0  33.52598   33.859554   33.867893   33.8368   33.862194   33.891487   33.879467   33.862495   33.82449   33.83438  0.0 0.0 0.0 0.0 0.0 0.0  35.474445   35.562244   35.618122   35.623123   35.57585   35.601906  0.0 0.0 0.0 0.0 0.0 0.0 0.0 0.0 0.0 0.0
0.0 0.0 0.0  34.270157   34.256367   34.202694   34.152054   34.119347   34.10107   34.07574   34.043167   34.003815   33.985046   33.92988  0.0 0.0 0.0 0.0 0.0  35.53408   35.636642   35.65846   35.679203   35.68839   35.724773   35.549126  0.0 0.0 0.0 0.0 0.0 0.0 0.0 0.0 0.0 0.0
0.0 0.0 0.0  34.23579   34.291046   34.288445   34.27745   34.261852   34.24022   34.206425   34.163635   34.112274   34.085617   33.967117  0.0 0.0 0.0 0.0  35.624092   35.705837   35.71996   35.728455   35.742046   35.751038   35.76471  0.0  37.397568   37.637585  0.0 0.0 0.0 0.0 0.0 0.0 0.0 0.0
0.0 0.0 0.0  34.20277   34.285027   34.31341   34.32092   34.313534   34.294083   34.264034   34.224964   34.167667   34.153885   34.00405  0.0 0.0 0.0 0.0  35.68305   35.73562   35.764965   35.7777   35.782784   35.832256   35.90674   36.42859   37.00057   37.45296   37.850285   38.18277  0.0 0.0 0.0 0.0 0.0 0.0
0.0 0.0  34.08322   34.224457   34.335266   34.344093   34.33198   34.311695   34.28829   34.263096   34.213856   34.14218   34.190826   34.157555   34.654804  0.0 0.0 0.0  35.602318   35.705925   35.758804   35.74737   35.77837   35.93773   36.051933  0.0 0.0  37.317257   37.688747  0.0 0.0 0.0 0.0 0.0 0.0 0.0
0.0 0.0  34.067493   34.26203   34.337574   34.283253   34.194565   34.23499   34.271893   34.28655   34.367107   34.295513   34.297665   34.300392   34.730362  0.0  34.71419   35.13875   35.55813   35.693924   35.78943   35.821217   35.89166   36.148643   36.32338  0.0 0.0 0.0 0.0 0.0 0.0 0.0 0.0 0.0 0.0 0.0
0.0 0.0  33.99602   34.322964   34.412254   34.3926   34.353832   34.413666   34.48731   34.527927   34.574497   34.52649   34.501244   34.51776   34.973015  0.0  35.413166   35.509777   35.642467   35.722256   35.842247   35.943012   36.053246   36.288963   36.216755  0.0 0.0 0.0 0.0 0.0 0.0  35.154976   35.3761  0.0 0.0 0.0
0.0  34.18586   34.131058   34.298122   34.420544   34.50011   34.553226   34.61623   34.659653   34.681313   34.69332   34.67599   34.68896   34.75261   35.12929  0.0  35.674473   35.454613   35.577354   35.651497   35.73317   35.96586   36.14844   36.2131   35.811863  0.0 0.0 0.0 0.0 0.0 0.0  35.10812   35.566685  0.0 0.0 0.0
0.0  34.05941   34.10502   34.255836   34.360725   34.461864   34.549213   34.612278   34.657703   34.676613   34.693115   34.67939   34.688576   34.781372   35.00582   34.944923  0.0  35.29487   35.4746   35.553318   35.570408   35.774067   35.99695   36.02639   35.44289  0.0 0.0 0.0 0.0 0.0 0.0  35.063366   35.532116  0.0  34.08511   34.28888 
0.0  33.883156   34.066875   34.204247   34.284473   34.376244   34.4649   34.542442   34.60531   34.636906   34.642868   34.626053   34.594246   34.598545   34.670284   34.76509   34.430347  0.0  35.3993   35.47138   35.4065   35.58165   35.787582   35.839546   35.165855  0.0 0.0 0.0 0.0 0.0 0.0  35.11094   35.416122   34.86323   34.64134   34.654793 
0.0  34.003998   34.015064   34.14078   34.214348   34.28665   34.379215   34.475384   34.553017   34.593452   34.601345   34.591057   34.549187   34.507496   34.476555   34.509754   34.44904   34.564705  0.0  35.31785   35.24323   35.405533   35.591095   35.66934   34.972225  0.0 0.0 0.0 0.0 0.0 0.0  35.117416   35.347103   35.24769   34.91763   34.538506 
0.0  34.061092   33.92497   34.07012   34.15758   34.205738   34.29309   34.410088   34.50274   34.5644   34.590378   34.59741   34.55718   34.532764   34.473312   34.37864   34.263786   34.36584  0.0 0.0  34.96162   35.222862   35.413788   35.556328   34.891903  0.0 0.0 0.0 0.0 0.0 0.0  35.158802   35.31734   35.29513   35.11502   34.765305 
0.0  34.267807   33.849884   34.028584   34.1112   34.118526   34.194935   34.32686   34.476036   34.584457   34.641483   34.665092   34.628487   34.61583   34.557274   34.47856   34.34595   34.37212  0.0 0.0  34.926697   35.00093   35.31039   35.525505   35.318413   35.839245   36.05126  0.0 0.0 0.0  35.315933   35.27476   35.30448   35.33994   35.322666   34.795353 
0.0 0.0  33.536583   34.00486   34.052677   34.02395   34.09375   34.25616   34.51951   34.693798   34.785152   34.80239   34.78777   34.747498   34.65456   34.58137   34.53083   34.508186  0.0 0.0 0.0  34.874805   35.27929   35.589893   35.68393   36.01206   35.90182  0.0 0.0 0.0  35.15402   35.129353   35.196953   35.305714   35.350075   34.921494 
0.0 0.0  33.794563   34.098377   34.117764   33.98701   34.052483   34.220318   34.553104   34.75362   34.857376   34.88209   34.892963   34.871292   34.792786   34.690617   34.641075   34.573997  0.0 0.0 0.0  35.130283   35.302544   35.62725   35.779408   36.037815   35.922985  0.0 0.0 0.0  35.13562   35.102688   35.089172   35.190113   35.238712   34.81391 
 35.12984  0.0  34.102493   34.239376   34.195267   34.002308   34.0738   34.212383   34.55419   34.784885   34.889893   34.92818   34.947315   34.94001   34.9103   34.84401   34.780647   34.699905  0.0 0.0 0.0 0.0  35.27759   35.626953   35.70788   35.92189   36.159527  0.0 0.0 0.0  35.18802   35.159065   35.0964   35.124508   35.124325   34.8452 
 35.080242  0.0  34.597996   34.346695   34.286495   34.061016   34.12222   34.249466   34.569714   34.787106   34.898064   34.956   34.984688   34.989704   34.987576   34.968292   34.94212   34.897987  0.0 0.0 0.0 0.0  35.465416   35.71216   35.766186   35.97934   36.32791  0.0 0.0 0.0  35.20682   35.18602   35.135677   35.15315   35.124737   34.93332 
 35.31804   36.172977  0.0 0.0  34.396473   34.131268   34.238064   34.381042   34.615078   34.788082   34.893078   34.975212   35.01578   35.03335   35.0514   35.073925   35.15054   35.259888  0.0 0.0 0.0 0.0  35.624985   35.921215   36.01854   36.11964   36.13461  0.0 0.0 0.0  35.20595   35.20407   35.160988   35.172215   35.14285   35.039112 
 35.556755   35.829823  0.0 0.0  34.369606   34.20562   34.35421   34.48969   34.658836   34.794876   34.899483   35.006107   35.051876   35.10159   35.150593   35.23908   35.42977   35.620525  0.0 0.0 0.0 0.0  35.69058   36.06343   36.134754   36.053654   35.75802  0.0 0.0 0.0  35.143673   35.217533   35.203663   35.20394   35.193893   35.213196 
 35.855133   35.904827  0.0 0.0  34.4361   34.276924   34.454617   34.5974   34.734154   34.83918   34.94329   35.042015   35.086143   35.164734   35.241035   35.364002   35.554478   35.65156   35.576748  0.0 0.0 0.0  35.739468   36.053467   36.013985   35.820038   35.496643  0.0 0.0 0.0  35.121532   35.262733   35.254223   35.271484   35.31113   35.4465 
 35.935444   35.83008  0.0 0.0 0.0  34.23739   34.562756   34.75171   34.860992   34.949604   35.038265   35.097435   35.144234   35.20424   35.2294   35.286472   35.396572   35.59879   35.550198  0.0 0.0 0.0  35.657196   35.8955   35.707657   35.590538   35.409355  0.0 0.0  35.479618   35.211388   35.304546   35.320675   35.372917   35.46875   35.673466 
 35.80127   35.684483  0.0 0.0 0.0  34.27343   34.64549   34.86948   34.96465   35.060856   35.135803   35.142254   35.156273   35.14831   35.08054   35.06086   35.12193   35.301003   35.258953  0.0 0.0  35.542877   35.666374   35.769585   35.537624   35.480106   35.403877   35.251255  0.0  35.47312   35.28447   35.356457   35.39717   35.471874   35.552505   35.662354 
 35.612835   35.573975  0.0 0.0 0.0  34.30005   34.689075   34.84548   34.935062   35.01668   35.126152   35.11203   35.084213   35.01409   34.93408   34.901154   34.93136   35.106163   35.090305  0.0 0.0  35.53403   35.60903   35.655476   35.448154   35.394493   35.304085   35.103317  0.0  35.4676   35.35107   35.412388   35.448727   35.460243   35.447342   35.46026 
 35.422787   35.599953   35.90861  0.0 0.0  34.32841   34.629482   34.71488   34.803673   34.89858   34.980347   34.961628   34.89276   34.8338   34.82165   34.827805   34.83947   34.961143   34.907867  0.0 0.0  35.387535   35.50635   35.544857   35.46354   35.362263   35.21713   34.929523  0.0  35.44577   35.368538   35.399666   35.368324   35.361336   35.31679   35.313698 
 35.248806   35.451477   35.646446   35.56929  0.0  34.41008   34.602276   34.65389   34.72807   34.80981   34.85164   34.873062   34.87675   34.871475   34.86351   34.840034   34.826572   34.87116   34.970066  0.0  35.0198   35.402424   35.442554   35.37679   35.32717   35.24566   35.161232   35.17258   35.381668   35.429535   35.398495   35.377174   35.368225   35.31967   35.238632   35.20175 
 35.093002   35.163113   35.266735   35.33669   34.838207   34.48754   34.601772   34.632664   34.678974   34.74683   34.777462   34.79318   34.79929   34.80171   34.80385   34.795998   34.79183   34.80858   34.89264  0.0  34.846035   34.999573   35.023964   35.000774   34.999344   34.98458   34.985428   35.04913   35.33292   35.428864   35.371815   35.275967   35.254463   35.19633   35.118904   35.0789 
 34.93684   34.97136   35.02238   35.076008   34.937267   34.65104   34.625294   34.621353   34.664658   34.695408   34.714005   34.731544   34.740597   34.745388   34.75276   34.754337   34.75579   34.769524   34.796703  0.0  34.70759   34.70781   34.7069   34.71349   34.7436   34.760014   34.79449   34.84525   35.008766   35.13399   35.10484   34.993965   35.01191   34.96604   34.932377   34.91964 
 34.792274   34.82293   34.861332   34.89633   34.903652   34.815998   34.770493   34.755886   34.741596   34.72964   34.722004   34.722282   34.72412   34.723824   34.729237   34.730682   34.735203   34.74748   34.737312  0.0  34.69912   34.664265   34.63431   34.623333   34.62999   34.62925   34.65347   34.67949   34.728107   34.77528   34.758736   34.7315   34.777737   34.767372   34.762093   34.77176 
 34.68556   34.71041   34.74672   34.774315   34.800983   34.808266   34.794266   34.776787   34.740593   34.71692   34.702454   34.69663   34.69263   34.689648   34.693   34.69314   34.698994   34.716473   34.72246   34.71744   34.70655   34.663517   34.615265   34.581047   34.562263   34.528103   34.53555   34.55071   34.575867   34.59496   34.58157   34.596977   34.636185   34.644566   34.653053   34.671177 
 34.583652   34.604538   34.636654   34.658993   34.686127   34.704113   34.705093   34.70009   34.67747   34.64829   34.63154   34.620422   34.60817   34.602226   34.607246   34.61179   34.627193   34.650593   34.670288   34.652958   34.629368   34.586067   34.456123   34.368534   34.296524   34.341312   34.351234   34.396793   34.46579   34.522778   34.519703   34.591576   34.62066   34.61815   34.62778   34.587074 
0.0  34.3577   34.345276   34.367332   34.418694   34.556126   34.609184   34.621162   34.579453   34.54785   34.536327   34.532234   34.526356   34.51891   34.516827   34.513668   34.514046   34.53512   34.566814   34.524834   34.512276   34.551376   34.581524   34.585716   34.602776   34.59978   34.599796   34.59041   34.58991   34.59579   34.589188   34.572838   34.55601   34.528038   34.468258  0.0
0.0 0.0 0.0 0.0 0.0 0.0 0.0 0.0 0.0 0.0 0.0 0.0 0.0 0.0 0.0 0.0 0.0 0.0 0.0 0.0 0.0 0.0 0.0 0.0 0.0 0.0 0.0 0.0 0.0 0.0 0.0 0.0 0.0 0.0 0.0 0.0
