   1.1872760e+00
   4.1114254e-01
  -1.3555966e-01
  -4.5580325e-01
  -6.4572786e-01
  -6.6555882e-01
  -5.7005453e-01
  -4.3423457e-01
  -3.2117215e-01
  -2.1363238e-01
  -5.8045216e-02
   9.8125868e-02
   2.0304786e-01
   2.6310491e-01
   2.5305384e-01
   1.9165596e-01
   1.1870086e-01
   1.0233213e-01
   1.6675551e-01
   2.8874266e-01
   3.6878628e-01
   3.5328865e-01
   2.6468792e-01
   1.5879759e-01
   1.3363853e-01
   2.6935017e-01
   5.1065874e-01
   7.2603863e-01
   9.9207884e-01
   1.4429020e+00
   2.0934327e+00
   2.9090067e+00
   3.4392896e+00
   3.4077327e+00
   2.8577427e+00
   2.0138214e+00
   6.3543463e-01
  -2.3588365e-01
  -3.4847021e-01
  -2.7629051e-01
  -2.0926350e-01
   1.8761821e-02
   2.4795920e-01
   2.5663149e-01
  -8.3967201e-02
  -3.0544761e-01
  -4.3770611e-02
   1.9866091e-01
   2.5926998e-01
   4.7214431e-01
   5.8798152e-01
   4.3328789e-01
   1.6080444e-01
   5.5232752e-02
   2.3368002e-01
   7.2025996e-01
   1.1406111e+00
   1.2349963e+00
   1.1842792e+00
   7.7517259e-01
   3.8092384e-01
   6.0933733e-01
   1.0122713e+00
   9.9203384e-01
   7.4564207e-01
   7.1705699e-01
   1.1977408e+00
   2.4404776e+00
   3.5062838e+00
   3.3489280e+00
   2.5885246e+00
   1.7330194e+00
  -3.8029894e-01
  -1.4921196e+00
  -1.6301544e+00
  -1.6271900e+00
  -1.4963017e+00
  -1.1099877e+00
  -8.8693821e-01
  -7.2186887e-01
  -9.3269920e-01
  -1.1635610e+00
  -6.7587698e-01
  -7.7252173e-01
  -1.3117619e+00
  -1.0792352e+00
  -5.9140503e-01
  -2.7601349e-01
  -1.3714322e-01
  -1.4979580e-01
   9.9961758e-03
   4.0770829e-01
   6.4350808e-01
   5.9415722e-01
   3.2170048e-01
  -3.7803259e-01
  -5.4207391e-01
   6.0014836e-02
   3.5945123e-01
   2.1224862e-01
  -2.4721064e-02
  -3.4508340e-02
  -1.2379251e-02
   7.1220922e-01
   1.8153118e+00
   1.6105982e+00
   1.1880041e+00
   8.6446083e-01
  -1.4103896e+00
  -2.2708170e+00
  -2.5260484e+00
  -2.5492831e+00
  -2.2507644e+00
  -1.8030976e+00
  -1.6085157e+00
  -1.2628562e+00
  -1.1994679e+00
  -1.3682874e+00
  -1.1088167e+00
  -1.6123646e+00
  -2.1934624e+00
  -1.6144376e+00
  -1.0868708e+00
  -6.9730451e-01
  -4.8015314e-01
  -7.9754096e-01
  -4.8878205e-01
  -2.4615936e-03
   3.7981287e-02
  -4.5435598e-02
  -9.4577992e-01
  -1.6832190e+00
  -1.0967914e+00
  -4.5117024e-01
  -4.1683185e-01
  -5.9005148e-01
  -8.9635462e-01
  -9.2346925e-01
  -9.2107277e-01
  -5.3334266e-01
   1.9579451e-01
   1.0495545e-01
  -2.1646461e-01
  -5.2356386e-01
  -2.0658214e+00
  -2.4644258e+00
  -2.5571852e+00
  -2.4480162e+00
  -2.0961752e+00
  -1.7501521e+00
  -1.5324681e+00
  -1.1935176e+00
  -1.1457303e+00
  -1.3238883e+00
  -1.4633241e+00
  -2.2123518e+00
  -2.3995121e+00
  -1.1970733e+00
  -6.9343704e-01
  -5.5590749e-01
  -6.0041475e-01
  -1.2002735e+00
  -7.0147467e-01
  -4.2416358e-01
  -6.5372086e-01
  -8.4016442e-01
  -2.0791624e+00
  -2.1751881e+00
  -1.2634993e+00
  -1.0121704e+00
  -1.0898328e+00
  -1.3593031e+00
  -1.5916016e+00
  -1.6372620e+00
  -1.4379377e+00
  -1.0281914e+00
  -7.4980342e-01
  -6.7711377e-01
  -1.1002862e+00
  -1.6476436e+00
  -2.2511575e+00
  -2.2463765e+00
  -2.0084023e+00
  -1.7883402e+00
  -1.5506755e+00
  -1.3066462e+00
  -1.1255693e+00
  -9.0916270e-01
  -9.8373377e-01
  -1.2315894e+00
  -1.4587537e+00
  -2.0441921e+00
  -1.8938195e+00
  -5.8980232e-01
  -1.7820100e-01
  -1.4724155e-01
  -4.3036601e-01
  -1.0021203e+00
  -5.1631540e-01
  -7.7395916e-01
  -1.4342827e+00
  -1.8342305e+00
  -2.6250861e+00
  -1.9163945e+00
  -1.2954276e+00
  -1.4690083e+00
  -1.5843643e+00
  -1.8958623e+00
  -1.5511823e+00
  -1.2532176e+00
  -1.2383497e+00
  -1.0026706e+00
  -9.3425739e-01
  -8.9650148e-01
  -1.4358902e+00
  -2.0931325e+00
  -1.8742396e+00
  -1.6452413e+00
  -1.2415251e+00
  -1.0277804e+00
  -9.3205220e-01
  -7.0341947e-01
  -6.2601322e-01
  -5.1848715e-01
  -7.3987177e-01
  -1.1108713e+00
  -1.1827432e+00
  -1.1724526e+00
  -5.7318765e-01
   2.9738280e-01
   3.1948797e-01
   3.1804088e-01
  -1.4643724e-01
  -7.5154158e-01
  -3.2331723e-01
  -7.2229794e-01
  -1.8330247e+00
  -2.3047721e+00
  -2.2097676e+00
  -1.2651009e+00
  -1.1898122e+00
  -1.5770571e+00
  -1.6455817e+00
  -1.7053819e+00
  -3.9336197e-01
   2.7082753e-01
  -4.6204761e-01
  -5.9658395e-01
  -6.2751760e-01
  -8.8623458e-01
  -1.4588160e+00
  -1.9666167e+00
  -1.0426410e+00
  -7.6343685e-01
  -3.8247453e-01
  -2.7586344e-01
  -2.3578626e-01
  -2.4053217e-02
   6.5370277e-03
   6.2768772e-02
  -4.1842409e-01
  -9.3211758e-01
  -8.4921288e-01
  -1.3968282e-01
   1.0187345e+00
   1.5490509e+00
   1.1855365e+00
   9.2267746e-01
   3.6754992e-02
  -7.3129766e-01
  -1.6659749e-01
  -3.3673906e-01
  -1.6115316e+00
  -1.8252426e+00
  -1.0149086e+00
  -3.1124093e-01
  -7.2790813e-01
  -1.1556879e+00
  -1.1451938e+00
  -7.1095765e-01
   1.4777602e+00
   1.8952794e+00
   3.5758948e-01
   3.0908912e-02
  -2.3779310e-01
  -8.1943560e-01
  -1.2729335e+00
  -1.3997926e+00
  -5.4425262e-02
   2.1267308e-01
   5.3098106e-01
   4.9745470e-01
   5.5469257e-01
   6.9283926e-01
   7.4403661e-01
   7.6525390e-01
  -6.1279431e-02
  -6.5338439e-01
  -4.5491374e-01
   7.7626073e-01
   2.2785671e+00
   2.6402564e+00
   2.3995473e+00
   1.7566186e+00
   1.1511119e-01
  -6.0864067e-01
   1.0826069e-01
   4.1121326e-02
  -9.8316145e-01
  -7.2087216e-01
   4.9906105e-01
   8.5670388e-01
   2.1105929e-01
  -2.2825603e-01
  -2.8811949e-01
   7.1955878e-01
   3.2146454e+00
   2.8090217e+00
   8.8301063e-01
   5.7521898e-01
   3.1131625e-02
  -6.4292216e-01
  -7.9938531e-01
  -5.1949400e-01
   8.4620517e-01
   1.1284248e+00
   1.4284623e+00
   1.2858163e+00
   1.3729646e+00
   1.4010859e+00
   1.4680074e+00
   1.4269141e+00
   2.8213322e-01
  -2.5706291e-01
   7.6313347e-02
   1.5600213e+00
   2.9927950e+00
   3.0838146e+00
   3.6136234e+00
   2.7601166e+00
   1.9306009e-01
  -8.9061841e-02
   5.2665174e-01
   2.1109086e-01
  -2.2891508e-01
   4.9166539e-01
   1.9623531e+00
   2.0671265e+00
   1.5047023e+00
   1.0029173e+00
   6.5548587e-01
   2.1781151e+00
   4.2477221e+00
   2.8749604e+00
   1.0585598e+00
   7.9605544e-01
   1.6403827e-01
  -2.7423555e-01
  -1.1672607e-02
   4.9586129e-01
   1.6037003e+00
   1.9526900e+00
   2.2451438e+00
   2.1262371e+00
   2.1613566e+00
   2.1053146e+00
   2.0094376e+00
   1.8044847e+00
   6.0778240e-01
   4.3071962e-01
   1.0687220e+00
   2.4346491e+00
   3.2498904e+00
   2.3473983e+00
   4.1207638e+00
   3.8254202e+00
   5.2741914e-01
   1.0535598e+00
   9.3258343e-01
   1.9538302e-01
   6.9778930e-01
   1.3464401e+00
   3.1848803e+00
   3.2494327e+00
   2.8405333e+00
   2.3221035e+00
   1.6873287e+00
   3.3463825e+00
   4.0468646e+00
   2.2514522e+00
   8.6180780e-01
   2.8696239e-01
   2.6106525e-01
   6.2189731e-01
   1.2426262e+00
   1.4953794e+00
   1.8477607e+00
   2.1693823e+00
   2.3688107e+00
   2.3430877e+00
   2.3085346e+00
   2.1870308e+00
   1.9211187e+00
   1.5507056e+00
   7.5652641e-01
   9.4989300e-01
   1.8151303e+00
   2.8451238e+00
   3.0938554e+00
   1.8196497e+00
   3.6563315e+00
   3.7779062e+00
   6.0784190e-01
   1.2103695e+00
   9.0247357e-01
   4.4371176e-01
   1.4961809e+00
   1.4605713e+00
   3.3104487e+00
   3.5870810e+00
   2.4858487e+00
   2.3530626e+00
   2.3709316e+00
   3.3949661e+00
   3.2916842e+00
   1.9091320e+00
   5.1926267e-01
  -4.9116427e-01
   4.1841757e-01
   1.4208078e+00
   1.7852710e+00
   1.7810397e+00
   1.8063786e+00
   2.0658505e+00
   2.1593916e+00
   2.1599801e+00
   2.0939937e+00
   1.8793633e+00
   1.5921172e+00
   1.1600860e+00
   7.7763110e-01
   1.1509395e+00
   1.9886886e+00
   2.8046241e+00
   2.6763000e+00
   1.9297729e+00
   3.5219305e+00
   3.0528858e+00
   1.6714460e-01
   6.5013087e-01
   7.2452438e-01
   9.2936534e-01
   1.9108109e+00
   1.5608826e+00
   3.0701172e+00
   3.2071204e+00
   1.5807269e+00
   1.6944664e+00
   2.5571761e+00
   3.1331100e+00
   2.7873452e+00
   1.8203188e+00
   1.9811338e-01
  -8.8948405e-01
   5.9551316e-01
   1.6688681e+00
   1.7464808e+00
   1.7463722e+00
   1.6284560e+00
   1.8221590e+00
   1.8112444e+00
   1.8099396e+00
   1.7176257e+00
   1.4103638e+00
   1.1713490e+00
   7.3853134e-01
   7.2116363e-01
   1.1693233e+00
   1.8454606e+00
   2.5151746e+00
   2.1238613e+00
   2.2412933e+00
   3.5457458e+00
   2.0720229e+00
  -4.5449656e-01
  -1.2046018e-01
   4.9259108e-01
   1.4660947e+00
   2.0696061e+00
   1.6829352e+00
   2.6995329e+00
   2.4667201e+00
   6.2492800e-01
   8.2071571e-01
   2.4007952e+00
   2.7267599e+00
   2.3963541e+00
   1.7982312e+00
  -1.1384638e-01
  -1.0397910e+00
   7.6581776e-01
   1.6068919e+00
   1.4758342e+00
   1.5670528e+00
   1.2082702e+00
   1.3562891e+00
   1.2391942e+00
   1.2082989e+00
   1.0454762e+00
   6.6636472e-01
   5.8197036e-01
   2.7129902e-01
   4.8429380e-01
   8.3312434e-01
   1.0723174e+00
   1.6827196e+00
   1.1945303e+00
   2.5772328e+00
   3.8006725e+00
   6.8497187e-01
  -1.2762894e+00
  -9.5928978e-01
   1.7580171e-01
   2.0156864e+00
   1.6700376e+00
   1.9643909e+00
   2.1915265e+00
   9.5403884e-01
   4.1943977e-02
  -2.1675670e-01
   1.3673682e+00
   2.0167004e+00
   2.0343126e+00
   1.6819451e+00
  -5.0317821e-01
  -6.6022864e-01
   9.1970356e-01
   9.3453724e-01
   9.5717771e-01
   1.1622874e+00
   9.1028208e-01
   1.1022695e+00
   9.5090169e-01
   9.6551955e-01
   7.0850664e-01
   3.7325019e-01
   3.5205391e-01
   5.6870241e-02
   2.7916119e-01
   3.8065386e-01
   5.2078968e-01
   8.7240833e-01
   5.4575336e-01
   1.9562968e+00
   2.3670774e+00
   2.7382654e-01
  -6.2260330e-01
  -8.9663577e-01
   1.5709803e-01
   1.5011064e+00
   1.2669135e+00
   2.0466928e+00
   1.5880091e+00
   4.5654038e-01
   4.4659746e-01
   2.4923116e-02
   2.4272558e-01
   7.1821493e-01
   1.6162244e+00
   1.2093730e+00
  -6.4925301e-01
  -1.6986784e-01
   8.7834185e-01
   5.5523002e-01
   7.4788815e-01
   8.7575918e-01
   7.7675760e-01
   1.0048739e+00
   8.7430322e-01
   9.2076725e-01
   6.4699042e-01
   3.6859888e-01
   3.4852034e-01
   2.6079107e-02
   2.4335137e-01
   1.4152592e-01
   3.6335337e-01
   4.0447986e-01
   1.7915018e-01
   1.1966704e+00
   5.2680409e-01
   1.1246702e-01
   1.6436023e-01
  -8.7969482e-01
   2.1482822e-01
   8.3863729e-01
   1.1053667e+00
   2.0881510e+00
   1.1110234e+00
   5.4042286e-01
   6.8551755e-01
   4.3234679e-01
  -2.9228583e-01
  -4.3980855e-01
   1.1524079e+00
   8.2522088e-01
  -6.0894525e-01
   6.7470104e-02
   7.9887825e-01
   5.2483588e-01
   6.6097409e-01
   7.5364184e-01
   7.0399737e-01
   9.6897908e-01
   8.8754922e-01
   9.6334303e-01
   7.0703597e-01
   4.9854716e-01
   4.5063342e-01
   7.7577676e-02
   2.8251095e-01
  -2.6825964e-02
   3.7136040e-01
   3.9862003e-02
  -9.9985721e-02
   2.7932518e-01
  -1.7286814e+00
   4.8453733e-02
   1.1098435e+00
  -8.8210582e-01
   3.1542104e-01
   2.5999649e-02
   1.0372963e+00
   2.1155321e+00
   6.3509926e-01
   9.0696741e-01
   8.7594480e-01
   9.6717062e-01
  -6.1632068e-01
  -1.6733806e+00
   6.1054376e-01
   4.3560477e-01
  -4.7638218e-01
   2.1522029e-01
   6.9186037e-01
   6.5422435e-01
   6.2079235e-01
   6.9365649e-01
   6.3273245e-01
   8.1979758e-01
   9.2409050e-01
   9.7303867e-01
   8.6334848e-01
   8.4301233e-01
   7.2752303e-01
   5.7011169e-01
   6.0670292e-01
   2.5200003e-01
   5.5451310e-01
  -1.2282616e-01
  -3.7643737e-01
  -1.0184724e+00
  -3.6191847e+00
  -1.0293827e+00
   3.3592606e-01
  -1.9094918e+00
  -2.6514578e-01
  -3.7099254e-01
   5.8790922e-01
   2.2413630e+00
   7.5695598e-01
   7.0105499e-01
   4.7229898e-01
   4.9479544e-01
  -5.9956586e-01
  -2.2205882e+00
  -4.8412865e-01
   2.7075398e-01
  -1.6344607e-01
   1.8861462e-01
   4.2662546e-01
   6.0876024e-01
   5.3445041e-01
   5.3673720e-01
   3.4496197e-01
   4.8276320e-01
   6.5980679e-01
   7.2828448e-01
   6.9794708e-01
   7.8547013e-01
   7.3209220e-01
   7.8762150e-01
   7.4112177e-01
   4.7435200e-01
   4.6644250e-01
  -2.1268767e-01
  -5.8935624e-01
  -1.3848509e+00
  -3.2932644e+00
  -2.0065961e+00
  -1.3169681e+00
  -2.8834715e+00
  -1.1888621e+00
  -4.3145910e-01
  -2.6636273e-02
   1.8366768e+00
   1.0040740e+00
   9.0742216e-02
  -1.1302832e-01
  -4.2405266e-01
  -8.0061924e-01
  -1.7654014e+00
  -7.8587228e-01
   1.7273571e-01
  -1.8149973e-01
   5.8698695e-02
   7.9809666e-02
   1.2994903e-01
   2.4965498e-01
   1.8426150e-01
  -6.6872083e-02
   5.8018398e-02
   2.7969095e-01
   3.8515799e-01
   4.3752426e-01
   5.9191371e-01
   6.2595840e-01
   8.3205938e-01
   7.7240953e-01
   5.8034814e-01
   3.2783577e-01
  -3.3698816e-01
  -8.3036516e-01
  -1.6464198e+00
  -2.9778424e+00
  -2.7912816e+00
  -2.7094662e+00
  -3.7167112e+00
  -2.1063619e+00
  -7.5188243e-01
  -6.7770740e-01
   1.1496061e+00
   9.9482381e-01
  -3.5803802e-01
  -7.2105118e-01
  -1.2237763e+00
  -1.0479579e+00
  -1.4125141e+00
  -9.4357520e-01
  -3.7423120e-02
  -3.2256732e-01
  -1.7840578e-01
  -3.3288030e-01
  -3.9801173e-01
  -1.6732450e-01
  -2.5073060e-01
  -8.8445119e-01
  -6.8460691e-01
  -4.7598173e-01
  -2.8177515e-01
  -1.1705458e-01
   1.8658772e-02
   2.2179064e-01
   4.5725393e-01
   5.5560395e-01
   4.1972298e-01
   3.5015310e-02
  -5.7928877e-01
  -1.2009613e+00
  -1.7271999e+00
  -2.6636604e+00
  -3.2800533e+00
  -3.7577532e+00
  -4.3950066e+00
  -3.2189551e+00
  -1.8110886e+00
  -1.5721159e+00
  -4.0053686e-01
   3.3468726e-01
  -4.9763409e-01
  -1.5269463e+00
  -1.9037754e+00
  -1.4658961e+00
  -1.2558841e+00
  -7.9380493e-01
  -5.8164457e-01
  -7.9968140e-01
  -7.3968326e-01
  -1.0079615e+00
  -1.1657586e+00
  -1.0121385e+00
  -9.9278490e-01
  -1.7875867e+00
  -1.5256168e+00
  -1.3107660e+00
  -1.0688668e+00
  -8.0089399e-01
  -7.7177119e-01
  -6.1615860e-01
  -4.6662137e-01
  -1.8622707e-01
  -2.0374483e-01
  -3.3897295e-01
  -8.0224240e-01
  -1.4705031e+00
  -2.0084860e+00
  -2.9404278e+00
  -2.9353924e+00
  -3.0266191e+00
  -3.7196307e+00
  -3.4975810e+00
  -3.1558701e+00
  -2.4970403e+00
  -2.0075409e+00
  -9.4803262e-01
  -3.3912048e-01
  -1.5982540e+00
  -1.7706729e+00
  -1.6375459e+00
  -1.7797260e+00
  -1.1202322e+00
  -1.3097848e+00
  -1.5771441e+00
  -1.5830833e+00
  -1.6253287e+00
  -1.7448626e+00
  -1.8935151e+00
  -1.7900429e+00
  -2.2006364e+00
  -1.9858259e+00
  -1.7442696e+00
  -1.4938556e+00
  -1.2179019e+00
  -1.2269862e+00
  -1.2184746e+00
  -1.0902418e+00
  -8.1352544e-01
  -6.9004869e-01
  -6.3485855e-01
  -8.7552840e-01
  -1.4695774e+00
  -2.1501856e+00
  -2.7312121e+00
  -2.6678991e+00
  -2.6179471e+00
  -2.8714676e+00
  -3.1771917e+00
  -3.3947120e+00
  -2.8703058e+00
  -2.4852886e+00
  -1.3954549e+00
  -5.3741348e-01
  -1.3197421e+00
  -1.5254126e+00
  -1.6246934e+00
  -1.9775419e+00
  -1.6596740e+00
  -1.7305688e+00
  -1.9687210e+00
  -1.9795936e+00
  -1.8898512e+00
  -2.0187006e+00
  -2.2233243e+00
  -2.1860938e+00
  -2.4019370e+00
  -2.2711957e+00
  -2.0164871e+00
  -1.7599740e+00
  -1.5153283e+00
  -1.5370177e+00
  -1.6820120e+00
  -1.5808308e+00
  -1.3649676e+00
  -1.1202731e+00
  -8.9606500e-01
  -8.8173187e-01
  -1.3047814e+00
  -2.0654979e+00
  -2.2355235e+00
  -2.4065363e+00
  -2.4762352e+00
  -2.0901997e+00
  -2.5989416e+00
  -3.1341870e+00
  -2.8591681e+00
  -2.4538414e+00
  -1.4454917e+00
  -7.9226506e-01
  -9.8646897e-01
  -1.2112476e+00
  -1.5169060e+00
  -1.9751753e+00
  -2.1373198e+00
  -2.0154099e+00
  -2.1403158e+00
  -2.1397007e+00
  -1.9808643e+00
  -2.1397774e+00
  -2.3239992e+00
  -2.3823824e+00
  -2.2064187e+00
  -2.1825753e+00
  -1.9841826e+00
  -1.6984207e+00
  -1.5399946e+00
  -1.5366290e+00
  -1.7402406e+00
  -1.7359119e+00
  -1.6174993e+00
  -1.3691389e+00
  -1.0404780e+00
  -7.7007944e-01
  -8.1071564e-01
  -1.2959289e+00
  -1.2208430e+00
  -2.1591448e+00
  -3.0610421e+00
  -1.8695262e+00
  -1.7196027e+00
  -2.0565275e+00
  -1.9231554e+00
  -1.5392123e+00
  -7.5090514e-01
  -8.9377360e-01
  -8.2430261e-01
  -8.1091285e-01
  -1.2446703e+00
  -1.5233050e+00
  -2.1052106e+00
  -2.0052455e+00
  -1.8032508e+00
  -1.7858294e+00
  -1.7215346e+00
  -1.9388678e+00
  -2.0389616e+00
  -2.1510209e+00
  -1.5198095e+00
  -1.5060089e+00
  -1.4485673e+00
  -1.1299195e+00
  -9.9132597e-01
  -9.5630056e-01
  -1.0473377e+00
  -1.2271369e+00
  -1.1121641e+00
  -1.0585245e+00
  -7.3736334e-01
  -4.0758109e-01
  -2.4628475e-02
  -2.8720422e-02
  -4.7935271e-01
  -1.4372171e+00
  -3.2345858e+00
  -2.5160711e+00
  -1.1980433e+00
  -1.0201998e+00
  -3.4969506e-01
  -1.6175632e-01
   1.6268615e-01
  -7.7184990e-02
  -5.3971344e-01
  -1.6264343e-01
  -5.1988876e-01
  -6.9166684e-01
  -9.1762882e-01
  -1.1872432e+00
  -9.2412418e-01
  -9.0524262e-01
  -8.4102345e-01
  -1.1086494e+00
  -1.3385926e+00
  -1.3769531e+00
  -7.7840215e-01
  -7.4549508e-01
  -7.2120929e-01
  -4.4898778e-01
  -2.7653950e-01
  -2.3656246e-01
  -2.8010938e-01
  -4.9351484e-01
  -3.9770272e-01
  -4.2969084e-01
  -2.2616911e-01
   7.4360400e-02
   4.2694375e-01
   4.8938653e-01
  -2.8943792e-03
  -5.0732005e-01
  -2.2765806e+00
  -2.4448557e+00
  -9.7981006e-01
  -5.5399585e-01
   2.3317760e-01
   6.0119408e-01
   6.0839438e-01
   6.7461103e-01
   3.2429904e-01
   5.6103754e-01
   3.9069083e-01
   1.6558704e-01
   1.3404763e-01
  -1.4106314e-01
  -1.3054436e-01
  -9.4502464e-02
   6.0362868e-02
  -1.9955161e-01
  -5.5448467e-01
  -6.3597643e-01
   1.8839851e-02
   5.5973061e-02
   1.3298669e-01
   3.0258882e-01
   4.9058622e-01
   4.9350831e-01
   4.7020549e-01
   3.0699819e-01
   3.4727982e-01
   3.3080995e-01
   3.7084495e-01
   5.9175026e-01
   6.4452338e-01
   7.5577041e-01
   6.6714448e-01
   4.1918698e-01
  -7.6246425e-01
  -1.4758890e+00
  -5.0569040e-01
  -1.0796774e-01
   2.6123574e-01
   8.2833517e-01
   7.8442320e-01
   1.1676706e+00
   1.2891818e+00
   1.2983921e+00
   1.3397522e+00
   1.0757886e+00
   1.0177093e+00
   8.4814382e-01
   6.9266880e-01
   7.5502029e-01
   8.7830985e-01
   7.0006764e-01
   2.8863123e-01
   1.2049259e-01
   7.6095335e-01
   7.7620420e-01
   9.3889635e-01
   9.9467981e-01
   1.1516737e+00
   1.0908863e+00
   1.0778405e+00
   9.9273026e-01
   9.6234870e-01
   1.0290452e+00
   9.3353628e-01
   1.0360441e+00
   7.8744917e-01
   1.0839512e+00
   1.4413597e+00
   1.0885009e+00
   8.7531976e-01
   2.3151733e-01
   3.8958328e-01
   5.2607525e-01
   3.0409081e-02
   4.7127285e-01
   6.7366066e-01
   1.2644400e+00
   1.8398700e+00
   1.7642604e+00
   1.9711395e+00
   1.7932564e+00
   1.6716976e+00
   1.5857616e+00
   1.4704081e+00
   1.5702717e+00
   1.5090633e+00
   1.4285637e+00
   1.0325412e+00
   8.0764823e-01
   1.2809776e+00
   1.2646687e+00
   1.4438028e+00
   1.4466446e+00
   1.5355729e+00
   1.4486719e+00
   1.4214247e+00
   1.3817965e+00
   1.3177955e+00
   1.4309162e+00
   1.3275584e+00
   1.3473656e+00
   1.1239210e+00
   1.6185123e+00
   1.9037343e+00
   1.3673367e+00
   2.0909715e+00
   1.9225780e+00
   1.4904800e+00
   1.3093091e+00
  -7.3010620e-02
  -1.6416899e-01
   3.3787233e-01
   9.1401624e-01
   1.6363784e+00
   1.6686325e+00
   1.8725007e+00
   1.9724693e+00
   2.0172362e+00
   1.9926912e+00
   2.0343381e+00
   2.1860662e+00
   1.9520920e+00
   1.8594117e+00
   1.5092816e+00
   1.2842658e+00
   1.4147140e+00
   1.3941858e+00
   1.5023105e+00
   1.5249468e+00
   1.5522728e+00
   1.5211563e+00
   1.4191891e+00
   1.4173622e+00
   1.3799922e+00
   1.4098464e+00
   1.4556752e+00
   1.5040053e+00
   1.4744550e+00
   1.7809157e+00
   1.6784050e+00
   1.4410655e+00
   2.5782137e+00
   2.6770177e+00
   2.1071546e+00
   1.6527194e+00
  -9.0100318e-02
  -5.2976036e-01
  -9.4668463e-02
   1.7232500e-01
   1.0035577e+00
   1.1307843e+00
   1.0976180e+00
   1.4902647e+00
   1.7954422e+00
   1.9728516e+00
   2.1372874e+00
   2.3619795e+00
   2.1716363e+00
   1.9475915e+00
   1.6586410e+00
   1.4092107e+00
   1.1226283e+00
   1.1053667e+00
   1.1797973e+00
   1.2272030e+00
   1.1964509e+00
   1.2141314e+00
   1.0666325e+00
   1.1106346e+00
   1.0761706e+00
   9.4914365e-01
   1.1728479e+00
   1.2299582e+00
   1.1209611e+00
   1.0796417e+00
   1.0254239e+00
   1.3703166e+00
   2.1514010e+00
   2.1409874e+00
   1.7786293e+00
   1.2140929e+00
  -9.1145873e-02
  -4.2565584e-01
  -4.5489383e-01
  -6.4762908e-01
   1.9060807e-01
   4.8099080e-01
   3.0003056e-01
   6.7284131e-01
   9.0521139e-01
   1.2233993e+00
   1.6320734e+00
   1.9674822e+00
   1.8513038e+00
   1.5811125e+00
   1.4336090e+00
   1.1893431e+00
   4.4373405e-01
   3.6645010e-01
   4.9110392e-01
   5.8430099e-01
   5.4045421e-01
   5.3345233e-01
   4.2327309e-01
   3.9456689e-01
   2.4183999e-01
   7.8478999e-02
   3.4735647e-01
   3.3591649e-01
   7.9021022e-02
   8.4330160e-03
   2.6285976e-01
   7.2297233e-01
   8.1917799e-01
   6.6151947e-01
   7.2027689e-01
   6.3392526e-01
   2.4523263e-01
   2.5602840e-03
  -4.9320379e-01
  -1.1088500e+00
  -9.0711433e-01
  -5.3055829e-01
  -3.6687681e-01
  -1.5035622e-01
  -2.1664447e-01
  -1.0793729e-02
   6.4159977e-01
   1.0663211e+00
   8.7563539e-01
   6.6938806e-01
   7.2412789e-01
   6.2421042e-01
  -6.3002408e-01
  -7.7920606e-01
  -5.8981943e-01
  -3.0913803e-01
  -1.2362851e-01
  -9.1703489e-02
  -2.2200228e-01
  -4.6827880e-01
  -7.0375025e-01
  -7.0980972e-01
  -4.6779812e-01
  -4.3337876e-01
  -6.2154931e-01
  -7.2967419e-01
  -6.1304438e-01
  -4.5569116e-01
  -5.2827322e-01
  -5.7713377e-01
  -3.0738157e-01
   1.1537409e-01
   3.5049427e-01
   2.7464902e-01
  -1.1738512e-01
  -8.1191516e-01
  -1.4087112e+00
  -1.5631550e+00
  -1.2842749e+00
  -1.0276225e+00
  -9.6883452e-01
  -7.4487644e-01
  -2.1523687e-01
   1.3294545e-01
  -1.7316787e-02
  -1.9981417e-01
  -2.2879361e-01
  -3.5857806e-01
  -8.1991029e-01
  -8.7620502e-01
  -7.0185304e-01
  -4.0981233e-01
  -1.0270806e-01
   6.4316183e-02
   5.9679549e-02
  -5.5529914e-02
  -1.7587273e-01
  -2.2978376e-01
  -2.6965524e-01
  -3.8282076e-01
  -5.5913115e-01
  -7.3625986e-01
  -8.1000453e-01
  -8.0200529e-01
  -8.0803018e-01
  -8.6371094e-01
  -8.9898640e-01
  -8.2776283e-01
  -6.0132504e-01
  -2.8765902e-01
   4.3593435e-02
   1.8321624e-01
   9.2274055e-02
  -1.1160454e-01
  -2.7517366e-01
  -3.4952083e-01
  -3.4912812e-01
  -2.4597643e-01
  -8.8870265e-02
   3.1818414e-02
   9.4594704e-03
  -1.2534228e-01
  -3.5083397e-01
  -6.1602557e-01
