  -1.8584438e-02
  -1.8694704e-02
  -1.7906336e-02
  -1.6256517e-02
  -1.4015163e-02
  -1.1646386e-02
  -1.0205137e-02
  -9.3034338e-03
  -8.8014769e-03
  -8.3147145e-03
  -7.3033594e-03
  -7.1222653e-03
  -0.0000000e+00
   0.0000000e+00
   0.0000000e+00
   0.0000000e+00
   0.0000000e+00
   0.0000000e+00
   0.0000000e+00
   0.0000000e+00
   0.0000000e+00
   0.0000000e+00
   0.0000000e+00
   0.0000000e+00
   0.0000000e+00
   0.0000000e+00
   0.0000000e+00
   0.0000000e+00
   0.0000000e+00
   0.0000000e+00
   3.5375920e-03
   2.5889864e-03
  -3.4278725e-04
  -5.3241215e-03
  -1.1287388e-02
  -1.6087338e-02
  -0.0000000e+00
  -0.0000000e+00
  -0.0000000e+00
  -0.0000000e+00
  -0.0000000e+00
  -0.0000000e+00
  -0.0000000e+00
  -0.0000000e+00
  -0.0000000e+00
  -1.3144677e-02
  -1.2451263e-02
  -1.0891781e-02
  -4.7403802e-03
   0.0000000e+00
   0.0000000e+00
   0.0000000e+00
   0.0000000e+00
   0.0000000e+00
   0.0000000e+00
   0.0000000e+00
   0.0000000e+00
   0.0000000e+00
   0.0000000e+00
   0.0000000e+00
   0.0000000e+00
   0.0000000e+00
   0.0000000e+00
   0.0000000e+00
   0.0000000e+00
   0.0000000e+00
   0.0000000e+00
   0.0000000e+00
   1.0373796e-03
  -3.9269964e-03
  -1.1412874e-02
  -0.0000000e+00
   7.8552878e-04
  -6.0921950e-03
  -6.5608547e-03
  -5.7124594e-03
  -4.8960599e-03
  -3.9791969e-03
  -3.4424360e-03
  -2.7555735e-03
  -2.4993117e-03
  -1.5894212e-03
  -2.1819559e-03
   1.1981321e-03
   7.1361344e-03
   1.2718384e-02
   1.4612023e-02
   1.1216424e-02
   4.9092018e-03
   0.0000000e+00
   0.0000000e+00
   0.0000000e+00
   0.0000000e+00
   0.0000000e+00
   0.0000000e+00
   0.0000000e+00
   0.0000000e+00
   0.0000000e+00
   0.0000000e+00
   0.0000000e+00
   0.0000000e+00
   0.0000000e+00
   0.0000000e+00
   0.0000000e+00
   2.0737188e-02
   2.1068186e-02
   2.5858008e-02
   1.8476646e-02
   6.2798224e-02
   4.8054308e-02
   3.6244888e-02
   3.2441303e-02
   3.1444859e-02
   3.0813979e-02
   3.1744629e-02
   3.0419063e-02
   2.6583228e-02
   1.5832460e-02
   1.1038383e-02
   1.2621362e-02
   0.0000000e+00
   0.0000000e+00
   0.0000000e+00
   0.0000000e+00
   0.0000000e+00
   0.0000000e+00
   0.0000000e+00
   0.0000000e+00
   0.0000000e+00
   0.0000000e+00
   0.0000000e+00
   0.0000000e+00
   0.0000000e+00
   0.0000000e+00
   0.0000000e+00
   0.0000000e+00
   0.0000000e+00
   0.0000000e+00
   0.0000000e+00
   0.0000000e+00
   3.7686418e-02
   4.3176217e-02
   5.3668330e-02
   7.0196562e-02
   1.2619665e-01
   1.1999299e-01
   1.0249937e-01
   8.9003451e-02
   7.7409059e-02
   6.7375667e-02
   6.3576333e-02
   5.5736069e-02
   5.3621791e-02
   4.1488055e-02
   3.3415235e-02
   3.3388183e-02
   0.0000000e+00
   0.0000000e+00
   0.0000000e+00
   0.0000000e+00
   0.0000000e+00
   0.0000000e+00
   0.0000000e+00
   0.0000000e+00
   0.0000000e+00
   2.9106896e-02
   1.7144066e-02
   0.0000000e+00
   0.0000000e+00
   0.0000000e+00
   0.0000000e+00
   0.0000000e+00
   0.0000000e+00
   0.0000000e+00
   0.0000000e+00
   0.0000000e+00
   5.1799841e-02
   6.9823218e-02
   8.2299197e-02
   1.1227691e-01
   1.3938534e-01
   1.4317439e-01
   1.3082220e-01
   1.1238187e-01
   9.6566886e-02
   8.1757657e-02
   7.3347211e-02
   6.3724943e-02
   6.3883930e-02
   5.8181450e-02
   5.5870082e-02
   4.8608195e-02
   3.2144648e-02
   0.0000000e+00
   0.0000000e+00
   0.0000000e+00
   0.0000000e+00
   0.0000000e+00
   0.0000000e+00
   0.0000000e+00
   3.7455430e-02
   6.0925633e-02
   4.2411093e-02
   0.0000000e+00
   0.0000000e+00
   0.0000000e+00
   0.0000000e+00
   3.9015260e-02
   3.0715723e-02
   0.0000000e+00
   0.0000000e+00
   0.0000000e+00
   5.7173097e-02
   9.3180254e-02
   1.0969672e-01
   1.2875424e-01
   1.1451753e-01
   1.1642237e-01
   1.0977363e-01
   9.6644618e-02
   8.5468359e-02
   7.4361056e-02
   6.6485330e-02
   5.9510462e-02
   5.8356546e-02
   5.7283811e-02
   5.8858342e-02
   4.7846533e-02
   2.3094497e-02
   0.0000000e+00
   0.0000000e+00
   0.0000000e+00
   0.0000000e+00
   0.0000000e+00
   0.0000000e+00
   3.7284726e-02
   5.4634698e-02
   8.3608881e-02
   5.4236870e-02
   0.0000000e+00
   0.0000000e+00
   0.0000000e+00
   3.3175256e-02
   4.4066745e-02
   4.5037407e-02
   2.5682349e-02
   0.0000000e+00
   0.0000000e+00
   5.7376417e-02
   9.9093795e-02
   1.1436728e-01
   1.1737174e-01
   6.6647753e-02
   5.9811532e-02
   5.5383965e-02
   5.1892910e-02
   4.8586525e-02
   4.5765929e-02
   4.3197330e-02
   3.9575834e-02
   3.6651213e-02
   3.5591248e-02
   3.7627257e-02
   3.0371271e-02
   1.4672477e-02
   9.2110708e-03
   7.9437423e-03
   0.0000000e+00
  -0.0000000e+00
   2.8479833e-03
   1.7577252e-02
   3.8860265e-02
   6.2092952e-02
   7.1441822e-02
   4.3864951e-02
   1.7321411e-02
   1.4246183e-02
   1.8265891e-02
   3.1476944e-02
   4.4812202e-02
   3.8601335e-02
   1.9217642e-02
   0.0000000e+00
   0.0000000e+00
   3.8958470e-02
   6.6559412e-02
   7.3707722e-02
   7.3192835e-02
   1.0616032e-02
   5.8212513e-03
   3.1739301e-03
   3.0293898e-03
   2.6420264e-03
   4.6996982e-03
   6.0160109e-03
   5.5704247e-03
   4.1948035e-03
   4.9174125e-03
   6.9214269e-03
   4.3958966e-03
  -4.9601018e-04
   1.5960383e-04
   2.9290659e-03
   0.0000000e+00
  -0.0000000e+00
  -6.6277352e-03
   9.0218723e-03
   2.3817891e-02
   3.2072593e-02
   3.3538498e-02
   1.7134897e-02
  -1.1097493e-03
  -2.3239914e-03
   2.1683834e-03
   1.2936362e-02
   1.4981586e-02
   6.0336799e-03
   2.8974640e-03
   0.0000000e+00
   0.0000000e+00
   9.7666240e-03
   1.5562946e-02
   1.4504937e-02
   1.2306039e-02
  -3.2978173e-02
  -3.3049531e-02
  -3.3693250e-02
  -3.2975625e-02
  -3.4921497e-02
  -3.2177843e-02
  -3.2292709e-02
  -2.7390733e-02
  -2.6226468e-02
  -2.4086442e-02
  -2.0528937e-02
  -2.2760639e-02
  -1.5414468e-02
  -7.5028818e-03
  -2.2142591e-04
   9.7342526e-04
  -0.0000000e+00
  -1.6116937e-02
  -5.2141994e-03
   0.0000000e+00
  -3.6848392e-03
  -9.0483585e-03
  -1.2437569e-02
  -2.5731938e-02
  -2.4447354e-02
  -2.0304434e-02
  -1.7149666e-02
  -2.1120407e-02
  -1.8960003e-02
  -0.0000000e+00
   0.0000000e+00
   0.0000000e+00
  -0.0000000e+00
  -2.2934116e-02
  -2.5788754e-02
  -3.3312514e-02
  -5.7188485e-02
  -5.5913273e-02
  -5.4785840e-02
  -5.2407056e-02
  -5.5427767e-02
  -5.2495126e-02
  -5.4179251e-02
  -4.6317909e-02
  -4.4348922e-02
  -4.4533700e-02
  -4.1250478e-02
  -4.3523323e-02
  -2.5074616e-02
  -0.0000000e+00
  -1.2588026e-03
   4.1785541e-03
   0.0000000e+00
  -0.0000000e+00
  -1.5748970e-02
  -0.0000000e+00
  -2.6643807e-02
  -4.0965311e-02
  -3.6822002e-02
  -3.4554366e-02
  -2.9796613e-02
  -2.8633546e-02
  -3.4096826e-02
  -4.2581629e-02
  -2.8692462e-02
  -0.0000000e+00
   0.0000000e+00
   0.0000000e+00
  -0.0000000e+00
  -4.1989520e-02
  -4.5822181e-02
  -5.6156017e-02
  -6.7079201e-02
  -6.6630803e-02
  -6.4922005e-02
  -6.0686987e-02
  -6.2929198e-02
  -5.9314691e-02
  -6.0486313e-02
  -5.2865051e-02
  -5.1293992e-02
  -5.5817723e-02
  -5.3809948e-02
  -5.4291766e-02
  -2.9881584e-02
  -1.5533466e-02
   2.9247414e-03
   6.6576411e-03
   0.0000000e+00
  -0.0000000e+00
  -2.0335168e-02
  -2.9269520e-02
  -4.1182168e-02
  -5.7898790e-02
  -5.3105392e-02
  -3.3848168e-02
  -0.0000000e+00
  -0.0000000e+00
  -3.7288202e-02
  -4.8731435e-02
  -2.9720938e-02
  -3.5718603e-03
   0.0000000e+00
   0.0000000e+00
  -0.0000000e+00
  -4.9178481e-02
  -5.4179791e-02
  -6.3289158e-02
  -6.5546528e-02
  -6.7069098e-02
  -6.6433780e-02
  -6.0599387e-02
  -5.9799992e-02
  -5.4759804e-02
  -5.2342117e-02
  -4.8586942e-02
  -4.8420876e-02
  -5.8717415e-02
  -5.8533788e-02
  -5.4511175e-02
  -3.2432288e-02
  -1.7993258e-02
  -1.0113996e-02
   2.6986425e-03
   0.0000000e+00
   0.0000000e+00
  -2.2206785e-02
  -4.3489955e-02
  -4.9990352e-02
  -5.8045559e-02
  -5.9544157e-02
  -2.4882556e-02
  -0.0000000e+00
   0.0000000e+00
  -0.0000000e+00
  -3.9918315e-02
  -2.5096007e-02
   4.8343554e-04
   0.0000000e+00
   0.0000000e+00
  -3.3396780e-02
  -4.8436858e-02
  -5.4481063e-02
  -5.8207560e-02
  -5.3111929e-02
  -5.3972661e-02
  -5.6213975e-02
  -5.1580612e-02
  -4.7628537e-02
  -4.3064304e-02
  -3.7559804e-02
  -3.7814368e-02
  -3.9987843e-02
  -5.2061599e-02
  -5.2552331e-02
  -4.6888143e-02
  -3.3237264e-02
  -2.1700464e-02
  -1.7053142e-02
  -1.3997468e-03
   0.0000000e+00
   0.0000000e+00
  -0.0000000e+00
  -4.5049822e-02
  -5.0916024e-02
  -3.9746605e-02
  -4.3729931e-02
  -1.3898159e-02
  -1.9283341e-03
  -4.6707062e-03
   0.0000000e+00
  -2.3982428e-02
  -1.8325813e-02
   2.7340825e-03
   0.0000000e+00
  -0.0000000e+00
  -2.4450593e-02
  -3.9691396e-02
  -4.4139016e-02
  -4.4968780e-02
  -4.2441156e-02
  -4.1654788e-02
  -4.4036373e-02
  -4.1765161e-02
  -3.8114931e-02
  -3.5949443e-02
  -3.1205412e-02
  -3.3733506e-02
  -3.5811078e-02
  -4.4460267e-02
  -4.4680040e-02
  -3.8730919e-02
  -3.0503508e-02
  -2.0535320e-02
  -1.5459227e-02
   1.6438269e-03
   0.0000000e+00
   0.0000000e+00
   0.0000000e+00
  -3.3947994e-02
  -4.0356979e-02
  -3.2330610e-02
  -2.8503709e-02
  -6.6644331e-03
   2.1015361e-03
   3.4283672e-03
   0.0000000e+00
  -0.0000000e+00
  -1.3579594e-02
   8.0050534e-04
   7.9812706e-03
  -0.0000000e+00
  -2.7606912e-02
  -3.1772405e-02
  -3.4741230e-02
  -3.5405681e-02
  -3.5963457e-02
  -3.4749635e-02
  -3.6615659e-02
  -3.6138386e-02
  -3.3380516e-02
  -3.3671994e-02
  -3.0329756e-02
  -3.4119003e-02
  -3.5063606e-02
  -3.9895173e-02
  -3.9589107e-02
  -3.2495186e-02
  -2.8036056e-02
  -1.6950192e-02
  -9.3399296e-03
   6.4557837e-03
   0.0000000e+00
   0.0000000e+00
   0.0000000e+00
  -2.2752331e-02
  -3.1889608e-02
  -3.1274598e-02
  -2.1828040e-02
  -4.1549276e-03
   1.9417085e-03
   5.5090259e-03
   4.2066264e-03
   0.0000000e+00
  -1.1097642e-02
  -2.8413127e-03
  -8.9662077e-05
  -1.9647963e-02
  -3.0697187e-02
  -2.7697917e-02
  -3.0094914e-02
  -3.0259551e-02
  -3.0047124e-02
  -3.0196989e-02
  -3.0876650e-02
  -3.2000728e-02
  -3.1120475e-02
  -3.4835160e-02
  -3.3893786e-02
  -3.8574405e-02
  -3.7132524e-02
  -3.7063610e-02
  -3.5884250e-02
  -2.5916276e-02
  -2.4443323e-02
  -8.3566261e-03
   4.8662205e-03
   9.5308770e-03
   0.0000000e+00
   0.0000000e+00
  -0.0000000e+00
  -1.1569366e-02
  -2.6003209e-02
  -3.5391588e-02
  -2.2934917e-02
  -6.0849125e-03
  -3.6549761e-03
   4.1814679e-03
   7.9063885e-03
   0.0000000e+00
  -0.0000000e+00
  -8.9199506e-03
  -9.5333727e-03
  -2.3630634e-02
  -3.1645607e-02
  -2.4808809e-02
  -2.8004345e-02
  -2.6300430e-02
  -2.4589762e-02
  -2.5363415e-02
  -2.7030034e-02
  -2.8744498e-02
  -2.8709546e-02
  -3.3506081e-02
  -3.3087276e-02
  -3.7991360e-02
  -3.6264140e-02
  -3.4816056e-02
  -3.3101238e-02
  -2.2385694e-02
  -2.1266611e-02
  -2.0700246e-03
   1.3132240e-02
   1.1960254e-02
   0.0000000e+00
   0.0000000e+00
  -0.0000000e+00
  -9.6414966e-03
  -1.9319501e-02
  -2.9653661e-02
  -2.5582625e-02
  -1.3132419e-02
  -1.0037870e-02
  -3.2556227e-03
   4.2890669e-03
   0.0000000e+00
  -0.0000000e+00
  -1.4750630e-02
  -1.7949613e-02
  -2.5000880e-02
  -2.5076497e-02
  -2.1923894e-02
  -2.4941552e-02
  -2.1978335e-02
  -1.9146111e-02
  -1.9394796e-02
  -2.1367628e-02
  -2.3025978e-02
  -2.3258960e-02
  -2.6775135e-02
  -2.6433066e-02
  -3.0088058e-02
  -2.9220032e-02
  -2.8076835e-02
  -2.5382942e-02
  -1.8067697e-02
  -1.6249796e-02
  -1.8192409e-03
   1.1980407e-02
   1.2450939e-02
   0.0000000e+00
   0.0000000e+00
  -0.0000000e+00
  -9.7454283e-03
  -1.0964703e-02
  -1.8733884e-02
  -2.1456767e-02
  -1.6843600e-02
  -1.1244677e-02
  -5.4164510e-03
   1.0778776e-03
   2.7097916e-04
  -0.0000000e+00
  -1.5935801e-02
  -1.7616782e-02
  -2.0845179e-02
  -1.9538291e-02
  -1.8229594e-02
  -2.0259310e-02
  -1.7407285e-02
  -1.7793249e-02
  -1.7717853e-02
  -2.0457603e-02
  -2.2541095e-02
  -2.3974922e-02
  -2.6722897e-02
  -2.7394591e-02
  -3.0756678e-02
  -3.1888086e-02
  -3.2597888e-02
  -2.9908158e-02
  -2.5080148e-02
  -2.0596413e-02
  -5.8134291e-03
   6.2137661e-03
   1.0358226e-02
   0.0000000e+00
   0.0000000e+00
  -0.0000000e+00
  -1.1683243e-02
  -5.1534981e-03
  -5.0443821e-03
  -1.7472267e-02
  -2.1309447e-02
  -1.4773821e-02
  -1.0075985e-02
  -4.4120224e-03
  -2.6952659e-03
  -1.0288781e-02
  -1.6868530e-02
  -1.6485773e-02
  -1.8232815e-02
  -1.7409801e-02
  -1.7932590e-02
  -1.8869860e-02
  -1.6738975e-02
  -1.5094747e-02
  -1.3990076e-02
  -1.5783975e-02
  -1.7010892e-02
  -1.9676343e-02
  -2.0554425e-02
  -2.2011355e-02
  -2.4147274e-02
  -2.6306862e-02
  -2.9150434e-02
  -2.8581697e-02
  -3.0678362e-02
  -2.4469955e-02
  -1.8518396e-02
  -1.0971510e-02
  -1.4616834e-04
   0.0000000e+00
   0.0000000e+00
   0.0000000e+00
  -1.5187317e-02
   3.5521437e-03
   7.8797153e-03
  -0.0000000e+00
  -1.8667553e-02
  -1.8622156e-02
  -1.5007090e-02
  -1.0661772e-02
  -9.3082841e-03
  -1.4238375e-02
  -1.4948483e-02
  -1.2305482e-02
  -1.5339044e-02
  -1.6335651e-02
  -1.7888268e-02
  -1.7377743e-02
  -1.6113138e-02
  -1.7274451e-02
  -1.4973153e-02
  -1.4864324e-02
  -1.4464272e-02
  -1.6829768e-02
  -1.8211570e-02
  -1.9367827e-02
  -2.0774677e-02
  -2.1770431e-02
  -2.5370982e-02
  -2.7843313e-02
  -3.3697847e-02
  -3.1557728e-02
  -3.3619124e-02
  -3.5763592e-02
  -2.5486261e-02
  -2.1711859e-02
  -1.6955419e-02
  -1.3871648e-02
  -1.7065772e-02
   3.6562539e-03
   6.6442609e-03
  -0.0000000e+00
  -1.2411714e-02
  -1.8552067e-02
  -1.9217461e-02
  -1.8498361e-02
  -2.1515263e-02
  -2.0706154e-02
  -1.8051345e-02
  -1.6699057e-02
  -1.9786220e-02
  -2.0860773e-02
  -2.2066316e-02
  -2.1768734e-02
  -1.9547991e-02
  -2.5103234e-02
  -2.2306181e-02
  -2.0797160e-02
  -1.9521073e-02
  -2.0819733e-02
  -2.2720516e-02
  -2.3299668e-02
  -2.3868622e-02
  -2.4117848e-02
  -2.7250012e-02
  -3.1050881e-02
  -3.7496213e-02
  -3.9223306e-02
  -4.4840883e-02
  -5.4113071e-02
  -3.9314745e-02
  -2.9313115e-02
  -2.4103627e-02
  -2.0622218e-02
  -1.9484779e-02
  -2.5928200e-03
   0.0000000e+00
  -1.3284947e-02
  -1.1072921e-02
  -1.8539969e-02
  -2.3533732e-02
  -2.6850671e-02
  -3.1590641e-02
  -2.8252989e-02
  -2.5814110e-02
  -2.5863081e-02
  -2.7926451e-02
  -2.9152149e-02
  -3.0286798e-02
  -3.0208511e-02
  -2.7363962e-02
  -4.0295694e-02
  -3.7330512e-02
  -3.4477420e-02
  -3.2888565e-02
  -3.2576062e-02
  -3.4938082e-02
  -3.4530148e-02
  -3.3976018e-02
  -3.3655558e-02
  -3.5177618e-02
  -3.9249860e-02
  -4.3945998e-02
  -4.9703218e-02
  -5.6157947e-02
  -7.2393224e-02
  -6.5623917e-02
  -4.0413279e-02
  -3.7475351e-02
  -3.4306294e-02
  -2.2915209e-02
  -1.5440786e-02
  -0.0000000e+00
  -1.4165916e-02
  -1.5285454e-02
  -2.0164028e-02
  -3.0176464e-02
  -3.8635690e-02
  -4.3378331e-02
  -3.9837457e-02
  -3.9667208e-02
  -4.1300211e-02
  -4.1744862e-02
  -4.3479361e-02
  -4.4875696e-02
  -4.5059018e-02
  -4.1812789e-02
  -5.5900525e-02
  -5.4106016e-02
  -5.0758209e-02
  -5.0776612e-02
  -5.1099971e-02
  -5.2798543e-02
  -5.2242521e-02
  -5.1266938e-02
  -5.0729092e-02
  -4.9184151e-02
  -5.1455852e-02
  -5.2330114e-02
  -5.8389217e-02
  -6.3055113e-02
  -7.2274432e-02
  -7.1548805e-02
  -4.6144627e-02
  -4.7587387e-02
  -4.4777609e-02
  -3.0211987e-02
  -2.9292487e-02
  -2.1416178e-02
  -2.4511684e-02
  -2.9041316e-02
  -2.5450823e-02
  -3.9068781e-02
  -4.8699327e-02
  -5.0315712e-02
  -5.2520990e-02
  -5.1486850e-02
  -5.3127155e-02
  -5.4072153e-02
  -5.6822795e-02
  -5.8378674e-02
  -5.8309522e-02
  -5.6900844e-02
  -5.9615761e-02
  -5.8333028e-02
  -5.5403933e-02
  -5.6381788e-02
  -5.8578558e-02
  -5.9865475e-02
  -6.0257319e-02
  -5.9344210e-02
  -5.7766706e-02
  -5.5079997e-02
  -5.3997293e-02
  -5.2006409e-02
  -5.4404560e-02
  -5.5588923e-02
  -5.8644261e-02
  -5.9861172e-02
  -4.5447055e-02
  -4.1423716e-02
  -3.6427747e-02
  -2.8814394e-02
  -2.7247390e-02
  -1.9684667e-02
  -2.8221056e-02
  -3.4180332e-02
  -2.9336152e-02
  -4.2311195e-02
  -4.8972975e-02
  -5.0597791e-02
  -5.4467715e-02
  -5.1789079e-02
  -5.2827373e-02
  -5.4798879e-02
  -5.9049830e-02
  -6.0473200e-02
  -6.0352240e-02
  -6.0880721e-02
  -5.0959572e-02
  -5.0153796e-02
  -4.8820984e-02
  -5.0523750e-02
  -5.3660247e-02
  -5.4887928e-02
  -5.5989549e-02
  -5.5158354e-02
  -5.3330828e-02
  -5.1072329e-02
  -4.7950126e-02
  -4.4194598e-02
  -4.2282812e-02
  -4.0768437e-02
  -4.1791432e-02
  -4.3978214e-02
  -3.7809294e-02
  -2.8063370e-02
  -2.1629386e-02
  -1.8393056e-02
  -1.5296190e-02
  -1.1951609e-02
  -2.1186601e-02
  -2.6203966e-02
  -2.4110572e-02
  -3.4096595e-02
  -3.9590064e-02
  -4.1102868e-02
  -4.3788549e-02
  -4.2141397e-02
  -4.3028042e-02
  -4.4940665e-02
  -4.9084481e-02
  -5.1166888e-02
  -5.1286034e-02
  -5.2207612e-02
  -2.8964514e-02
  -2.8914863e-02
  -3.0175844e-02
  -3.2539129e-02
  -3.5725661e-02
  -3.6909290e-02
  -3.8343005e-02
  -3.7710238e-02
  -3.6444187e-02
  -3.5541136e-02
  -3.1884506e-02
  -2.7487805e-02
  -2.1615392e-02
  -1.8698273e-02
  -2.1076152e-02
  -2.3443997e-02
  -2.1748377e-02
  -1.1346121e-02
  -0.0000000e+00
  -3.1550313e-03
  -3.1968378e-04
   2.4417473e-04
  -2.7702190e-03
  -3.5692095e-03
  -5.9745974e-03
  -1.0925440e-02
  -1.6575875e-02
  -1.7883820e-02
  -1.8290292e-02
  -1.9848544e-02
  -2.1285357e-02
  -2.3041572e-02
  -2.5926298e-02
  -2.8946046e-02
  -2.9558299e-02
  -2.9742865e-02
   7.0413915e-03
   5.6608245e-03
   2.0437052e-03
  -5.7824713e-04
  -3.0561837e-03
  -3.4891018e-03
  -4.6051200e-03
  -4.6955757e-03
  -4.8543615e-03
  -5.1391888e-03
  -2.8974600e-03
  -1.2267724e-04
   6.6139637e-03
   9.0724602e-03
   5.0680139e-03
   5.4605440e-03
   6.4891400e-03
   6.8308860e-03
   0.0000000e+00
   0.0000000e+00
   0.0000000e+00
   1.1930041e-02
   2.7027983e-02
   3.4354676e-02
   2.6567129e-02
   3.1439384e-02
   2.7466763e-02
   2.6095420e-02
   2.5205310e-02
   1.9693796e-02
   1.6515197e-02
   1.2770024e-02
   1.0584819e-02
   7.8781787e-03
   6.9738217e-03
   7.4107200e-03
   4.5711774e-02
   4.3160629e-02
   3.8998302e-02
   3.6698084e-02
   3.3592172e-02
   3.4473967e-02
   3.4593426e-02
   3.5143413e-02
   3.5276618e-02
   3.4753073e-02
   3.5941280e-02
   3.6182977e-02
   4.2677913e-02
   4.2687237e-02
   4.1504543e-02
   4.8988171e-02
   4.1549120e-02
   2.2088131e-02
   0.0000000e+00
   0.0000000e+00
   0.0000000e+00
   2.7417080e-02
   5.6314631e-02
   7.0880376e-02
   6.4533578e-02
   7.7046105e-02
   7.8303084e-02
   7.9352118e-02
   7.3512249e-02
   6.6927709e-02
   6.2975384e-02
   5.5531710e-02
   5.1865570e-02
   4.9149599e-02
   4.8293840e-02
   4.6792269e-02
   7.2959773e-02
   6.9504946e-02
   6.6431828e-02
   6.5496854e-02
   6.2033646e-02
   6.3618422e-02
   6.3898750e-02
   6.7534573e-02
   6.9034152e-02
   6.9917426e-02
   7.1704440e-02
   7.1437351e-02
   7.7521473e-02
   7.4352309e-02
   8.2415029e-02
   9.3219064e-02
   6.6916421e-02
   0.0000000e+00
   0.0000000e+00
   0.0000000e+00
   0.0000000e+00
   4.0847522e-02
   6.9628872e-02
   7.9188757e-02
   8.1568696e-02
   9.2883036e-02
   1.0019647e-01
   1.0993981e-01
   1.0547438e-01
   1.0250759e-01
   9.6586846e-02
   8.7804854e-02
   8.2582287e-02
   7.7955738e-02
   7.7484235e-02
   7.3767431e-02
   7.9346105e-02
   7.6425612e-02
   7.4961044e-02
   7.4543960e-02
   7.3773347e-02
   7.5655885e-02
   7.7103294e-02
   8.1724450e-02
   8.3034083e-02
   8.5899390e-02
   8.9524060e-02
   9.2123710e-02
   9.5220387e-02
   9.1876693e-02
   1.0376493e-01
   1.0660920e-01
   7.9097100e-02
   5.3203738e-02
   4.0411092e-02
   4.4523350e-02
   5.0843643e-02
   5.4342397e-02
   6.3012674e-02
   6.5912336e-02
   7.4466631e-02
   8.4482387e-02
   8.9733966e-02
   1.0042152e-01
   1.0353050e-01
   1.0437621e-01
   9.9119782e-02
   9.3725055e-02
   8.9584693e-02
   8.4836505e-02
   8.5255228e-02
   8.2045183e-02
   6.7278057e-02
   6.5523691e-02
   6.4410873e-02
   6.4967759e-02
   6.7892075e-02
   6.9960572e-02
   7.2540618e-02
   7.3711246e-02
   7.5706109e-02
   7.9157375e-02
   8.2091436e-02
   8.7976314e-02
   8.7122850e-02
   8.7884128e-02
   9.3966655e-02
   8.6845666e-02
   8.0725461e-02
   7.4611120e-02
   6.7087017e-02
   7.1546264e-02
   6.8119302e-02
   5.3149104e-02
   4.6730045e-02
   4.5172002e-02
   5.0036866e-02
   6.3088566e-02
   6.6645056e-02
   6.8271644e-02
   7.3889799e-02
   7.5488947e-02
   7.3050246e-02
   7.1684569e-02
   7.1668617e-02
   7.1443364e-02
   7.1955949e-02
   7.0499040e-02
   3.3568107e-02
   3.5483327e-02
   3.6725689e-02
   3.8313355e-02
   4.0699568e-02
   4.2249452e-02
   4.4565193e-02
   4.3971218e-02
   4.7579855e-02
   4.8752654e-02
   4.8205730e-02
   5.1276933e-02
   4.8491001e-02
   5.3234968e-02
   5.3935971e-02
   4.7043934e-02
   5.4412149e-02
   6.2376939e-02
   6.4614937e-02
   6.1573435e-02
   4.8152596e-02
   3.1695366e-02
   2.0242812e-02
   1.6924968e-02
   1.4446869e-02
   2.3656482e-02
   2.9798603e-02
   2.4083294e-02
   2.5512369e-02
   2.8005315e-02
   2.6677722e-02
   2.6001114e-02
   2.8709296e-02
   3.3887442e-02
   3.5357073e-02
   3.4398738e-02
  -5.0254934e-03
   3.6733859e-04
   4.5048185e-03
   6.5965611e-03
   6.4396197e-03
   4.7730813e-03
   4.3926197e-03
   4.4803121e-03
   6.5930709e-03
   5.9288815e-03
   3.9896383e-03
   2.6901297e-03
   5.9246138e-04
   4.1395598e-03
   4.6028942e-03
   1.4289883e-03
   4.6247784e-03
   6.9307126e-03
   7.0709982e-03
   6.2577464e-03
   5.2921483e-03
   1.6408346e-03
  -5.2423198e-03
  -1.0042956e-02
  -1.6241251e-02
  -1.8169969e-02
  -1.6983051e-02
  -2.0652993e-02
  -1.9756483e-02
  -1.6490873e-02
  -1.7002933e-02
  -1.7643614e-02
  -1.4867030e-02
  -1.0630142e-02
  -9.1029024e-03
  -8.1799002e-03
  -2.5967151e-02
  -2.3758603e-02
  -2.2696739e-02
  -2.2814346e-02
  -2.4062034e-02
  -2.5475921e-02
  -2.6357410e-02
  -2.7440796e-02
  -2.9021917e-02
  -3.0618375e-02
  -3.1215003e-02
  -3.0983230e-02
  -3.1308480e-02
  -3.2775033e-02
  -3.5005957e-02
  -3.5573497e-02
  -3.2077249e-02
  -2.6030699e-02
  -2.0689512e-02
  -1.6884273e-02
  -1.5403166e-02
  -1.6680861e-02
  -1.9581128e-02
  -2.2338688e-02
  -2.6055817e-02
  -3.1031515e-02
  -3.6138430e-02
  -4.0066313e-02
  -4.2024814e-02
  -4.2685449e-02
  -4.2920731e-02
  -4.1810986e-02
  -3.8958441e-02
  -3.5738096e-02
  -3.2076538e-02
  -2.8609991e-02
