  -1.8180697e-02
  -1.7398056e-02
  -1.5929800e-02
  -1.3973645e-02
  -1.1756646e-02
  -1.0359261e-02
  -9.5209435e-03
  -9.9374990e-03
  -1.0769145e-02
  -1.1221927e-02
  -1.1075742e-02
  -9.5016459e-03
   0.0000000e+00
   0.0000000e+00
   0.0000000e+00
   0.0000000e+00
   0.0000000e+00
   0.0000000e+00
   0.0000000e+00
   0.0000000e+00
   0.0000000e+00
   0.0000000e+00
   0.0000000e+00
   0.0000000e+00
   0.0000000e+00
   0.0000000e+00
   0.0000000e+00
   0.0000000e+00
   0.0000000e+00
   0.0000000e+00
   2.5225101e-03
   1.1727550e-03
  -3.6138853e-03
  -9.3070455e-03
  -1.3703323e-02
  -1.7395844e-02
  -0.0000000e+00
  -0.0000000e+00
  -0.0000000e+00
  -0.0000000e+00
  -0.0000000e+00
  -0.0000000e+00
  -0.0000000e+00
  -0.0000000e+00
  -0.0000000e+00
  -9.8993195e-03
  -7.2738211e-03
  -2.8187570e-03
   7.1445149e-03
   1.1742304e-02
   1.0426916e-02
   4.1870838e-03
  -5.5208905e-04
  -0.0000000e+00
   0.0000000e+00
   0.0000000e+00
   0.0000000e+00
   0.0000000e+00
   0.0000000e+00
   0.0000000e+00
   0.0000000e+00
   0.0000000e+00
   0.0000000e+00
   0.0000000e+00
   0.0000000e+00
   0.0000000e+00
   0.0000000e+00
   0.0000000e+00
   8.0190189e-03
   9.0106476e-03
   8.1416545e-03
  -0.0000000e+00
   2.1205673e-02
   1.2564985e-02
   9.3614236e-03
   1.0970856e-02
   1.2275436e-02
   1.4128475e-02
   1.4893658e-02
   1.4317236e-02
   9.4218543e-03
   5.2863870e-03
   5.4737952e-03
   9.1087362e-03
   1.3517577e-02
   1.6787839e-02
   1.7292262e-02
   1.1025903e-02
   6.4575579e-03
   0.0000000e+00
   0.0000000e+00
   0.0000000e+00
   0.0000000e+00
   0.0000000e+00
   0.0000000e+00
   0.0000000e+00
   0.0000000e+00
   0.0000000e+00
   0.0000000e+00
   0.0000000e+00
   0.0000000e+00
   0.0000000e+00
   0.0000000e+00
   0.0000000e+00
   3.3728246e-02
   3.6821280e-02
   4.7353193e-02
   3.9391067e-02
   9.4831035e-02
   8.1397846e-02
   6.6825792e-02
   6.0177792e-02
   5.3481996e-02
   5.1117171e-02
   4.7810256e-02
   4.4460513e-02
   3.7220124e-02
   2.2644912e-02
   2.5063106e-02
   2.0304672e-02
   0.0000000e+00
   0.0000000e+00
   0.0000000e+00
   0.0000000e+00
   0.0000000e+00
   0.0000000e+00
   0.0000000e+00
   0.0000000e+00
   0.0000000e+00
   0.0000000e+00
   1.0045301e-02
   0.0000000e+00
   0.0000000e+00
   0.0000000e+00
   0.0000000e+00
   0.0000000e+00
   0.0000000e+00
   0.0000000e+00
   0.0000000e+00
   0.0000000e+00
   5.3391309e-02
   5.9680261e-02
   8.1394116e-02
   9.9902481e-02
   1.3727994e-01
   1.3081147e-01
   1.1118101e-01
   9.6235901e-02
   8.2210794e-02
   7.3221013e-02
   6.4735606e-02
   6.0242090e-02
   5.7405900e-02
   4.5736123e-02
   4.7789741e-02
   3.1853476e-02
   0.0000000e+00
   0.0000000e+00
   0.0000000e+00
   0.0000000e+00
   0.0000000e+00
   0.0000000e+00
   0.0000000e+00
   0.0000000e+00
   0.0000000e+00
   4.1668628e-02
   2.0782027e-02
   0.0000000e+00
   0.0000000e+00
   0.0000000e+00
   0.0000000e+00
   0.0000000e+00
   0.0000000e+00
   0.0000000e+00
   0.0000000e+00
   0.0000000e+00
   7.1181759e-02
   8.9740232e-02
   1.0810705e-01
   1.3175265e-01
   1.3082980e-01
   1.3071890e-01
   1.1441343e-01
   9.9448122e-02
   8.6347684e-02
   7.5237319e-02
   6.6081345e-02
   6.2085353e-02
   6.1759565e-02
   5.8354549e-02
   5.9388448e-02
   3.5790810e-02
   1.5363956e-02
   0.0000000e+00
   0.0000000e+00
   0.0000000e+00
   0.0000000e+00
   0.0000000e+00
   0.0000000e+00
   0.0000000e+00
   6.0730822e-02
   7.1120329e-02
   3.9102938e-02
   0.0000000e+00
   0.0000000e+00
   0.0000000e+00
   0.0000000e+00
   4.5281760e-02
   2.9967746e-02
   0.0000000e+00
   0.0000000e+00
   0.0000000e+00
   8.0194749e-02
   1.0986266e-01
   1.2062258e-01
   1.2786895e-01
   8.8372543e-02
   8.5804686e-02
   7.7833079e-02
   7.0315212e-02
   6.3880540e-02
   5.7743266e-02
   5.2158438e-02
   4.8741225e-02
   4.7221217e-02
   4.7550388e-02
   4.7522079e-02
   2.8063187e-02
   1.1967486e-02
   0.0000000e+00
   0.0000000e+00
   0.0000000e+00
   0.0000000e+00
   0.0000000e+00
   0.0000000e+00
   4.5477137e-02
   7.2550289e-02
   6.9744006e-02
   3.5893431e-02
   0.0000000e+00
   0.0000000e+00
   0.0000000e+00
   3.7692459e-02
   4.7518041e-02
   3.1218376e-02
   2.3092657e-02
   0.0000000e+00
   0.0000000e+00
   6.9483615e-02
   9.3204230e-02
   9.6630685e-02
   9.3383715e-02
   3.6128022e-02
   3.1284880e-02
   2.8966997e-02
   2.7067624e-02
   2.6142979e-02
   2.5979897e-02
   2.4479222e-02
   2.2296401e-02
   2.0665996e-02
   2.2080565e-02
   2.2241779e-02
   1.2368165e-02
   4.7369110e-03
   5.6617285e-03
   3.2105162e-03
   0.0000000e+00
  -0.0000000e+00
   4.2159194e-03
   2.3081487e-02
   3.9509043e-02
   5.3811468e-02
   4.5237217e-02
   1.8097568e-02
   6.5922225e-03
   8.7985462e-03
   1.5973082e-02
   2.8897723e-02
   2.9376829e-02
   1.6294938e-02
   1.1542398e-02
   0.0000000e+00
   0.0000000e+00
   3.4649909e-02
   4.5153711e-02
   4.4589821e-02
   4.1796967e-02
  -1.0041012e-02
  -1.3549711e-02
  -1.3228691e-02
  -1.4160849e-02
  -1.3079647e-02
  -1.0800352e-02
  -9.7379498e-03
  -8.7233502e-03
  -9.2292251e-03
  -5.9926254e-03
  -6.0863793e-03
  -7.7881576e-03
  -5.3053591e-03
  -8.5681869e-04
   2.5266310e-03
  -0.0000000e+00
  -0.0000000e+00
  -4.5790970e-03
   1.3041644e-02
   1.7425476e-02
   1.6247669e-02
   1.2015261e-02
  -4.5131240e-03
  -1.3095201e-02
  -9.3635470e-03
  -3.5622851e-03
   2.2321241e-03
  -3.9515346e-03
  -2.9817970e-03
   7.1757151e-04
   0.0000000e+00
   0.0000000e+00
  -1.3954821e-03
  -3.1340325e-03
  -6.5054116e-03
  -9.1402270e-03
  -4.4711690e-02
  -4.5886677e-02
  -4.3225579e-02
  -4.5668200e-02
  -4.4918705e-02
  -4.3837979e-02
  -4.1929938e-02
  -3.5799202e-02
  -3.6292199e-02
  -3.0561851e-02
  -3.2001220e-02
  -2.7744273e-02
  -1.4390577e-02
  -6.7294285e-03
   3.8496568e-03
  -3.8022848e-03
  -0.0000000e+00
  -1.6313449e-02
  -5.0738139e-03
  -0.0000000e+00
  -2.2554051e-02
  -2.2172187e-02
  -2.7934209e-02
  -3.3575039e-02
  -2.7538525e-02
  -2.6514096e-02
  -2.8501173e-02
  -3.2514393e-02
  -1.7547299e-02
   0.0000000e+00
   0.0000000e+00
   0.0000000e+00
  -0.0000000e+00
  -3.6904696e-02
  -4.1773997e-02
  -4.8285969e-02
  -6.5497622e-02
  -6.6050969e-02
  -6.0278721e-02
  -6.2186148e-02
  -6.1850253e-02
  -6.1464388e-02
  -5.9996862e-02
  -5.0784890e-02
  -5.5012636e-02
  -5.1777434e-02
  -5.5550113e-02
  -4.3509286e-02
  -1.8345002e-02
  -0.0000000e+00
   7.0330443e-03
   2.1048787e-03
  -0.0000000e+00
  -0.0000000e+00
  -1.9905151e-02
  -0.0000000e+00
  -4.9600955e-02
  -5.6118742e-02
  -4.2590115e-02
  -3.2536785e-02
  -2.8631692e-02
  -3.3977725e-02
  -4.6684876e-02
  -4.5257736e-02
  -1.7888975e-02
  -0.0000000e+00
   0.0000000e+00
   0.0000000e+00
  -0.0000000e+00
  -5.3767275e-02
  -5.8097325e-02
  -6.7893401e-02
  -6.6951573e-02
  -6.7860946e-02
  -6.2744662e-02
  -6.0382519e-02
  -5.9146132e-02
  -5.4623790e-02
  -5.3414863e-02
  -4.7471527e-02
  -5.4326937e-02
  -5.8379963e-02
  -5.8050148e-02
  -4.5244776e-02
  -1.9804464e-02
  -1.6166335e-02
   3.4977875e-03
   0.0000000e+00
   0.0000000e+00
  -0.0000000e+00
  -2.9197680e-02
  -4.4441823e-02
  -4.9905378e-02
  -6.3995935e-02
  -4.3360543e-02
  -2.1506649e-02
  -0.0000000e+00
  -0.0000000e+00
  -3.7727014e-02
  -3.8998906e-02
  -1.1915863e-02
   1.4975151e-03
   0.0000000e+00
   0.0000000e+00
  -0.0000000e+00
  -5.5098496e-02
  -5.5974334e-02
  -6.4316966e-02
  -6.0575750e-02
  -6.1528709e-02
  -5.9144836e-02
  -5.4043464e-02
  -5.2306268e-02
  -4.5861382e-02
  -4.4349015e-02
  -4.1989155e-02
  -4.9809407e-02
  -5.7346035e-02
  -5.4306965e-02
  -4.4067942e-02
  -2.2747179e-02
  -2.0230712e-02
  -3.0280962e-03
   0.0000000e+00
   0.0000000e+00
  -0.0000000e+00
  -2.9490585e-02
  -5.1816292e-02
  -4.5203373e-02
  -5.4307573e-02
  -3.6976844e-02
  -9.1493819e-03
   0.0000000e+00
   0.0000000e+00
  -0.0000000e+00
  -2.9680017e-02
  -9.3876915e-03
   4.6944838e-03
   0.0000000e+00
  -0.0000000e+00
  -3.5517865e-02
  -4.9391933e-02
  -4.9060941e-02
  -5.6044057e-02
  -5.0656371e-02
  -5.1156309e-02
  -5.2026618e-02
  -4.5362528e-02
  -4.3619685e-02
  -3.6608502e-02
  -3.4997869e-02
  -3.6066636e-02
  -4.3422032e-02
  -5.2496616e-02
  -4.7569063e-02
  -4.0776502e-02
  -2.4765139e-02
  -2.2869330e-02
  -6.0880617e-03
   0.0000000e+00
   0.0000000e+00
   0.0000000e+00
  -0.0000000e+00
  -5.1286481e-02
  -3.8094975e-02
  -3.9364655e-02
  -2.6897023e-02
  -2.4120438e-03
  -1.1111585e-03
   4.3293336e-04
  -0.0000000e+00
  -1.9745769e-02
  -7.8696012e-03
   7.5765139e-03
   0.0000000e+00
  -0.0000000e+00
  -3.1920932e-02
  -4.0653512e-02
  -4.0028714e-02
  -4.5826692e-02
  -3.7976082e-02
  -3.6540393e-02
  -3.9632495e-02
  -3.4725796e-02
  -3.4467053e-02
  -3.0412806e-02
  -3.0039076e-02
  -3.3085193e-02
  -3.6603332e-02
  -4.2678259e-02
  -3.7370354e-02
  -3.3328477e-02
  -2.3291634e-02
  -1.9075487e-02
  -4.5422485e-03
   1.3734529e-02
   0.0000000e+00
   0.0000000e+00
  -0.0000000e+00
  -3.2519168e-02
  -3.1599686e-02
  -2.6889717e-02
  -1.3092276e-02
   1.5313895e-03
   5.3116423e-03
   4.8505788e-03
   0.0000000e+00
  -0.0000000e+00
  -7.8399712e-03
   4.4088334e-03
   9.6714201e-04
  -0.0000000e+00
  -2.8847942e-02
  -2.9451109e-02
  -3.0223755e-02
  -3.4776777e-02
  -3.3074886e-02
  -3.1545345e-02
  -3.4559634e-02
  -3.2052044e-02
  -3.3819716e-02
  -3.3651561e-02
  -3.4543913e-02
  -3.7653048e-02
  -3.6178205e-02
  -3.9418589e-02
  -3.2302238e-02
  -2.7551645e-02
  -1.9762825e-02
  -4.7118240e-03
   2.5185812e-03
   1.2257181e-02
   0.0000000e+00
   0.0000000e+00
  -0.0000000e+00
  -1.7428334e-02
  -3.0715822e-02
  -3.1134792e-02
  -1.2884402e-02
  -2.2441400e-03
   9.8742510e-04
   7.0698881e-03
   5.5387958e-03
  -0.0000000e+00
  -8.8794724e-03
  -4.5193722e-03
  -1.2788427e-02
  -2.9351879e-02
  -2.7516482e-02
  -2.6956482e-02
  -2.8035838e-02
  -2.9478323e-02
  -2.9091198e-02
  -2.8072352e-02
  -3.1305436e-02
  -3.0000858e-02
  -3.2788258e-02
  -3.4482252e-02
  -3.5855003e-02
  -3.9095830e-02
  -3.5497569e-02
  -3.7393425e-02
  -2.9398268e-02
  -2.4292620e-02
  -1.6697109e-02
   4.1319071e-03
   8.5881039e-03
   1.2035816e-02
   0.0000000e+00
   0.0000000e+00
  -0.0000000e+00
  -1.0880904e-02
  -2.8363693e-02
  -3.1703882e-02
  -1.5915483e-02
  -6.8043210e-03
  -3.8997205e-03
   5.0598341e-03
   4.3526923e-03
   0.0000000e+00
  -0.0000000e+00
  -1.1562087e-02
  -1.8282656e-02
  -2.9449526e-02
  -2.4930874e-02
  -2.5224222e-02
  -2.5765045e-02
  -2.5538260e-02
  -2.3681955e-02
  -2.3179961e-02
  -2.6760949e-02
  -2.5794601e-02
  -2.8832829e-02
  -3.0861413e-02
  -3.2141980e-02
  -3.4957021e-02
  -3.0438824e-02
  -3.1273924e-02
  -2.3291629e-02
  -1.8678909e-02
  -1.1828573e-02
   1.0153620e-02
   1.2338547e-02
   1.3034497e-02
   0.0000000e+00
   0.0000000e+00
  -0.0000000e+00
  -9.4314414e-03
  -2.3550562e-02
  -2.9326575e-02
  -1.9415833e-02
  -1.0939115e-02
  -8.0330027e-03
   1.3355773e-03
   3.3715534e-03
  -0.0000000e+00
  -0.0000000e+00
  -1.7259922e-02
  -2.1818692e-02
  -2.5329363e-02
  -2.0377766e-02
  -2.2437837e-02
  -2.1889186e-02
  -2.0683840e-02
  -1.7383233e-02
  -1.7845945e-02
  -2.1451386e-02
  -2.2078251e-02
  -2.4314459e-02
  -2.5744250e-02
  -2.7432686e-02
  -2.9732175e-02
  -2.9544367e-02
  -2.8949475e-02
  -2.3441378e-02
  -1.9938884e-02
  -1.1171507e-02
   4.0188972e-03
   1.2164402e-02
   1.1028003e-02
   0.0000000e+00
   0.0000000e+00
  -0.0000000e+00
  -9.1093984e-03
  -5.1194876e-03
  -1.2609545e-02
  -2.2142967e-02
  -1.6795177e-02
  -1.0186289e-02
  -5.8179735e-03
  -7.3697802e-04
  -2.0277509e-03
  -0.0000000e+00
  -1.7116098e-02
  -1.7272547e-02
  -1.7810356e-02
  -1.6077515e-02
  -1.8108439e-02
  -1.6752988e-02
  -1.6246155e-02
  -1.6059844e-02
  -1.6645936e-02
  -1.9112920e-02
  -2.0658541e-02
  -2.2940585e-02
  -2.3841739e-02
  -2.6237002e-02
  -2.8119812e-02
  -3.0303363e-02
  -3.0796528e-02
  -2.9210661e-02
  -2.7276319e-02
  -1.7586624e-02
  -9.3285013e-03
   2.1212192e-03
   6.3901546e-03
   0.0000000e+00
   0.0000000e+00
  -0.0000000e+00
  -8.4387474e-03
   4.1165990e-03
  -4.6204687e-03
  -1.8016297e-02
  -1.8943742e-02
  -1.5068049e-02
  -1.0805058e-02
  -6.4646485e-03
  -8.3147221e-03
  -1.6075343e-02
  -1.4515636e-02
  -1.5352312e-02
  -1.7175265e-02
  -1.7193690e-02
  -1.8762257e-02
  -1.7278410e-02
  -1.6672874e-02
  -1.4634836e-02
  -1.4727616e-02
  -1.5573639e-02
  -1.7220141e-02
  -1.9370327e-02
  -1.9855376e-02
  -2.2304628e-02
  -2.3268538e-02
  -2.6676714e-02
  -2.8229404e-02
  -3.0444849e-02
  -3.1041872e-02
  -2.4068089e-02
  -2.4702705e-02
  -1.2437426e-02
   1.1201161e-03
  -0.0000000e+00
   0.0000000e+00
  -0.0000000e+00
  -8.0792354e-03
   1.0275197e-02
   4.3809690e-03
  -0.0000000e+00
  -1.7492501e-02
  -1.8224003e-02
  -1.4741415e-02
  -1.3342110e-02
  -1.5089886e-02
  -1.7397225e-02
  -1.3822952e-02
  -1.4981720e-02
  -1.7423799e-02
  -1.8332396e-02
  -1.9512042e-02
  -1.7951485e-02
  -1.6764345e-02
  -1.6752733e-02
  -1.5424026e-02
  -1.4274424e-02
  -1.4682136e-02
  -1.7191058e-02
  -1.7884884e-02
  -1.9594403e-02
  -1.9595591e-02
  -2.2166343e-02
  -2.5880072e-02
  -3.0898323e-02
  -3.5650253e-02
  -3.4602270e-02
  -4.4985794e-02
  -3.6763968e-02
  -2.3653399e-02
  -2.2400381e-02
  -1.3832135e-02
  -1.7611439e-02
  -9.2794849e-03
   8.8719670e-03
   1.3507689e-03
  -0.0000000e+00
  -1.2483284e-02
  -2.1609645e-02
  -1.9924227e-02
  -2.4314934e-02
  -2.5056353e-02
  -2.1328360e-02
  -1.8506804e-02
  -2.0033298e-02
  -2.2467993e-02
  -2.2961659e-02
  -2.4132190e-02
  -2.2374328e-02
  -1.9891851e-02
  -3.3694521e-02
  -3.0755499e-02
  -2.8877109e-02
  -2.7459461e-02
  -2.9220344e-02
  -3.0532522e-02
  -2.9968850e-02
  -2.9812057e-02
  -3.0578107e-02
  -3.4354668e-02
  -3.8439285e-02
  -4.4769432e-02
  -4.8908059e-02
  -6.0591970e-02
  -6.7548528e-02
  -4.4652551e-02
  -3.3972770e-02
  -3.2209489e-02
  -2.5929529e-02
  -1.6819736e-02
  -7.6466543e-03
  -0.0000000e+00
  -1.2717371e-02
  -1.4933135e-02
  -2.4644459e-02
  -3.0802935e-02
  -3.8429238e-02
  -3.8365364e-02
  -3.4884457e-02
  -3.6116473e-02
  -3.6667474e-02
  -3.8019404e-02
  -3.9275527e-02
  -4.0572554e-02
  -3.8671024e-02
  -3.5887193e-02
  -4.7185715e-02
  -4.4068865e-02
  -4.2243406e-02
  -4.1702103e-02
  -4.2885598e-02
  -4.4255413e-02
  -4.2774208e-02
  -4.2726912e-02
  -4.1806877e-02
  -4.3860398e-02
  -4.6153419e-02
  -5.0735693e-02
  -5.6889322e-02
  -6.4713337e-02
  -7.5637117e-02
  -5.4443359e-02
  -4.0617000e-02
  -4.3873549e-02
  -3.2235516e-02
  -2.5112843e-02
  -1.9078420e-02
  -0.0000000e+00
  -2.1659542e-02
  -2.1324541e-02
  -2.8184261e-02
  -3.9735634e-02
  -4.5377064e-02
  -4.6998683e-02
  -4.5427009e-02
  -4.6534467e-02
  -4.7545925e-02
  -4.8859019e-02
  -5.1117942e-02
  -5.1901989e-02
  -5.0702501e-02
  -4.8507228e-02
  -5.7024665e-02
  -5.4274347e-02
  -5.2567903e-02
  -5.3733580e-02
  -5.4640930e-02
  -5.5946652e-02
  -5.4374054e-02
  -5.4193489e-02
  -5.1968317e-02
  -5.1818017e-02
  -5.2068450e-02
  -5.4046810e-02
  -6.0269009e-02
  -6.2913999e-02
  -7.1981877e-02
  -5.6758884e-02
  -4.3661050e-02
  -4.8238907e-02
  -3.4925256e-02
  -3.0921597e-02
  -2.5223736e-02
  -2.1293574e-02
  -3.1083390e-02
  -2.7957131e-02
  -3.2505287e-02
  -4.6354227e-02
  -4.8968468e-02
  -5.2555133e-02
  -5.2632127e-02
  -5.2458055e-02
  -5.4235786e-02
  -5.5976607e-02
  -5.9270486e-02
  -5.9369549e-02
  -5.9240185e-02
  -5.7866894e-02
  -5.9708945e-02
  -5.7871342e-02
  -5.6317817e-02
  -5.9689909e-02
  -6.1291721e-02
  -6.2542088e-02
  -6.2499534e-02
  -6.1287895e-02
  -5.8343109e-02
  -5.5581324e-02
  -5.2744251e-02
  -5.1241592e-02
  -5.2381251e-02
  -5.0920285e-02
  -5.4083601e-02
  -4.9745873e-02
  -4.0493667e-02
  -3.5700150e-02
  -2.8423766e-02
  -2.7962305e-02
  -2.1289576e-02
  -2.1981690e-02
  -3.5149742e-02
  -3.1467665e-02
  -3.5393644e-02
  -4.7345057e-02
  -4.8015766e-02
  -5.3191204e-02
  -5.2972566e-02
  -5.0991967e-02
  -5.3131662e-02
  -5.6461398e-02
  -6.0807928e-02
  -6.0107119e-02
  -6.1345864e-02
  -6.0971789e-02
  -4.0023252e-02
  -4.0109020e-02
  -4.0907655e-02
  -4.4546347e-02
  -4.6614725e-02
  -4.7904711e-02
  -4.8673064e-02
  -4.6838570e-02
  -4.5704044e-02
  -4.2824026e-02
  -3.8745586e-02
  -3.3605471e-02
  -2.8825128e-02
  -2.8638272e-02
  -3.1311434e-02
  -3.2835804e-02
  -2.4242047e-02
  -1.2747439e-02
  -8.8852400e-03
  -6.4075864e-03
  -2.2312342e-03
  -8.5064564e-03
  -1.4718766e-02
  -1.6139528e-02
  -2.0406993e-02
  -2.7222052e-02
  -3.0451253e-02
  -3.1479910e-02
  -3.1823307e-02
  -3.2363214e-02
  -3.3625882e-02
  -3.5507653e-02
  -3.9559498e-02
  -4.0987853e-02
  -4.1450430e-02
  -4.1153651e-02
  -8.9122942e-03
  -1.0766624e-02
  -1.3491872e-02
  -1.6461125e-02
  -1.8011628e-02
  -1.8908083e-02
  -1.9968396e-02
  -1.9195937e-02
  -1.9451141e-02
  -1.7715354e-02
  -1.4981554e-02
  -9.7746262e-03
  -3.4315726e-03
  -4.9098600e-03
  -7.9662930e-03
  -7.6086544e-03
  -3.2714230e-03
  -3.0129733e-03
   0.0000000e+00
   2.9426446e-03
   6.7349147e-03
   9.9921916e-03
   1.9165147e-02
   1.4744179e-02
   1.4604896e-02
   1.0863080e-02
   6.3268747e-03
   6.7724511e-03
   4.2642001e-03
   8.4857037e-04
  -1.8791335e-03
  -4.2212997e-03
  -7.0061367e-03
  -9.2735449e-03
  -8.9850053e-03
  -8.9119542e-03
   2.6507298e-02
   2.3229016e-02
   2.0076942e-02
   1.7084366e-02
   1.5836067e-02
   1.6336033e-02
   1.5536455e-02
   1.6234795e-02
   1.5279733e-02
   1.6291305e-02
   1.7149873e-02
   2.1402869e-02
   2.7401578e-02
   2.4209447e-02
   2.5386047e-02
   2.7905727e-02
   1.9353947e-02
   1.2814875e-02
   0.0000000e+00
   0.0000000e+00
   0.0000000e+00
   2.9402189e-02
   5.3228861e-02
   4.7246235e-02
   5.0357189e-02
   5.6056485e-02
   5.3597528e-02
   5.3213309e-02
   4.7130287e-02
   4.2901535e-02
   3.7615884e-02
   3.3484500e-02
   3.0831277e-02
   2.8499275e-02
   2.8383505e-02
   2.7390601e-02
   5.8631785e-02
   5.4417484e-02
   5.2557666e-02
   4.9277388e-02
   4.8249979e-02
   4.9750976e-02
   5.0032873e-02
   5.2308813e-02
   5.1684454e-02
   5.3367648e-02
   5.2715294e-02
   5.6398097e-02
   6.0512837e-02
   5.7351921e-02
   6.7638181e-02
   6.6008106e-02
   3.9200120e-02
   2.4155911e-02
   0.0000000e+00
   0.0000000e+00
   0.0000000e+00
   4.7187623e-02
   7.4777752e-02
   7.2102189e-02
   8.0100812e-02
   8.8046499e-02
   9.3175501e-02
   9.3949534e-02
   8.6984470e-02
   8.3750136e-02
   7.5237341e-02
   6.9729827e-02
   6.5363407e-02
   6.3274756e-02
   6.2118083e-02
   5.9727307e-02
   7.6523811e-02
   7.2791144e-02
   7.2495669e-02
   6.9980949e-02
   6.9896773e-02
   7.1400143e-02
   7.3569320e-02
   7.7325270e-02
   7.7616982e-02
   8.1351385e-02
   8.1430949e-02
   8.6019538e-02
   8.6470537e-02
   8.6394370e-02
   1.0259577e-01
   9.1032475e-02
   5.7540949e-02
   0.0000000e+00
   0.0000000e+00
   0.0000000e+00
   0.0000000e+00
   5.7913382e-02
   7.2513908e-02
   7.4531883e-02
   8.6387865e-02
   9.2334248e-02
   1.0340114e-01
   1.0897797e-01
   1.0653769e-01
   1.0464387e-01
   9.5521234e-02
   9.1021746e-02
   8.4737390e-02
   8.2745828e-02
   8.1492238e-02
   7.8127377e-02
   7.3491566e-02
   7.1688451e-02
   7.1195796e-02
   7.1719684e-02
   7.3448524e-02
   7.5350441e-02
   7.8295112e-02
   8.0393501e-02
   8.2478657e-02
   8.6676918e-02
   8.9851536e-02
   9.4440572e-02
   9.1769412e-02
   9.6121572e-02
   1.0362615e-01
   9.0137847e-02
   7.4147743e-02
   6.1501409e-02
   5.9225372e-02
   6.0449931e-02
   5.8181521e-02
   5.4280885e-02
   5.5643145e-02
   5.7521421e-02
   7.0431523e-02
   7.6509878e-02
   8.1821829e-02
   8.8625848e-02
   9.1739461e-02
   9.0575866e-02
   8.5652731e-02
   8.4186815e-02
   8.0774099e-02
   7.9856351e-02
   7.9664327e-02
   7.6246656e-02
   5.2727524e-02
   5.2756902e-02
   5.2490577e-02
   5.5253930e-02
   5.7571579e-02
   6.0383391e-02
   6.1921820e-02
   6.2279422e-02
   6.6236347e-02
   6.7094326e-02
   7.1078822e-02
   7.3130652e-02
   7.1514212e-02
   7.7780284e-02
   7.3157579e-02
   6.8641134e-02
   7.4742921e-02
   7.4225754e-02
   7.4490361e-02
   7.1290649e-02
   5.3971469e-02
   3.7499867e-02
   3.3514902e-02
   3.1674858e-02
   3.9489873e-02
   5.0349202e-02
   4.9265016e-02
   4.9444694e-02
   5.3586949e-02
   5.2839048e-02
   5.1379841e-02
   5.1692665e-02
   5.4518174e-02
   5.6558993e-02
   5.6534395e-02
   5.4186378e-02
   1.6819188e-02
   2.0467671e-02
   2.2568833e-02
   2.4653500e-02
   2.4550889e-02
   2.5528224e-02
   2.5804132e-02
   2.7379092e-02
   3.0495500e-02
   2.8446008e-02
   2.9032402e-02
   2.7129034e-02
   2.7166482e-02
   3.2585204e-02
   2.8087737e-02
   2.8499292e-02
   3.5213191e-02
   3.7725922e-02
   3.7255809e-02
   3.2353487e-02
   2.3535177e-02
   1.1901169e-02
   6.0474402e-03
   1.5363771e-03
  -4.9066322e-05
   6.7216884e-03
   5.7818200e-03
   2.2728937e-03
   5.7383622e-03
   6.6923806e-03
   5.0010984e-03
   5.3881495e-03
   1.0403036e-02
   1.4347996e-02
   1.4142674e-02
   1.4162174e-02
  -1.8844444e-02
  -1.4634578e-02
  -1.1874723e-02
  -1.1605192e-02
  -1.3651337e-02
  -1.5530732e-02
  -1.6678175e-02
  -1.7085280e-02
  -1.7945053e-02
  -1.9783687e-02
  -2.0679647e-02
  -2.1835363e-02
  -2.1594040e-02
  -2.1121416e-02
  -2.3864927e-02
  -2.4067516e-02
  -2.1271566e-02
  -1.8734302e-02
  -1.6292544e-02
  -1.3727668e-02
  -1.1852032e-02
  -1.4560526e-02
  -1.8407628e-02
  -2.3827493e-02
  -3.0944239e-02
  -3.4745686e-02
  -3.8549904e-02
  -4.0108055e-02
  -3.8223021e-02
  -3.7059970e-02
  -3.7250459e-02
  -3.5643045e-02
  -3.2341477e-02
  -2.9485665e-02
  -2.7348604e-02
  -2.3706891e-02
  -1.5204464e-02
  -1.5973721e-02
  -1.7123070e-02
  -1.8070957e-02
  -1.8402241e-02
  -1.8177431e-02
  -1.7918602e-02
  -1.8136485e-02
  -1.8815447e-02
  -1.9240364e-02
  -1.9150471e-02
  -1.9260250e-02
  -2.0199155e-02
  -2.1448746e-02
  -2.1727223e-02
  -1.9556686e-02
  -1.5415511e-02
  -1.0714456e-02
  -7.8411186e-03
  -7.4953209e-03
  -9.2006838e-03
  -1.1603276e-02
  -1.2954555e-02
  -1.3386147e-02
  -1.3901736e-02
  -1.5335496e-02
  -1.7886618e-02
  -2.0623939e-02
  -2.2720329e-02
  -2.4099413e-02
  -2.4268081e-02
  -2.3115586e-02
  -2.0912664e-02
  -1.8359900e-02
  -1.6325142e-02
  -1.5190529e-02
