   1.2230049e-02
   6.7876535e-03
   2.2738015e-03
  -8.7490142e-04
  -3.0499259e-03
  -3.9610923e-03
  -3.9256779e-03
  -3.3212549e-03
  -2.7019162e-03
  -2.3393083e-03
  -2.2633651e-03
  -1.2069858e-03
  -0.0000000e+00
   0.0000000e+00
   0.0000000e+00
   0.0000000e+00
   0.0000000e+00
   0.0000000e+00
   0.0000000e+00
   0.0000000e+00
   0.0000000e+00
   0.0000000e+00
   0.0000000e+00
   0.0000000e+00
   0.0000000e+00
   0.0000000e+00
   0.0000000e+00
   0.0000000e+00
   0.0000000e+00
   0.0000000e+00
   8.0282400e-03
   1.2209876e-02
   1.7163299e-02
   2.1130306e-02
   2.1124055e-02
   1.7353419e-02
   0.0000000e+00
   0.0000000e+00
   0.0000000e+00
   0.0000000e+00
   0.0000000e+00
   0.0000000e+00
   0.0000000e+00
   0.0000000e+00
   0.0000000e+00
   6.8576575e-03
   7.5259681e-03
   8.1669835e-03
   7.3446073e-03
   0.0000000e+00
   0.0000000e+00
   0.0000000e+00
   0.0000000e+00
   0.0000000e+00
   0.0000000e+00
   0.0000000e+00
   0.0000000e+00
   0.0000000e+00
   0.0000000e+00
   0.0000000e+00
   0.0000000e+00
   0.0000000e+00
   0.0000000e+00
   0.0000000e+00
   0.0000000e+00
   0.0000000e+00
   0.0000000e+00
   0.0000000e+00
   3.3519591e-02
   3.6282146e-02
   2.6881250e-02
   0.0000000e+00
   1.3805271e-03
  -1.3780020e-02
  -1.1278513e-02
  -8.9755822e-03
  -7.3137090e-03
  -3.7028007e-03
  -6.4147171e-04
   3.8908031e-05
  -4.9442128e-03
  -8.3986629e-03
   1.5615470e-03
   3.8698199e-03
  -2.3853720e-03
  -1.1439401e-03
   1.9072421e-03
   9.5103667e-04
  -3.2101751e-03
  -0.0000000e+00
   0.0000000e+00
   0.0000000e+00
   0.0000000e+00
   0.0000000e+00
   0.0000000e+00
   0.0000000e+00
   0.0000000e+00
   0.0000000e+00
   0.0000000e+00
   0.0000000e+00
   0.0000000e+00
   0.0000000e+00
   0.0000000e+00
   0.0000000e+00
   4.1543052e-02
   4.0550450e-02
   3.0146970e-02
   2.2315231e-02
  -1.5067548e-02
  -3.4143563e-02
  -3.4517042e-02
  -3.3219740e-02
  -2.8757801e-02
  -2.1781379e-02
  -1.8604511e-02
  -1.4452368e-02
  -1.5069383e-02
  -1.7838886e-02
  -9.6015292e-03
  -1.1201393e-02
  -0.0000000e+00
  -0.0000000e+00
  -0.0000000e+00
  -0.0000000e+00
  -0.0000000e+00
  -0.0000000e+00
   0.0000000e+00
   0.0000000e+00
   0.0000000e+00
   0.0000000e+00
   0.0000000e+00
   0.0000000e+00
   0.0000000e+00
   0.0000000e+00
   0.0000000e+00
   0.0000000e+00
   0.0000000e+00
   0.0000000e+00
   0.0000000e+00
   0.0000000e+00
   2.5716885e-02
   2.3094889e-02
   1.6067711e-02
   9.7792586e-03
  -3.4324341e-02
  -4.8009999e-02
  -4.9432158e-02
  -4.5882996e-02
  -3.6162466e-02
  -2.8089231e-02
  -2.5163844e-02
  -1.9320877e-02
  -1.7456111e-02
  -2.0936044e-02
  -1.8217356e-02
  -3.1578701e-02
  -0.0000000e+00
   0.0000000e+00
   0.0000000e+00
   0.0000000e+00
   0.0000000e+00
   0.0000000e+00
   0.0000000e+00
   0.0000000e+00
   0.0000000e+00
  -1.2849975e-03
  -1.8035274e-02
  -0.0000000e+00
   0.0000000e+00
   0.0000000e+00
   0.0000000e+00
   0.0000000e+00
   0.0000000e+00
   0.0000000e+00
   0.0000000e+00
   0.0000000e+00
   5.3724812e-03
   6.7185242e-03
  -3.8538654e-03
  -1.6944308e-02
  -4.4292383e-02
  -4.9662545e-02
  -4.6514176e-02
  -4.0192891e-02
  -3.0742412e-02
  -2.4108762e-02
  -2.0844519e-02
  -1.6610604e-02
  -1.7404843e-02
  -2.0669136e-02
  -2.5056707e-02
  -3.8491908e-02
  -4.0663339e-02
   0.0000000e+00
   0.0000000e+00
   0.0000000e+00
   0.0000000e+00
   0.0000000e+00
   0.0000000e+00
  -0.0000000e+00
  -5.6854319e-03
  -1.5861038e-02
  -3.7579011e-02
  -0.0000000e+00
   0.0000000e+00
   0.0000000e+00
   0.0000000e+00
  -1.2715491e-02
  -1.3932572e-02
  -0.0000000e+00
   0.0000000e+00
   0.0000000e+00
  -1.6105723e-03
   6.8496820e-04
  -1.5838183e-02
  -3.5695627e-02
  -4.3089062e-02
  -4.0908027e-02
  -3.2623462e-02
  -2.6976816e-02
  -2.1287778e-02
  -1.6515877e-02
  -1.4523988e-02
  -1.3041432e-02
  -1.5979083e-02
  -2.0123683e-02
  -2.2548866e-02
  -2.8272407e-02
  -2.1070595e-02
   0.0000000e+00
   0.0000000e+00
   0.0000000e+00
   0.0000000e+00
   0.0000000e+00
   0.0000000e+00
  -4.7615192e-03
  -1.8433923e-02
  -3.6267377e-02
  -4.1656110e-02
  -0.0000000e+00
   0.0000000e+00
   0.0000000e+00
  -1.1524525e-02
  -1.4175549e-02
  -1.3765300e-02
  -1.3818014e-02
   0.0000000e+00
   0.0000000e+00
  -1.8889149e-03
  -5.5061989e-03
  -2.4602130e-02
  -4.1309159e-02
  -2.8927650e-02
  -2.3454411e-02
  -1.5597304e-02
  -1.2145272e-02
  -9.7574648e-03
  -6.9083804e-03
  -6.9179307e-03
  -7.6539172e-03
  -1.1745664e-02
  -1.6656540e-02
  -1.6229648e-02
  -1.1749133e-02
  -3.0103025e-03
   4.0176942e-03
   4.8374923e-03
   0.0000000e+00
   0.0000000e+00
  -3.2187506e-03
   7.3433495e-04
  -2.7833254e-04
  -2.3729591e-02
  -3.5265237e-02
  -2.6891671e-02
  -1.0863603e-02
  -8.1943703e-03
  -1.0725401e-02
  -1.1146268e-02
  -1.1295755e-02
   3.3887639e-04
   4.5315185e-03
   0.0000000e+00
   0.0000000e+00
  -7.2251341e-04
  -1.2231762e-02
  -2.6703689e-02
  -3.2922897e-02
  -8.3855819e-03
  -4.9700886e-03
   8.7106848e-05
   1.0240441e-03
   2.3503208e-03
   3.4099913e-03
   2.7520785e-03
   2.0651175e-03
  -4.7688070e-03
  -1.0704492e-02
  -1.0075342e-02
   7.7533838e-04
   1.3645315e-02
   1.5670292e-02
   1.2809099e-02
   0.0000000e+00
   0.0000000e+00
  -2.0569102e-03
   1.5223922e-03
   3.6128644e-03
  -1.2165523e-02
  -1.4696716e-02
  -3.2075972e-03
   3.6580220e-03
  -5.4381014e-04
  -3.0016308e-03
  -2.9123148e-03
   3.4542775e-03
   2.3933705e-02
   2.0723129e-02
   0.0000000e+00
   0.0000000e+00
  -2.3081414e-03
  -1.3028641e-02
  -1.7195148e-02
  -1.4275899e-02
   7.4128928e-03
   9.9746352e-03
   1.3877871e-02
   1.2759828e-02
   1.3940273e-02
   1.3794847e-02
   1.4104314e-02
   1.2667115e-02
   2.4240026e-03
  -3.2860651e-03
  -2.2971078e-03
   1.0720391e-02
   2.1311158e-02
   1.9201411e-02
   2.3379328e-02
   1.8832305e-02
  -0.0000000e+00
   2.1609585e-03
   4.8154797e-03
   0.0000000e+00
   1.8125284e-06
   5.1011490e-03
   1.6513504e-02
   1.7460423e-02
   1.2136877e-02
   9.4963871e-03
   8.2779871e-03
   2.1012159e-02
   3.6958896e-02
   0.0000000e+00
   0.0000000e+00
   0.0000000e+00
  -0.0000000e+00
  -4.3569105e-03
  -1.3405988e-03
   4.0220879e-03
   1.6983256e-02
   2.0070316e-02
   2.3214607e-02
   2.1330670e-02
   2.2268953e-02
   2.1526204e-02
   2.1469269e-02
   1.8712997e-02
   7.5055743e-03
   3.9975843e-03
   6.6968673e-03
   1.9588741e-02
   2.4292442e-02
   0.0000000e+00
   2.8937904e-02
   2.5184095e-02
   0.0000000e+00
   0.0000000e+00
   6.7869665e-03
   0.0000000e+00
   8.6543094e-03
   1.6873404e-02
   2.9914839e-02
   2.5019838e-02
   1.8296840e-02
   1.5398097e-02
   1.4152192e-02
   3.1744499e-02
   3.8615726e-02
   0.0000000e+00
   0.0000000e+00
   0.0000000e+00
   0.0000000e+00
   7.2322194e-03
   1.2116414e-02
   1.5573239e-02
   2.2420635e-02
   2.5970556e-02
   2.8351709e-02
   2.6492143e-02
   2.6861642e-02
   2.5456261e-02
   2.4128921e-02
   2.0230163e-02
   1.0363401e-02
   9.7534535e-03
   1.4429882e-02
   2.5397025e-02
   2.4610943e-02
   1.4269379e-02
   3.5721238e-02
   3.4800947e-02
   0.0000000e+00
   0.0000000e+00
   7.1778116e-03
   6.0769534e-03
   1.5932323e-02
   2.2366833e-02
   3.7270747e-02
   2.9336325e-02
   0.0000000e+00
   0.0000000e+00
   1.6582980e-02
   3.4891341e-02
   3.4842763e-02
   1.7078306e-02
   0.0000000e+00
   0.0000000e+00
   0.0000000e+00
   1.7700272e-02
   2.1131398e-02
   2.1847619e-02
   2.4799470e-02
   2.8220627e-02
   2.9592380e-02
   2.8199393e-02
   2.7563404e-02
   2.5052652e-02
   2.1896297e-02
   1.7278375e-02
   1.1182277e-02
   1.3765386e-02
   2.0233950e-02
   2.7592691e-02
   2.3114143e-02
   1.3253778e-02
   2.6881386e-02
   3.0907498e-02
   0.0000000e+00
   0.0000000e+00
   4.0003438e-03
   9.4530741e-03
   2.3263350e-02
   2.2578886e-02
   3.8563106e-02
   2.9679899e-02
   0.0000000e+00
   0.0000000e+00
   0.0000000e+00
   3.0232333e-02
   2.8262414e-02
   1.2971918e-02
   0.0000000e+00
   0.0000000e+00
   1.8847757e-02
   2.5625028e-02
   2.4939379e-02
   2.3842881e-02
   2.1596715e-02
   2.4119833e-02
   2.4634548e-02
   2.3899732e-02
   2.2026781e-02
   1.8505273e-02
   1.5157886e-02
   1.0510541e-02
   9.2619248e-03
   1.3301952e-02
   1.9173836e-02
   2.4265623e-02
   1.9589521e-02
   1.7906135e-02
   2.6462030e-02
   2.2747481e-02
   0.0000000e+00
   0.0000000e+00
   0.0000000e+00
   1.6493004e-02
   2.7302179e-02
   1.9838726e-02
   3.0591823e-02
   2.1981893e-02
   6.1938378e-03
   4.4694120e-03
   0.0000000e+00
   2.1912665e-02
   2.2704206e-02
   1.2186601e-02
   0.0000000e+00
   0.0000000e+00
   1.3697358e-02
   2.3682231e-02
   2.0033460e-02
   2.0478316e-02
   1.6277634e-02
   1.8093830e-02
   1.7660847e-02
   1.7224958e-02
   1.4917091e-02
   1.1478058e-02
   9.0129469e-03
   5.5968575e-03
   6.5844976e-03
   1.0277439e-02
   1.3700670e-02
   1.8322978e-02
   1.4100106e-02
   2.0923734e-02
   2.9014764e-02
   1.2435620e-02
   0.0000000e+00
   0.0000000e+00
   0.0000000e+00
   1.9789798e-02
   2.2289287e-02
   2.0365097e-02
   2.3274556e-02
   1.1418566e-02
   1.1831142e-03
  -1.4484308e-03
   0.0000000e+00
   0.0000000e+00
   1.7870524e-02
   1.1876556e-02
   4.1353210e-03
   0.0000000e+00
   1.4319954e-02
   1.5916057e-02
   1.3741204e-02
   1.5080415e-02
   1.2584357e-02
   1.4253167e-02
   1.3052465e-02
   1.2966264e-02
   1.0284412e-02
   7.2479886e-03
   5.6793750e-03
   3.1013377e-03
   5.0194343e-03
   7.5673340e-03
   9.4172694e-03
   1.3044931e-02
   9.6732406e-03
   2.0425528e-02
   2.5982413e-02
   4.3468372e-03
  -0.0000000e+00
   0.0000000e+00
   0.0000000e+00
   1.8483142e-02
   1.7494631e-02
   2.1631349e-02
   1.8166071e-02
   4.8286007e-03
   7.8292930e-04
  -1.9929705e-03
   2.4866138e-03
   0.0000000e+00
   1.5284919e-02
   1.0917562e-02
  -2.3103100e-03
   3.2225343e-03
   1.4951546e-02
   1.0521619e-02
   1.0208175e-02
   1.1467071e-02
   8.9787226e-03
   1.1016829e-02
   9.1052959e-03
   9.5636491e-03
   6.6286363e-03
   4.5995647e-03
   4.2179008e-03
   2.1699737e-03
   4.1786064e-03
   4.4095516e-03
   5.6758523e-03
   6.8402481e-03
   4.7248374e-03
   1.4162131e-02
   1.2974616e-02
  -2.4385519e-05
  -0.0000000e+00
   0.0000000e+00
   0.0000000e+00
   1.0231567e-02
   1.3304640e-02
   2.3192437e-02
   1.3219904e-02
   2.0030115e-03
   4.2588226e-03
   1.5031919e-04
  -2.1685701e-03
   0.0000000e+00
   0.0000000e+00
   8.0082212e-03
  -4.5128060e-03
   3.3598535e-03
   1.3909812e-02
   6.1825393e-03
   8.2999775e-03
   8.2221143e-03
   7.0443926e-03
   8.9405235e-03
   7.7173547e-03
   8.0775134e-03
   5.6972029e-03
   4.3200972e-03
   3.9701015e-03
   1.3915730e-03
   3.2441004e-03
   9.9401723e-04
   3.7974038e-03
   1.4302224e-03
  -4.6524309e-04
   2.6886654e-03
  -9.7673206e-03
  -1.9393172e-04
   0.0000000e+00
   0.0000000e+00
   0.0000000e+00
   1.4682552e-03
   1.2015535e-02
   1.9888196e-02
   5.8493558e-03
   5.3786980e-03
   6.3973977e-03
   4.8959735e-03
  -4.3547456e-03
  -0.0000000e+00
   0.0000000e+00
   3.3885799e-03
  -4.7123339e-03
   3.2924351e-03
   8.5208425e-03
   6.3266857e-03
   6.7409058e-03
   6.5807784e-03
   6.7161564e-03
   7.8383647e-03
   7.4243657e-03
   7.3514543e-03
   5.5815210e-03
   4.8395963e-03
   4.1481038e-03
   2.4813674e-03
   3.4800037e-03
   9.2899823e-04
   3.4996753e-03
   4.3367804e-04
  -1.3459540e-03
  -1.1482103e-03
  -1.8696398e-02
  -3.8537178e-03
   0.0000000e+00
   0.0000000e+00
   0.0000000e+00
  -1.0273105e-03
   6.5301539e-03
   1.7504267e-02
   4.8287073e-03
   5.3967270e-03
   5.3803883e-03
   4.8383051e-03
  -4.0654382e-03
  -1.2016183e-02
   0.0000000e+00
   2.6310259e-03
  -2.8926048e-03
   3.6121667e-03
   6.6084331e-03
   6.7007067e-03
   6.5927403e-03
   6.1875777e-03
   6.0995896e-03
   7.0777102e-03
   7.7169999e-03
   7.5429650e-03
   6.3985041e-03
   6.2445067e-03
   5.2550617e-03
   4.5169592e-03
   4.7652191e-03
   1.9020035e-03
   4.1937567e-03
  -9.3387917e-04
  -3.0103975e-03
  -6.4910809e-03
  -2.4242481e-02
  -8.3673494e-03
   0.0000000e+00
   0.0000000e+00
   0.0000000e+00
  -2.6891089e-03
   3.1579458e-03
   1.4473868e-02
   4.6680258e-03
   3.7479335e-03
   2.5928263e-03
   1.5833812e-03
  -4.4086697e-03
  -1.1910777e-02
  -3.4454417e-03
   2.2060836e-03
  -2.2855711e-03
   1.7462777e-03
   3.2370656e-03
   4.8303818e-03
   5.2934913e-03
   4.9462374e-03
   3.0680087e-03
   4.0967534e-03
   5.6274971e-03
   5.7962765e-03
   5.2792458e-03
   6.1655827e-03
   5.4912418e-03
   6.7739668e-03
   5.8181104e-03
   3.9127427e-03
   2.5120222e-03
  -3.6061187e-03
  -6.5703825e-03
  -1.2734058e-02
  -2.2587575e-02
  -1.6387771e-02
  -0.0000000e+00
   0.0000000e+00
   0.0000000e+00
  -3.8485168e-03
  -2.8395813e-03
   9.6776739e-03
   0.0000000e+00
  -3.5393429e-03
  -5.2567460e-03
  -8.8400906e-03
  -7.4408036e-03
  -1.0630035e-02
  -6.7839594e-03
   1.8515073e-03
  -1.2311855e-03
   1.1878271e-04
  -9.4676332e-04
  -1.3244394e-03
   1.7002523e-03
   8.3689083e-04
  -4.2798687e-03
  -1.8943566e-03
   2.0007716e-04
   1.5923252e-03
   1.9717377e-03
   2.7211173e-03
   3.3306510e-03
   4.8366268e-03
   5.1484001e-03
   3.7278251e-03
   8.2725653e-04
  -5.3086048e-03
  -9.7642923e-03
  -1.5280862e-02
  -2.4344498e-02
  -2.4126947e-02
  -2.5265809e-02
  -2.9559416e-02
  -2.1058255e-02
  -1.2788968e-02
  -8.4795449e-03
   6.1813220e-04
  -0.0000000e+00
  -4.8002716e-03
  -1.3139178e-02
  -1.6810158e-02
  -1.3360382e-02
  -1.3298615e-02
  -8.2509033e-03
  -3.1363177e-03
  -5.3763245e-03
  -5.2318000e-03
  -7.6718582e-03
  -9.0981713e-03
  -6.6504581e-03
  -6.1989864e-03
  -1.1803301e-02
  -8.7175034e-03
  -6.3079903e-03
  -4.1565476e-03
  -2.8723518e-03
  -2.4881058e-03
  -1.4812609e-03
  -1.5557898e-04
   1.2868444e-03
   4.7527361e-04
  -2.0988768e-03
  -7.5988760e-03
  -1.3019494e-02
  -1.8168822e-02
  -2.7486933e-02
  -2.4244173e-02
  -2.5064883e-02
  -3.0706132e-02
  -2.4188090e-02
  -1.9731671e-02
  -1.3511779e-02
  -0.0000000e+00
  -6.0991865e-03
  -5.4377575e-03
  -1.5768692e-02
  -1.9072482e-02
  -1.6830977e-02
  -1.7077949e-02
  -1.0838020e-02
  -9.0284115e-03
  -1.1028405e-02
  -1.1168646e-02
  -1.3061522e-02
  -1.4781166e-02
  -1.4088353e-02
  -1.2938319e-02
  -2.1352326e-02
  -1.8026397e-02
  -1.5320733e-02
  -1.2642647e-02
  -1.0373277e-02
  -1.0596630e-02
  -9.9349506e-03
  -9.0404553e-03
  -6.5269046e-03
  -6.3276230e-03
  -7.1668774e-03
  -1.1187463e-02
  -1.7194118e-02
  -2.2301346e-02
  -3.2299243e-02
  -2.8816795e-02
  -2.3214558e-02
  -2.9256508e-02
  -3.0125469e-02
  -2.7989710e-02
  -1.9749746e-02
  -0.0000000e+00
  -7.2652448e-03
  -4.5736570e-03
  -1.5217004e-02
  -1.7892873e-02
  -1.9552328e-02
  -2.2686100e-02
  -1.6059157e-02
  -1.7134888e-02
  -1.9162364e-02
  -1.9078504e-02
  -1.9085325e-02
  -2.0775286e-02
  -2.2784937e-02
  -2.1398243e-02
  -2.6033802e-02
  -2.4359949e-02
  -2.1390582e-02
  -1.8833568e-02
  -1.6686548e-02
  -1.7029652e-02
  -1.8187536e-02
  -1.7516077e-02
  -1.5734175e-02
  -1.3612852e-02
  -1.2481811e-02
  -1.3543779e-02
  -1.8785667e-02
  -2.5125314e-02
  -2.8148951e-02
  -2.7501421e-02
  -2.0646283e-02
  -2.1074547e-02
  -2.8717220e-02
  -3.0003972e-02
  -2.5029002e-02
  -1.8091788e-02
  -1.1476046e-02
  -7.4409400e-03
  -1.0170618e-02
  -1.4654547e-02
  -1.9182686e-02
  -2.3600828e-02
  -2.3714051e-02
  -2.2229847e-02
  -2.3811502e-02
  -2.3361417e-02
  -2.1798514e-02
  -2.3538148e-02
  -2.5814151e-02
  -2.6052250e-02
  -2.5012432e-02
  -2.4370927e-02
  -2.1680092e-02
  -1.8890107e-02
  -1.7387789e-02
  -1.7791178e-02
  -1.9768558e-02
  -1.9634662e-02
  -1.8591940e-02
  -1.6103195e-02
  -1.3730209e-02
  -1.2301650e-02
  -1.4148276e-02
  -1.8332552e-02
  -1.8206723e-02
  -2.4951831e-02
  -2.5645491e-02
  -1.7736835e-02
  -2.1642379e-02
  -2.3262214e-02
  -2.0795777e-02
  -1.5926212e-02
  -8.8760015e-03
  -8.5826265e-03
  -8.3342318e-03
  -1.1328618e-02
  -1.6493296e-02
  -1.9490903e-02
  -2.4160609e-02
  -2.2234056e-02
  -2.1012791e-02
  -2.0687103e-02
  -1.9987028e-02
  -2.2178963e-02
  -2.3667824e-02
  -2.4827773e-02
  -2.0899458e-02
  -2.0615650e-02
  -1.8802676e-02
  -1.5734553e-02
  -1.4486472e-02
  -1.4655820e-02
  -1.6623685e-02
  -1.7549938e-02
  -1.6659666e-02
  -1.4955369e-02
  -1.2024340e-02
  -9.3333814e-03
  -7.7710371e-03
  -9.2603602e-03
  -1.0506614e-02
  -2.0441717e-02
  -2.9390622e-02
  -1.8761409e-02
  -1.5409515e-02
  -1.5338198e-02
  -1.2562932e-02
  -1.0079511e-02
  -3.5127338e-03
  -4.8671155e-03
  -6.7269416e-03
  -6.4350944e-03
  -1.1510864e-02
  -1.3389645e-02
  -1.7764037e-02
  -1.7835544e-02
  -1.5171692e-02
  -1.4649888e-02
  -1.4398987e-02
  -1.7419869e-02
  -1.9123893e-02
  -2.0217281e-02
  -1.3624361e-02
  -1.3288429e-02
  -1.2607782e-02
  -9.4162645e-03
  -7.9911808e-03
  -7.5811776e-03
  -9.0316413e-03
  -1.1185411e-02
  -1.0235866e-02
  -9.8441802e-03
  -6.9985543e-03
  -3.9199609e-03
  -1.7549304e-05
   2.6907359e-04
  -4.5257015e-03
  -1.3109886e-02
  -2.8484294e-02
  -2.1745137e-02
  -0.0000000e+00
  -8.0937556e-03
  -3.4961011e-03
  -1.5934134e-03
   3.4445229e-03
   3.3250519e-03
  -1.1146680e-03
   1.5177808e-03
  -2.7287998e-03
  -4.3186308e-03
  -5.5908854e-03
  -8.3252974e-03
  -6.2370151e-03
  -5.4486254e-03
  -4.8640692e-03
  -8.6855041e-03
  -1.1687939e-02
  -1.2437046e-02
  -3.2907585e-03
  -2.8876252e-03
  -2.4868480e-03
   3.2702039e-04
   2.3331176e-03
   3.4535665e-03
   2.6197673e-03
  -5.6785175e-06
   3.8712018e-04
   2.8820385e-04
   2.2172611e-03
   4.8453244e-03
   7.1105044e-03
   6.1269263e-03
   1.1283448e-03
  -1.8288653e-03
  -1.5895884e-02
  -2.0592854e-02
  -0.0000000e+00
  -0.0000000e+00
   0.0000000e+00
   5.6320663e-03
   9.3765304e-03
   1.4118700e-02
   1.1887767e-02
   1.3902282e-02
   1.2312019e-02
   9.6254470e-03
   9.6532553e-03
   7.0592845e-03
   5.8478685e-03
   6.3868603e-03
   7.7821556e-03
   4.3162899e-03
  -5.5658503e-04
  -2.1579489e-03
   7.8022601e-03
   7.7511030e-03
   9.4116237e-03
   1.1016350e-02
   1.3319634e-02
   1.3808946e-02
   1.3754766e-02
   1.2066819e-02
   1.1073681e-02
   1.1613260e-02
   1.1867692e-02
   1.3585165e-02
   1.0502252e-02
   9.2953024e-03
   1.2092379e-02
   1.0849155e-02
   4.9951714e-03
  -1.8992484e-03
   0.0000000e+00
   0.0000000e+00
   0.0000000e+00
   2.1335762e-03
   5.9854376e-03
   1.7465691e-02
   2.6125502e-02
   2.5893331e-02
   2.8774878e-02
   2.6461229e-02
   2.2917205e-02
   2.1042893e-02
   1.8860353e-02
   1.9989792e-02
   1.9423453e-02
   1.7488001e-02
   1.2226792e-02
   8.5604042e-03
   1.6660200e-02
   1.6197260e-02
   1.8961351e-02
   1.9431911e-02
   2.1547247e-02
   2.0989785e-02
   2.0802883e-02
   2.0167101e-02
   1.7986942e-02
   2.0050334e-02
   1.8629612e-02
   1.8346697e-02
   1.2900340e-02
   1.7461665e-02
   2.5595788e-02
   1.9424899e-02
   2.3997221e-02
   0.0000000e+00
   0.0000000e+00
   0.0000000e+00
  -0.0000000e+00
  -6.6949467e-03
   5.5268966e-04
   1.3699388e-02
   2.5773441e-02
   2.6067369e-02
   3.2433230e-02
   3.4306284e-02
   3.2230772e-02
   3.0394509e-02
   2.9711211e-02
   3.1853635e-02
   2.7692463e-02
   2.6136981e-02
   2.0984435e-02
   1.6862193e-02
   2.0363972e-02
   2.0263987e-02
   2.2802254e-02
   2.2741225e-02
   2.4122523e-02
   2.4034977e-02
   2.3101162e-02
   2.2742352e-02
   2.1113876e-02
   2.3174962e-02
   2.2123670e-02
   2.1284569e-02
   1.9310858e-02
   2.7345369e-02
   2.9877374e-02
   2.1155149e-02
   3.6724336e-02
   3.3964802e-02
   2.1210016e-02
   1.4019899e-02
  -8.9921743e-03
  -1.4248430e-02
  -3.4855311e-03
   5.3684176e-03
   1.8261926e-02
   1.9191485e-02
   2.1546865e-02
   2.7898656e-02
   3.2541480e-02
   3.4123387e-02
   3.4374263e-02
   3.7166350e-02
   3.2863710e-02
   2.9524440e-02
   2.3960045e-02
   1.9950742e-02
   1.8376898e-02
   1.8133912e-02
   1.9814434e-02
   2.0317467e-02
   2.0454792e-02
   2.1104509e-02
   1.9198507e-02
   1.9939998e-02
   1.9397875e-02
   1.8383283e-02
   1.9982727e-02
   2.1189814e-02
   2.1326352e-02
   2.4103975e-02
   2.0794323e-02
   2.0452207e-02
   3.9702099e-02
   3.6160257e-02
   2.3868499e-02
   1.5269524e-02
  -9.1912877e-03
  -1.3669400e-02
  -7.6920441e-03
  -5.6028687e-03
   9.8455399e-03
   1.2261817e-02
   7.8570917e-03
   1.5193808e-02
   2.1552920e-02
   2.6538301e-02
   2.9998494e-02
   3.4099631e-02
   3.1998560e-02
   2.6920779e-02
   2.2213127e-02
   1.7863041e-02
   7.8329090e-03
   7.5504747e-03
   8.4400475e-03
   1.0144819e-02
   9.0392567e-03
   9.8099792e-03
   8.5393097e-03
   1.0224225e-02
   8.1682364e-03
   3.5320499e-03
   7.6901610e-03
   9.0474449e-03
   5.7223784e-03
   3.8302310e-03
   5.5087917e-03
   1.4577364e-02
   2.1314252e-02
   1.7127577e-02
   1.2776078e-02
   6.0348501e-03
  -3.9293189e-03
  -6.0115331e-03
  -1.0203153e-02
  -1.5652686e-02
  -5.9563611e-03
  -1.4481832e-04
  -2.0203840e-03
   1.8829746e-03
   2.3564473e-03
   6.1470727e-03
   1.4978733e-02
   2.0574581e-02
   1.7906530e-02
   1.3875135e-02
   1.2853228e-02
   9.8280348e-03
  -5.5156518e-03
  -7.1428986e-03
  -4.8808530e-03
  -2.2953642e-03
  -1.6580507e-03
  -1.3135546e-03
  -2.4745071e-03
  -3.4553746e-03
  -6.7921267e-03
  -8.6494945e-03
  -4.8936862e-03
  -4.9291123e-03
  -8.8603161e-03
  -9.4836168e-03
  -4.9359566e-03
   1.9474607e-04
  -1.6086521e-03
  -4.0618135e-03
  -8.3430996e-04
   2.1309429e-03
   2.6775575e-03
   9.3103520e-04
  -5.8632996e-03
  -1.6096927e-02
  -2.0414736e-02
  -1.7492304e-02
  -1.2886811e-02
  -9.2937062e-03
  -1.1240941e-02
  -8.7182857e-03
   5.5742147e-04
   5.4773288e-03
   1.4747551e-03
  -1.1527420e-03
   1.0116155e-05
  -1.7580605e-03
  -1.3094817e-02
  -1.4451053e-02
  -1.1628676e-02
  -7.0157549e-03
  -2.6628133e-03
  -8.7552698e-04
  -1.7975478e-03
  -4.3067816e-03
  -6.6745244e-03
  -6.4659244e-03
  -4.7238646e-03
  -5.2461098e-03
  -8.3550327e-03
  -1.1219601e-02
  -1.1404760e-02
  -1.0374257e-02
  -9.9515477e-03
  -9.5917238e-03
  -8.2813315e-03
  -6.3036266e-03
  -4.2025340e-03
  -2.5073916e-03
  -2.2338887e-03
  -5.6545450e-03
  -1.1401968e-02
  -1.5894283e-02
  -1.6129090e-02
  -1.4206877e-02
  -1.2182952e-02
  -8.2756206e-03
  -2.8441942e-03
   7.1851589e-04
  -2.5645728e-04
  -2.5372896e-03
  -5.0873696e-03
  -9.3147969e-03
