   8.6010224e-03
   4.1919548e-03
   8.3639218e-04
  -1.5666749e-03
  -2.3978300e-03
  -3.1690157e-03
  -6.0946722e-04
   1.4406080e-03
   2.1199721e-03
   2.4155553e-03
   3.0537364e-03
   2.7496421e-03
   0.0000000e+00
   0.0000000e+00
   0.0000000e+00
   0.0000000e+00
   0.0000000e+00
   0.0000000e+00
   0.0000000e+00
   0.0000000e+00
   0.0000000e+00
   0.0000000e+00
   0.0000000e+00
   0.0000000e+00
   0.0000000e+00
   0.0000000e+00
   0.0000000e+00
   0.0000000e+00
   0.0000000e+00
   0.0000000e+00
   1.1251425e-02
   1.8426194e-02
   2.6009045e-02
   2.6174010e-02
   2.1142192e-02
   1.4997045e-02
  -0.0000000e+00
  -0.0000000e+00
  -0.0000000e+00
  -0.0000000e+00
   0.0000000e+00
   0.0000000e+00
   0.0000000e+00
   0.0000000e+00
  -0.0000000e+00
   6.2311229e-03
   8.6556894e-03
   6.7026526e-03
   2.7679833e-03
   5.1623243e-03
   5.2720558e-03
   4.1173569e-04
  -3.5801653e-03
  -0.0000000e+00
   0.0000000e+00
   0.0000000e+00
   0.0000000e+00
   0.0000000e+00
   0.0000000e+00
   0.0000000e+00
   0.0000000e+00
   0.0000000e+00
   0.0000000e+00
   0.0000000e+00
   0.0000000e+00
   0.0000000e+00
   0.0000000e+00
   0.0000000e+00
   4.5958899e-02
   3.5647430e-02
   2.9058811e-02
   0.0000000e+00
  -1.8389858e-02
  -2.3504293e-02
  -2.0760197e-02
  -1.9928342e-02
  -1.6350675e-02
  -1.1544189e-02
  -8.8735903e-03
  -8.4694894e-03
  -1.3330051e-02
  -1.2053589e-02
   1.2415543e-03
  -9.3042292e-03
  -9.7243241e-03
  -4.3037957e-03
  -1.8628660e-03
  -2.7653414e-03
  -5.2614734e-03
  -0.0000000e+00
   0.0000000e+00
   0.0000000e+00
   0.0000000e+00
   0.0000000e+00
   0.0000000e+00
   0.0000000e+00
   0.0000000e+00
   0.0000000e+00
   0.0000000e+00
   0.0000000e+00
   0.0000000e+00
   0.0000000e+00
   0.0000000e+00
   0.0000000e+00
   3.8161222e-02
   2.5066689e-02
   2.2897940e-02
   6.5761968e-03
  -3.6850903e-02
  -4.4596013e-02
  -4.3707240e-02
  -3.8935032e-02
  -3.0352239e-02
  -2.4795290e-02
  -2.1174233e-02
  -1.6109368e-02
  -1.9619340e-02
  -1.6679376e-02
  -1.6167867e-02
  -2.8692504e-02
  -0.0000000e+00
   0.0000000e+00
   0.0000000e+00
   0.0000000e+00
   0.0000000e+00
   0.0000000e+00
   0.0000000e+00
   0.0000000e+00
   0.0000000e+00
  -0.0000000e+00
  -2.0292568e-02
   0.0000000e+00
   0.0000000e+00
   0.0000000e+00
   0.0000000e+00
   0.0000000e+00
   0.0000000e+00
   0.0000000e+00
   0.0000000e+00
   0.0000000e+00
   1.6380006e-02
   7.2431570e-03
   2.4802636e-03
  -1.3635775e-02
  -4.6259593e-02
  -5.0495118e-02
  -4.7315944e-02
  -3.9183076e-02
  -2.9892245e-02
  -2.5043428e-02
  -2.0740064e-02
  -1.6885450e-02
  -1.9604819e-02
  -2.1089030e-02
  -2.8884903e-02
  -3.9714273e-02
   0.0000000e+00
   0.0000000e+00
   0.0000000e+00
   0.0000000e+00
   0.0000000e+00
   0.0000000e+00
   0.0000000e+00
  -0.0000000e+00
  -0.0000000e+00
  -1.8451479e-02
  -2.9099843e-02
   0.0000000e+00
   0.0000000e+00
   0.0000000e+00
   0.0000000e+00
  -0.0000000e+00
  -0.0000000e+00
   0.0000000e+00
   0.0000000e+00
  -0.0000000e+00
   3.3905816e-03
  -1.3560069e-03
  -1.8290669e-02
  -3.3296525e-02
  -4.5979120e-02
  -4.3583151e-02
  -3.6688838e-02
  -2.9783547e-02
  -2.2919398e-02
  -1.9054387e-02
  -1.5962970e-02
  -1.5210842e-02
  -1.8887587e-02
  -2.2091901e-02
  -2.9231720e-02
  -3.4261347e-02
  -1.6603471e-02
   0.0000000e+00
   0.0000000e+00
   0.0000000e+00
   0.0000000e+00
   0.0000000e+00
  -0.0000000e+00
  -0.0000000e+00
  -1.7444590e-02
  -3.8535248e-02
  -3.8943340e-02
   0.0000000e+00
   0.0000000e+00
   0.0000000e+00
  -0.0000000e+00
  -1.5024834e-02
  -1.4796932e-02
  -0.0000000e+00
   0.0000000e+00
  -0.0000000e+00
  -1.3577931e-03
  -9.4538787e-03
  -3.1439260e-02
  -4.2567156e-02
  -3.4286510e-02
  -2.8158829e-02
  -2.0867663e-02
  -1.7348412e-02
  -1.3209511e-02
  -1.0979722e-02
  -1.0351834e-02
  -1.1520149e-02
  -1.6396523e-02
  -1.9213144e-02
  -1.9776853e-02
  -1.7293394e-02
  -3.9250631e-03
   0.0000000e+00
   0.0000000e+00
   0.0000000e+00
   0.0000000e+00
   0.0000000e+00
   0.0000000e+00
  -9.6547808e-03
  -3.0422999e-02
  -3.8756877e-02
  -2.7331958e-02
  -0.0000000e+00
  -0.0000000e+00
  -0.0000000e+00
  -1.1653236e-02
  -1.0535746e-02
  -5.4492028e-03
  -4.9906569e-03
   0.0000000e+00
   0.0000000e+00
  -4.6588527e-03
  -1.7752450e-02
  -3.3598952e-02
  -3.7294328e-02
  -1.6732734e-02
  -1.1350591e-02
  -6.2440415e-03
  -5.0764806e-03
  -2.5858756e-03
  -2.1513680e-03
  -2.5018249e-03
  -5.1100259e-03
  -1.1586450e-02
  -1.4536837e-02
  -1.0611315e-02
  -2.4716760e-04
   8.8261589e-03
   8.9828811e-03
   9.5653566e-03
   0.0000000e+00
  -0.0000000e+00
  -1.8799602e-03
   3.6957023e-03
  -6.7611649e-03
  -2.5554236e-02
  -2.1799685e-02
  -8.9934692e-03
  -3.0865225e-03
  -6.5863924e-03
  -7.0140320e-03
  -7.8009656e-03
   3.3036149e-03
   1.2782486e-02
   1.2547784e-02
   0.0000000e+00
   0.0000000e+00
  -6.6089942e-03
  -1.9052228e-02
  -2.4469836e-02
  -2.1436008e-02
   2.6277965e-05
   3.9618663e-03
   6.3730557e-03
   6.2952940e-03
   8.0156215e-03
   7.2101750e-03
   7.5763622e-03
   2.9976838e-03
  -5.4492848e-03
  -8.5049458e-03
  -2.8370428e-03
   1.2579786e-02
   1.9186953e-02
   1.7737418e-02
   1.6607413e-02
   0.0000000e+00
   0.0000000e+00
  -2.9067264e-04
   4.9959161e-03
  -8.5608935e-04
  -9.8481616e-03
  -1.8383731e-04
   9.1897957e-03
   7.2881188e-03
   2.2843834e-03
   1.6977368e-03
   3.7873227e-03
   2.2613032e-02
   2.7407534e-02
   2.3067776e-02
   0.0000000e+00
   0.0000000e+00
  -6.7000625e-03
  -1.1862587e-02
  -9.5253447e-03
  -3.5046595e-03
   1.3156860e-02
   1.7196672e-02
   1.7592730e-02
   1.6789613e-02
   1.8028539e-02
   1.6722942e-02
   1.8030306e-02
   1.0842957e-02
   1.0504770e-03
  -7.9722214e-04
   5.4161004e-03
   2.1509232e-02
   2.2916770e-02
   2.3301684e-02
   2.7534192e-02
   1.1765850e-02
   0.0000000e+00
   5.2104052e-03
   5.8423696e-03
   0.0000000e+00
   5.8093071e-03
   1.8177949e-02
   2.4277370e-02
   1.8234400e-02
   1.4481306e-02
   1.1411011e-02
   1.6586632e-02
   3.7403904e-02
   3.3727857e-02
   0.0000000e+00
   0.0000000e+00
   0.0000000e+00
  -0.0000000e+00
   1.5094866e-03
   6.8655252e-03
   1.1538831e-02
   2.2697568e-02
   2.6890470e-02
   2.6616713e-02
   2.5482936e-02
   2.6332093e-02
   2.4440717e-02
   2.4052501e-02
   1.5736086e-02
   7.7216900e-03
   9.5718056e-03
   1.6667686e-02
   2.8770765e-02
   2.0528027e-02
   0.0000000e+00
   3.6573599e-02
   1.1654188e-02
   0.0000000e+00
   0.0000000e+00
   4.0911781e-03
   0.0000000e+00
   1.6314715e-02
   3.0748859e-02
   3.5019558e-02
   2.2546243e-02
   1.9424566e-02
   1.4727023e-02
   2.4761487e-02
   4.1663829e-02
   2.8494700e-02
   0.0000000e+00
   0.0000000e+00
   0.0000000e+00
   0.0000000e+00
   1.7897218e-02
   2.0251211e-02
   2.0961162e-02
   2.5875570e-02
   2.9043272e-02
   2.8624155e-02
   2.7439810e-02
   2.6995599e-02
   2.3808455e-02
   2.1049347e-02
   1.4505163e-02
   1.0658628e-02
   1.5712438e-02
   2.2330673e-02
   2.8635189e-02
   1.6170983e-02
   1.4793759e-02
   3.4063834e-02
   0.0000000e+00
   0.0000000e+00
   0.0000000e+00
   4.3337313e-03
   1.6131457e-02
   2.0227285e-02
   3.0612107e-02
   3.7841637e-02
   2.2113532e-02
   0.0000000e+00
   0.0000000e+00
   2.3387506e-02
   3.4906600e-02
   2.2293538e-02
   9.9379137e-03
   0.0000000e+00
   0.0000000e+00
   0.0000000e+00
   2.5180414e-02
   2.3544172e-02
   2.3469858e-02
   2.4664253e-02
   2.6992392e-02
   2.6520727e-02
   2.5429126e-02
   2.3608858e-02
   2.0053254e-02
   1.6218180e-02
   1.1490668e-02
   1.1142004e-02
   1.6760064e-02
   2.2976004e-02
   2.5914002e-02
   1.6210139e-02
   1.9825371e-02
   2.7996994e-02
   0.0000000e+00
   0.0000000e+00
   0.0000000e+00
   6.8096705e-03
   2.1694001e-02
   2.1919098e-02
   2.7047753e-02
   3.4778848e-02
   1.5240875e-02
   0.0000000e+00
   0.0000000e+00
   0.0000000e+00
   2.7848773e-02
   2.0056875e-02
   8.5364125e-03
   0.0000000e+00
   0.0000000e+00
   2.1942173e-02
   2.4215251e-02
   2.2061665e-02
   2.2389272e-02
   2.1279540e-02
   2.2704005e-02
   2.2161650e-02
   2.1155518e-02
   1.8118320e-02
   1.4633259e-02
   1.0638129e-02
   7.7808211e-03
   1.0369174e-02
   1.5201374e-02
   2.0797152e-02
   2.1424236e-02
   1.6209660e-02
   2.5344402e-02
   2.3088430e-02
   0.0000000e+00
   0.0000000e+00
   0.0000000e+00
   0.0000000e+00
   2.5061099e-02
   2.1839604e-02
   2.3310002e-02
   2.7380567e-02
   8.8728514e-03
   1.6693607e-03
   8.0250907e-04
   0.0000000e+00
   2.0796006e-02
   1.8440807e-02
   7.0907045e-03
   0.0000000e+00
   0.0000000e+00
   2.1282829e-02
   1.9366067e-02
   1.8266596e-02
   1.9329442e-02
   1.4915539e-02
   1.4926076e-02
   1.4346321e-02
   1.3203216e-02
   9.8780952e-03
   7.3109437e-03
   4.7149318e-03
   3.6270064e-03
   7.4581257e-03
   9.5756119e-03
   1.3770413e-02
   1.3914730e-02
   1.3932507e-02
   3.1767193e-02
   1.7849492e-02
  -3.6948147e-03
   0.0000000e+00
   0.0000000e+00
   0.0000000e+00
   2.0815538e-02
   1.8232698e-02
   2.2601804e-02
   1.3378290e-02
   2.3478603e-03
  -2.5293105e-03
  -4.2670496e-04
   0.0000000e+00
   0.0000000e+00
   1.6783545e-02
   4.4031579e-03
  -5.7254543e-03
   0.0000000e+00
   1.5415289e-02
   9.9858120e-03
   1.1952410e-02
   1.2872164e-02
   1.1720212e-02
   1.1207836e-02
   1.0627572e-02
   9.7572375e-03
   6.2960670e-03
   5.3618411e-03
   3.4191818e-03
   3.0452043e-03
   5.5958247e-03
   5.8823288e-03
   8.9655351e-03
   7.3964568e-03
   1.0174117e-02
   2.1348989e-02
   8.9437707e-03
  -2.5087911e-03
   0.0000000e+00
   0.0000000e+00
   0.0000000e+00
   1.2625639e-02
   1.6842009e-02
   2.2547966e-02
   7.3079527e-03
   2.7837532e-03
   1.5166730e-03
  -1.0136225e-03
  -1.6574776e-04
   0.0000000e+00
   1.3577625e-02
   8.2505652e-04
  -3.7042539e-03
   1.0963679e-02
   1.1142868e-02
   6.9517703e-03
   9.6571073e-03
   9.0832990e-03
   9.6377693e-03
   9.3121910e-03
   8.7287277e-03
   8.1022317e-03
   4.8292871e-03
   4.7882264e-03
   2.6804996e-03
   2.6546300e-03
   3.8217767e-03
   3.2991697e-03
   6.1149555e-03
   1.9610550e-03
   6.2644500e-03
   7.6684412e-03
  -1.4641823e-03
   1.6206916e-03
   0.0000000e+00
   0.0000000e+00
   0.0000000e+00
   5.5184417e-03
   1.7532645e-02
   1.8709339e-02
   4.6170838e-03
   4.9138884e-03
   4.1070748e-03
  -1.3403644e-04
  -5.6215150e-03
   0.0000000e+00
   0.0000000e+00
  -1.8372602e-03
  -2.4647547e-03
   9.6611800e-03
   8.6286310e-03
   6.0630175e-03
   8.0277584e-03
   7.1752882e-03
   8.1599848e-03
   8.2080644e-03
   7.5994004e-03
   7.1069468e-03
   4.3515852e-03
   4.8252996e-03
   2.4308739e-03
   2.6586389e-03
   2.4591300e-03
   1.5253755e-03
   4.2115757e-03
  -2.1320137e-03
   2.6986802e-03
  -6.3259699e-03
  -1.0221521e-02
   7.4155603e-03
   0.0000000e+00
   0.0000000e+00
   0.0000000e+00
   5.7105662e-04
   1.8437817e-02
   1.2939347e-02
   3.7453419e-03
   8.0531249e-03
   6.3243182e-03
   2.7323610e-03
  -1.0057088e-02
  -0.0000000e+00
   0.0000000e+00
  -3.4739655e-03
  -6.7018816e-05
   7.5895195e-03
   7.8326669e-03
   6.8740915e-03
   7.1276613e-03
   6.5501765e-03
   6.7789503e-03
   7.3688938e-03
   7.5184070e-03
   6.6516753e-03
   5.6822761e-03
   5.5191298e-03
   3.6765093e-03
   4.2039817e-03
   2.3406101e-03
   1.8688010e-03
   2.9377318e-03
  -3.9321105e-03
  -1.3629484e-03
  -1.7380420e-02
  -2.0420384e-02
   2.5837376e-03
   0.0000000e+00
   0.0000000e+00
  -0.0000000e+00
  -2.8514855e-03
   1.2960327e-02
   9.9951613e-03
   2.9345697e-03
   5.9454022e-03
   2.4918152e-03
   2.0764358e-03
  -1.0615147e-02
  -1.2207567e-02
   0.0000000e+00
  -1.8258911e-03
  -5.4523308e-04
   3.2387523e-03
   4.8963935e-03
   6.1787590e-03
   5.3960718e-03
   5.8841663e-03
   5.1092329e-03
   5.8734808e-03
   6.9517661e-03
   6.0301716e-03
   6.0917954e-03
   5.9904554e-03
   5.3554131e-03
   6.1187036e-03
   3.9700279e-03
   3.0989114e-03
   1.3173854e-03
  -5.4074205e-03
  -5.8869109e-03
  -1.8679030e-02
  -2.0480620e-02
  -3.9728350e-03
   0.0000000e+00
   0.0000000e+00
  -0.0000000e+00
  -4.5743720e-03
   7.4014240e-03
   1.1018233e-02
   1.2669145e-03
  -3.6809867e-04
  -3.8027694e-03
  -4.3361066e-03
  -9.3394695e-03
  -1.0209002e-02
   7.8815295e-04
  -3.3921778e-04
  -1.1160343e-03
   1.3417249e-03
   2.4121512e-04
   2.6684988e-03
   2.6936049e-03
   3.3271844e-03
   1.5352748e-03
   2.6644655e-03
   4.4447584e-03
   4.0213754e-03
   4.6908138e-03
   4.8734350e-03
   5.3878832e-03
   6.3624149e-03
   4.5980108e-03
   3.1606411e-03
  -7.3072204e-04
  -6.6892435e-03
  -9.9030873e-03
  -1.9562155e-02
  -2.2071025e-02
  -1.1661121e-02
  -0.0000000e+00
   0.0000000e+00
  -0.0000000e+00
  -7.6083061e-03
   8.8294782e-04
   1.0104857e-02
  -0.0000000e+00
  -5.7838233e-03
  -1.0726348e-02
  -1.0586819e-02
  -1.0180752e-02
  -1.0742742e-02
  -2.6009984e-03
  -8.9475262e-04
  -2.7823991e-03
  -1.7318802e-03
  -4.8121586e-03
  -2.3451729e-03
  -1.5343607e-03
  -8.3386438e-04
  -5.5495803e-03
  -3.2249065e-03
  -9.8325091e-04
   3.8811043e-04
   8.0860878e-04
   1.7699602e-03
   3.0809655e-03
   4.4192220e-03
   4.2749862e-03
   1.9286080e-03
  -2.2704734e-03
  -8.8766571e-03
  -1.3132904e-02
  -2.0933595e-02
  -2.5527676e-02
  -2.2613862e-02
  -2.9981011e-02
  -2.6612827e-02
  -1.6643894e-02
  -1.3825306e-02
  -6.6001507e-03
   3.4418397e-04
  -0.0000000e+00
  -9.4430232e-03
  -1.9670764e-02
  -1.7154209e-02
  -1.4963442e-02
  -1.1869872e-02
  -6.0364055e-03
  -6.2601320e-03
  -7.3508862e-03
  -8.2420148e-03
  -1.1623138e-02
  -1.0879199e-02
  -9.2248535e-03
  -8.2491841e-03
  -1.7024057e-02
  -1.3634888e-02
  -1.1535210e-02
  -8.3511258e-03
  -7.9637161e-03
  -7.4834600e-03
  -6.5059196e-03
  -4.8259953e-03
  -3.4092672e-03
  -4.6986928e-03
  -6.7747957e-03
  -1.3681067e-02
  -1.8295165e-02
  -2.6400313e-02
  -3.2159060e-02
  -2.3585072e-02
  -2.7515162e-02
  -3.0441998e-02
  -2.7179719e-02
  -2.2859108e-02
  -1.4410386e-02
  -0.0000000e+00
  -3.6144845e-03
  -9.0311849e-03
  -1.9719115e-02
  -1.7694378e-02
  -2.1421624e-02
  -1.7753316e-02
  -1.3253256e-02
  -1.6311135e-02
  -1.6586786e-02
  -1.6944595e-02
  -1.7867073e-02
  -2.0153342e-02
  -1.9530626e-02
  -1.8759234e-02
  -2.2683647e-02
  -1.9753434e-02
  -1.7280050e-02
  -1.4188053e-02
  -1.3492854e-02
  -1.4039383e-02
  -1.3813460e-02
  -1.2320774e-02
  -1.0379376e-02
  -9.7783804e-03
  -1.0333963e-02
  -1.5022963e-02
  -2.1051127e-02
  -2.7027510e-02
  -3.0952979e-02
  -2.4068225e-02
  -2.2587897e-02
  -2.7619429e-02
  -2.9431965e-02
  -2.6667841e-02
  -1.9200985e-02
  -0.0000000e+00
  -6.2850774e-03
  -8.4693395e-03
  -1.5672324e-02
  -1.6967038e-02
  -2.1949710e-02
  -2.1913918e-02
  -1.9103300e-02
  -2.0859847e-02
  -2.1568660e-02
  -2.0690411e-02
  -2.0821452e-02
  -2.3622185e-02
  -2.4012038e-02
  -2.3706175e-02
  -2.5437560e-02
  -2.3436565e-02
  -2.0458225e-02
  -1.7935188e-02
  -1.7026199e-02
  -1.8503154e-02
  -1.9098796e-02
  -1.7996408e-02
  -1.6012447e-02
  -1.3614915e-02
  -1.2872716e-02
  -1.4490567e-02
  -2.1100184e-02
  -2.4108864e-02
  -2.5809972e-02
  -2.4863157e-02
  -1.9080076e-02
  -2.2774972e-02
  -2.8641572e-02
  -2.6941027e-02
  -2.1015576e-02
  -1.3463011e-02
  -8.8927988e-03
  -8.3480301e-03
  -1.1285769e-02
  -1.5748074e-02
  -2.0201581e-02
  -2.3924584e-02
  -2.3328967e-02
  -2.2513712e-02
  -2.3456177e-02
  -2.1719351e-02
  -2.1963108e-02
  -2.4522072e-02
  -2.5634317e-02
  -2.5926383e-02
  -2.4212642e-02
  -2.3293199e-02
  -1.9835776e-02
  -1.7793382e-02
  -1.7253082e-02
  -1.8977474e-02
  -2.0547669e-02
  -1.9990392e-02
  -1.8523477e-02
  -1.5209138e-02
  -1.3109213e-02
  -1.0931034e-02
  -1.4073082e-02
  -1.4037105e-02
  -1.6889954e-02
  -2.8929047e-02
  -2.2033930e-02
  -1.6240697e-02
  -2.0143703e-02
  -1.9185504e-02
  -1.8033324e-02
  -1.0478933e-02
  -7.6110559e-03
  -9.2981523e-03
  -8.0086421e-03
  -1.3135851e-02
  -1.5996682e-02
  -2.1001320e-02
  -2.3985447e-02
  -1.9941131e-02
  -1.9519193e-02
  -1.8704429e-02
  -2.0215459e-02
  -2.2250284e-02
  -2.3270920e-02
  -2.4411475e-02
  -1.6938807e-02
  -1.6708093e-02
  -1.4145290e-02
  -1.1358233e-02
  -1.1090624e-02
  -1.1477992e-02
  -1.4129497e-02
  -1.4113864e-02
  -1.3320760e-02
  -1.1409897e-02
  -8.4275510e-03
  -4.9803453e-03
  -1.8064473e-03
  -4.1085063e-03
  -1.0066948e-02
  -2.6052915e-02
  -2.8935265e-02
  -1.4590054e-02
  -1.1190671e-02
  -7.6798336e-03
  -5.0564534e-03
  -2.0388737e-03
   2.2820311e-03
  -4.2472584e-03
  -3.7649177e-03
  -4.2053745e-03
  -8.8949362e-03
  -9.0883868e-03
  -1.2965022e-02
  -1.1647967e-02
  -9.5158219e-03
  -8.9317001e-03
  -1.0510788e-02
  -1.4841181e-02
  -1.5378908e-02
  -1.6732063e-02
  -7.6105590e-03
  -7.4210428e-03
  -5.6448476e-03
  -2.4329231e-03
  -1.6064451e-03
  -1.1564167e-03
  -3.8835960e-03
  -4.5594568e-03
  -4.0071616e-03
  -3.1482421e-03
  -3.1944254e-04
   2.6528288e-03
   5.3443275e-03
   1.1235146e-03
  -3.3661313e-03
  -1.4563765e-02
  -2.4417926e-02
  -1.8345744e-02
  -0.0000000e+00
  -5.4011522e-03
   1.8203293e-03
   4.9687121e-03
   1.0239393e-02
   8.0989562e-03
   7.9359120e-03
   8.1518311e-03
   3.8527679e-03
   3.8727322e-03
   1.9239916e-03
   6.2448112e-04
   9.9785312e-04
   2.2365465e-03
   1.4825772e-03
  -4.0787128e-03
  -5.9150509e-03
  -7.3079756e-03
   2.4296837e-03
   3.0267623e-03
   4.6022278e-03
   7.2999941e-03
   8.5865762e-03
   8.9863790e-03
   7.4003562e-03
   5.9440061e-03
   6.2835952e-03
   6.5134731e-03
   8.4971711e-03
   9.6238926e-03
   8.2422951e-03
   7.1551632e-03
   6.3353926e-03
   3.4742733e-04
  -9.5287077e-03
  -9.6782616e-03
  -0.0000000e+00
  -0.0000000e+00
   0.0000000e+00
   6.0651764e-03
   1.2309730e-02
   1.8863308e-02
   1.9605081e-02
   2.1288466e-02
   2.0165056e-02
   1.7304158e-02
   1.5875954e-02
   1.3187758e-02
   1.2833074e-02
   1.3998217e-02
   1.3132645e-02
   8.4458664e-03
   4.5396802e-03
   2.9397227e-03
   1.1829858e-02
   1.3029535e-02
   1.4725147e-02
   1.6318979e-02
   1.7790094e-02
   1.7049355e-02
   1.7168468e-02
   1.4857315e-02
   1.5383927e-02
   1.5591198e-02
   1.5903004e-02
   1.4505704e-02
   1.0453078e-02
   1.6986066e-02
   1.7122589e-02
   1.4539214e-02
   1.1193250e-02
   7.5108526e-03
   0.0000000e+00
   0.0000000e+00
  -0.0000000e+00
   2.3471964e-04
   8.1830509e-03
   2.3304773e-02
   2.6894461e-02
   2.8282166e-02
   3.2176409e-02
   2.8595699e-02
   2.7110999e-02
   2.4215259e-02
   2.5141304e-02
   2.4983447e-02
   2.2548465e-02
   1.9661440e-02
   1.4127908e-02
   1.2646317e-02
   1.8494667e-02
   1.9980682e-02
   2.1626757e-02
   2.2124957e-02
   2.3667427e-02
   2.1853626e-02
   2.2611046e-02
   2.0217745e-02
   2.1040849e-02
   2.1679575e-02
   2.0560965e-02
   1.8250685e-02
   1.7058820e-02
   2.8424738e-02
   2.3745855e-02
   2.4602385e-02
   2.9788464e-02
   0.0000000e+00
   0.0000000e+00
  -0.0000000e+00
  -0.0000000e+00
  -6.3747559e-03
   2.4361424e-03
   1.7262917e-02
   2.3870431e-02
   2.4389999e-02
   3.1056995e-02
   3.2608930e-02
   3.3512179e-02
   3.1737886e-02
   3.4319069e-02
   3.3307560e-02
   2.8749654e-02
   2.6080942e-02
   2.0087350e-02
   1.9135313e-02
   1.9895123e-02
   2.0778131e-02
   2.2415804e-02
   2.2173753e-02
   2.3592200e-02
   2.2112094e-02
   2.1799492e-02
   2.1247439e-02
   2.1016167e-02
   2.1776009e-02
   2.1921044e-02
   2.1319238e-02
   2.3503935e-02
   2.9325001e-02
   2.1390978e-02
   2.9552940e-02
   4.1298640e-02
   2.7817332e-02
   2.0896113e-02
   4.6699073e-03
  -1.6327569e-02
  -9.3353465e-03
  -4.3250015e-03
   6.8368358e-03
   1.7493976e-02
   1.3669752e-02
   1.8015519e-02
   2.5289344e-02
   2.9986672e-02
   3.1793125e-02
   3.5091262e-02
   3.5788141e-02
   3.0547595e-02
   2.6335321e-02
   2.0844514e-02
   1.9687105e-02
   1.4152215e-02
   1.4011419e-02
   1.6040731e-02
   1.5630646e-02
   1.6142435e-02
   1.5549477e-02
   1.4904514e-02
   1.6440326e-02
   1.2920143e-02
   1.2902794e-02
   1.6371580e-02
   1.5849207e-02
   1.5021560e-02
   1.4162553e-02
   1.4119571e-02
   2.6718264e-02
   3.3466376e-02
   2.3477484e-02
   1.5947320e-02
   1.9382142e-03
  -1.1528995e-02
  -8.8934703e-03
  -1.2351590e-02
  -5.1413262e-03
   8.3009386e-03
   4.1039004e-03
   5.4833819e-03
   1.1252595e-02
   1.4355079e-02
   2.0357220e-02
   2.6749616e-02
   2.8603826e-02
   2.3755670e-02
   1.9862341e-02
   1.6484611e-02
   1.3920213e-02
   6.0495513e-04
   7.8524568e-04
   3.2364514e-03
   3.7913690e-03
   3.6057115e-03
   3.1921542e-03
   2.9362747e-03
   2.9222735e-03
  -2.1440696e-03
  -1.7596110e-03
   2.0307198e-03
  -9.2194707e-04
  -3.9664605e-03
  -2.8868837e-03
   4.2750491e-03
   1.0277256e-02
   7.3566167e-03
   5.3307978e-03
   5.2202013e-03
   1.6807598e-03
  -1.4154235e-03
  -4.7164261e-03
  -1.3470801e-02
  -1.6761201e-02
  -1.0369379e-02
  -7.9483176e-03
  -4.7572362e-03
  -3.7981356e-03
  -5.0309729e-03
   2.3398027e-03
   1.1637176e-02
   1.1751228e-02
   6.8768496e-03
   6.0836822e-03
   5.9631160e-03
   2.6677279e-03
  -1.2881432e-02
  -1.2356197e-02
  -8.4117297e-03
  -4.9418355e-03
  -3.1409359e-03
  -3.6198671e-03
  -5.7896907e-03
  -8.5708899e-03
  -1.0541273e-02
  -8.2187923e-03
  -6.0677594e-03
  -8.4387092e-03
  -1.1853795e-02
  -1.1259128e-02
  -8.1623029e-03
  -7.7149491e-03
  -9.4144810e-03
  -7.5459774e-03
  -2.9805806e-03
   6.4038660e-04
   1.8459681e-03
  -5.4189167e-04
  -6.8503246e-03
  -1.6840758e-02
  -2.2319783e-02
  -2.0771325e-02
  -1.6057396e-02
  -1.4061238e-02
  -1.3519548e-02
  -7.2359713e-03
   2.9196942e-04
   4.0486979e-04
  -3.5110919e-03
  -4.4189570e-03
  -5.5234330e-03
  -9.4366707e-03
  -9.3610128e-03
  -8.8269738e-03
  -5.8616661e-03
  -1.8887768e-03
   8.8849285e-04
   1.8874460e-03
   1.0638322e-03
  -4.7861756e-04
  -1.7530592e-03
  -2.2477349e-03
  -2.8877663e-03
  -4.7009629e-03
  -7.2587216e-03
  -8.9594768e-03
  -9.2988089e-03
  -8.7632015e-03
  -8.6181248e-03
  -8.8821482e-03
  -8.9629944e-03
  -8.3412072e-03
  -6.1351750e-03
  -2.6674287e-03
  -7.4264506e-05
   4.3408194e-04
  -1.4183080e-03
  -3.6543328e-03
  -4.8773033e-03
  -4.7324104e-03
  -3.5377110e-03
  -1.2808831e-03
   8.8986231e-04
   1.5225506e-03
   5.3217716e-04
  -1.5821634e-03
  -4.4183503e-03
  -7.5701233e-03
