  5.339701e-01
  4.679162e-01
  4.110661e-01
  3.741784e-01
  3.403007e-01
  3.086762e-01
  2.822045e-01
  2.619711e-01
  2.504446e-01
  2.486890e-01
  2.580152e-01
  2.595651e-01
  2.561646e-01
  2.504924e-01
  2.400595e-01
  2.386301e-01
  2.339878e-01
  2.277098e-01
  2.302252e-01
  2.344836e-01
  2.358791e-01
  2.315285e-01
  2.343431e-01
  2.361399e-01
  2.378105e-01
  2.394295e-01
  2.376994e-01
  2.412766e-01
  2.600371e-01
  2.943944e-01
  3.395820e-01
  3.914826e-01
  4.471096e-01
  4.757322e-01
  5.232674e-01
  5.625250e-01
