  -2.7457621e+00
  -2.7702843e+00
  -2.5829616e+00
  -2.3273344e+00
  -2.0287681e+00
  -1.7671846e+00
  -1.5990833e+00
  -1.4858455e+00
  -1.3970664e+00
  -1.3009670e+00
  -1.1731378e+00
  -1.0148778e+00
  -8.3617258e-01
  -6.4134346e-01
  -5.1322293e-01
  -4.8673564e-01
  -5.2328962e-01
  -5.3470421e-01
  -4.6067658e-01
  -3.1645273e-01
  -1.9436669e-01
  -1.4480062e-01
  -1.6791215e-01
  -2.3786306e-01
  -2.6265359e-01
  -2.1658849e-01
  -1.4236549e-01
  -5.0100174e-02
   1.1825563e-01
   3.1918061e-01
   3.9509535e-01
   1.6025477e-01
  -4.5290673e-01
  -1.1805787e+00
  -1.9187311e+00
  -2.4699082e+00
  -1.3430399e+00
  -1.7883590e+00
  -1.7389224e+00
  -1.5566714e+00
  -1.3292720e+00
  -1.1915767e+00
  -1.1873977e+00
  -1.2369202e+00
  -1.2267085e+00
  -1.0847837e+00
  -8.6112601e-01
  -4.8928258e-01
   6.5516412e-02
   5.5674326e-01
   6.7646503e-01
   3.8322258e-01
  -2.2694312e-01
  -7.0623058e-01
  -7.6543117e-01
  -4.7026086e-01
  -3.4664536e-01
  -4.0494201e-01
  -4.9269092e-01
  -8.0243170e-01
  -8.3741230e-01
  -4.8968405e-01
  -2.6205111e-01
  -1.9383386e-01
  -1.4717785e-01
  -1.5364390e-02
   2.4717632e-01
   5.5186933e-01
   5.0877833e-01
   2.9566205e-01
   1.4800748e-01
  -4.7452262e-01
   2.2824845e+00
   1.4735506e+00
   1.0099916e+00
   9.1700256e-01
   1.0210283e+00
   1.1667101e+00
   1.3081644e+00
   1.3257035e+00
   1.1402161e+00
   7.7360469e-01
   5.0684094e-01
   7.0170635e-01
   1.0924082e+00
   1.4975584e+00
   1.8290486e+00
   1.6595026e+00
   1.1048449e+00
   7.2008473e-01
   3.9532351e-01
   2.3320988e-01
  -7.7105090e-02
  -4.0997022e-01
  -2.5784579e-01
  -8.8173732e-02
   2.2943243e-01
   5.1368511e-01
   4.5303029e-01
   4.4013959e-01
   3.7881947e-01
   5.6240809e-01
   7.7476299e-01
   1.2506745e+00
   2.0014174e+00
   2.3852248e+00
   2.9907787e+00
   3.0864706e+00
   5.7009799e+00
   5.2709131e+00
   4.5861654e+00
   4.1333466e+00
   3.7562876e+00
   3.5222549e+00
   3.5295858e+00
   3.3267403e+00
   3.0995052e+00
   2.4210210e+00
   1.9305624e+00
   1.9098635e+00
   1.3410756e+00
   1.2693410e+00
   1.6755019e+00
   1.6971137e+00
   1.4809663e+00
   1.4204862e+00
   1.5627665e+00
   1.0640967e+00
   6.9085997e-01
   9.0007399e-01
   8.4232974e-01
   9.0363377e-01
   1.2256867e+00
   1.0125166e+00
   5.4648870e-01
   5.3904689e-01
   6.3006186e-01
   1.1526370e+00
   1.6062911e+00
   1.9078056e+00
   2.9631720e+00
   3.6149625e+00
   4.3374810e+00
   5.4803500e+00
   7.0999165e+00
   7.2412934e+00
   6.8224010e+00
   6.2337751e+00
   5.5970268e+00
   5.0019007e+00
   4.7145777e+00
   4.2852893e+00
   4.2121973e+00
   3.7666543e+00
   3.5096869e+00
   3.2373209e+00
   1.8248296e+00
   1.4032532e+00
   1.4599211e+00
   1.4069568e+00
   1.4558120e+00
   1.4108196e+00
   2.2648699e+00
   1.8995321e+00
   1.6958635e+00
   2.8793125e+00
   2.4521568e+00
   1.6743515e+00
   1.8846442e+00
   1.7346053e+00
   1.3010495e+00
   1.5910976e+00
   1.9662415e+00
   1.9153354e+00
   2.0959024e+00
   2.4069922e+00
   3.5502467e+00
   4.5645199e+00
   5.2676277e+00
   6.4628334e+00
   6.3886518e+00
   6.6545115e+00
   6.5243025e+00
   6.0962710e+00
   5.6609268e+00
   5.1509094e+00
   4.7542429e+00
   4.3528266e+00
   4.3255911e+00
   4.2365713e+00
   4.3030891e+00
   3.7945313e+00
   2.2806036e+00
   1.7691921e+00
   1.4568796e+00
   1.0561943e+00
   1.1299492e+00
   1.3915133e+00
   2.5281527e+00
   2.6650968e+00
   2.9361806e+00
   4.2711663e+00
   3.4853303e+00
   2.1747270e+00
   2.3709533e+00
   2.5830629e+00
   2.5030370e+00
   3.0676534e+00
   3.3840451e+00
   2.3311701e+00
   1.8031702e+00
   2.3441510e+00
   3.6565332e+00
   4.8631678e+00
   5.5205173e+00
   6.0652704e+00
   4.2524786e+00
   4.2087574e+00
   4.1143885e+00
   3.9440534e+00
   3.8273454e+00
   3.6992793e+00
   3.5096664e+00
   3.2639531e+00
   3.1977419e+00
   3.3061924e+00
   3.5577248e+00
   3.0657908e+00
   1.9126406e+00
   1.5894844e+00
   1.4112727e+00
   6.5323144e-01
   2.8996115e-01
   1.0559983e+00
   2.3932292e+00
   2.9963568e+00
   3.6930704e+00
   4.4026198e+00
   3.1586863e+00
   1.9644349e+00
   2.1724145e+00
   2.5264682e+00
   2.9458290e+00
   3.4018614e+00
   3.1794578e+00
   1.9064703e+00
   1.0606153e+00
   1.5397646e+00
   2.8567010e+00
   3.8158755e+00
   4.1649871e+00
   4.2625833e+00
   1.3488500e+00
   1.0945482e+00
   9.4279927e-01
   9.2104125e-01
   9.2649728e-01
   1.0768899e+00
   1.1507738e+00
   1.0944787e+00
   1.0564175e+00
   1.2523041e+00
   1.5659487e+00
   1.2553043e+00
   6.3596112e-01
   7.4453187e-01
   1.1661618e+00
   4.1628546e-01
  -8.0095184e-01
  -6.9031094e-02
   1.7550539e+00
   2.6544175e+00
   3.0305032e+00
   3.1403353e+00
   1.7375741e+00
   6.6344504e-01
   8.3944672e-01
   1.2128704e+00
   1.9493456e+00
   2.0295775e+00
   1.4078823e+00
   9.3238121e-01
   2.9134917e-01
   2.9325897e-01
   1.1720682e+00
   1.6008917e+00
   1.5431958e+00
   1.4383899e+00
  -1.6745006e+00
  -1.8438467e+00
  -1.9716203e+00
  -1.9486494e+00
  -2.0237393e+00
  -1.8047425e+00
  -1.6602201e+00
  -1.4652631e+00
  -1.4164259e+00
  -1.2091606e+00
  -9.0012157e-01
  -1.0864682e+00
  -9.6298289e-01
  -3.7000388e-01
   7.6692396e-01
   5.1896328e-01
  -1.6957390e+00
  -1.6232746e+00
   5.8992761e-01
   1.6189028e+00
   1.0872388e+00
   7.6477039e-01
  -1.7964870e-01
  -1.2800392e+00
  -1.1856880e+00
  -7.6871538e-01
  -1.2328264e-01
  -3.6810362e-01
  -7.3814374e-01
   5.8649361e-02
  -3.3097050e-01
  -9.3309057e-01
  -7.7307218e-01
  -9.3852228e-01
  -1.2505109e+00
  -1.6239371e+00
  -4.2873950e+00
  -4.2178636e+00
  -4.2142153e+00
  -4.1606197e+00
  -4.3988347e+00
  -4.2227545e+00
  -4.2292809e+00
  -3.7298918e+00
  -3.6110888e+00
  -3.5064552e+00
  -3.2508512e+00
  -3.4406178e+00
  -2.3577209e+00
  -1.3977334e+00
   2.9668486e-01
   9.4306147e-01
  -2.1355515e+00
  -3.0009441e+00
  -9.2651039e-01
   1.9999359e-02
  -1.3845841e+00
  -2.1745436e+00
  -2.1880624e+00
  -3.1242516e+00
  -3.1451197e+00
  -2.7151551e+00
  -2.5424123e+00
  -2.9008341e+00
  -2.3504224e+00
  -3.2585019e-01
  -7.4103135e-01
  -1.8326077e+00
  -2.3786559e+00
  -3.0932281e+00
  -3.4613888e+00
  -4.2451024e+00
  -5.9714095e+00
  -5.8967633e+00
  -5.7472469e+00
  -5.5423759e+00
  -5.8324505e+00
  -5.6240520e+00
  -5.7916212e+00
  -5.1177016e+00
  -5.0492096e+00
  -5.4243610e+00
  -5.3555599e+00
  -5.4510663e+00
  -3.3312259e+00
  -2.1791452e+00
  -4.0416570e-01
   1.6481103e+00
  -1.6571931e+00
  -3.5784690e+00
  -2.6130430e+00
  -2.5086424e+00
  -3.6426886e+00
  -5.0739693e+00
  -4.4403901e+00
  -3.8063423e+00
  -3.9270011e+00
  -4.0083211e+00
  -4.5730589e+00
  -4.8638268e+00
  -2.8365846e+00
   7.7778378e-02
  -6.0260284e-01
  -2.0663734e+00
  -3.0979925e+00
  -4.3313662e+00
  -4.7817799e+00
  -5.7636103e+00
  -5.7633123e+00
  -5.8873851e+00
  -5.8465033e+00
  -5.5442829e+00
  -5.6212814e+00
  -5.3324413e+00
  -5.2867002e+00
  -4.8983411e+00
  -4.9859681e+00
  -5.8712902e+00
  -5.9493392e+00
  -5.7158189e+00
  -3.6155124e+00
  -2.3918511e+00
  -1.1932038e+00
   1.9463582e+00
  -3.7153842e-01
  -3.3017721e+00
  -3.0246172e+00
  -4.0064955e+00
  -4.2431297e+00
  -5.1737680e+00
  -5.0828470e+00
  -2.8702216e+00
  -2.6774983e+00
  -3.4553197e+00
  -4.4024200e+00
  -4.7869415e+00
  -2.4356620e+00
   6.1232853e-01
   2.6527932e-01
  -1.5668412e+00
  -2.8259048e+00
  -4.1331625e+00
  -4.7164058e+00
  -5.3081026e+00
  -5.1313119e+00
  -5.2870665e+00
  -5.4010062e+00
  -5.1241798e+00
  -5.0248008e+00
  -4.7393079e+00
  -4.5115147e+00
  -4.4333410e+00
  -4.6387467e+00
  -5.6860085e+00
  -5.7718959e+00
  -5.3370962e+00
  -3.6277041e+00
  -2.4168446e+00
  -1.7045939e+00
   1.9415557e+00
   7.4598634e-01
  -2.8834765e+00
  -2.9249206e+00
  -4.3100891e+00
  -4.2557821e+00
  -4.3523455e+00
  -4.5200820e+00
  -1.9462457e+00
  -1.3336320e+00
  -2.2426498e+00
  -3.3561940e+00
  -3.9610343e+00
  -2.1203351e+00
   7.9156840e-01
   9.2574775e-01
  -1.2385001e+00
  -2.6155372e+00
  -3.6883600e+00
  -4.2333455e+00
  -4.5401502e+00
  -4.3941331e+00
  -4.5082820e+00
  -4.7614002e+00
  -4.5665398e+00
  -4.3486221e+00
  -4.1288052e+00
  -3.7859442e+00
  -3.9909930e+00
  -4.2603745e+00
  -5.2625508e+00
  -5.2951191e+00
  -4.7190051e+00
  -3.5152667e+00
  -2.3208374e+00
  -1.9280468e+00
   1.8046631e+00
   1.6954921e+00
  -2.3661568e+00
  -2.6834638e+00
  -4.0412133e+00
  -4.0130281e+00
  -3.3825145e+00
  -3.5320587e+00
  -1.1196718e+00
  -1.4569196e-01
  -8.5599112e-01
  -1.9774266e+00
  -2.8619761e+00
  -1.8598185e+00
   7.3705262e-01
   1.2892873e+00
  -1.1176571e+00
  -2.4996283e+00
  -3.1950381e+00
  -3.6319241e+00
  -3.7453067e+00
  -3.6293464e+00
  -3.6089687e+00
  -3.8918421e+00
  -3.8744594e+00
  -3.7212520e+00
  -3.7477027e+00
  -3.5261473e+00
  -3.9257668e+00
  -4.0824923e+00
  -4.5996581e+00
  -4.4955886e+00
  -3.8196300e+00
  -3.2140710e+00
  -1.9230274e+00
  -1.2889551e+00
   1.4862247e+00
   2.3795009e+00
  -1.4604820e+00
  -2.5181924e+00
  -2.8854270e+00
  -3.4282575e+00
  -2.9097212e+00
  -2.1741086e+00
  -5.0650312e-01
   4.8105949e-01
   6.8929960e-01
  -3.3747637e-02
  -1.3558610e+00
  -1.6504694e+00
   1.2425122e-01
   6.7429150e-01
  -1.6757618e+00
  -2.7017491e+00
  -2.7279076e+00
  -2.9681089e+00
  -3.1007547e+00
  -3.3790095e+00
  -3.4346418e+00
  -3.6579275e+00
  -3.7695124e+00
  -3.7637556e+00
  -4.1002545e+00
  -4.0468855e+00
  -4.5151310e+00
  -4.4302387e+00
  -4.5347118e+00
  -4.3565722e+00
  -3.3563828e+00
  -3.0981631e+00
  -1.1349254e+00
   2.7155226e-01
   1.4563739e+00
   2.6224303e+00
  -7.6067603e-01
  -2.6815939e+00
  -2.0864189e+00
  -2.9626904e+00
  -3.6310549e+00
  -2.5069780e+00
  -6.4275134e-01
  -3.8954236e-02
   6.7336810e-01
   8.0140567e-01
  -6.0916620e-01
  -1.4437770e+00
  -8.3769333e-01
  -8.7528890e-01
  -2.5252607e+00
  -2.9329386e+00
  -2.6657279e+00
  -2.9532812e+00
  -2.9868453e+00
  -3.2225437e+00
  -3.3492503e+00
  -3.5986407e+00
  -3.8002906e+00
  -3.8660042e+00
  -4.3569069e+00
  -4.3745041e+00
  -4.8727336e+00
  -4.7124271e+00
  -4.6563315e+00
  -4.4037681e+00
  -3.2227397e+00
  -3.0743773e+00
  -5.9471166e-01
   1.3063035e+00
   1.6539118e+00
   2.6768622e+00
  -5.1543045e-01
  -2.6986930e+00
  -1.7436166e+00
  -2.6185780e+00
  -3.7684135e+00
  -2.9612076e+00
  -1.1341896e+00
  -5.9206104e-01
   2.1663663e-01
   8.7989467e-01
  -2.8456098e-01
  -1.3790340e+00
  -1.5250115e+00
  -1.8293364e+00
  -2.8909061e+00
  -2.9394071e+00
  -2.6727657e+00
  -2.9812150e+00
  -2.8862484e+00
  -3.0909633e+00
  -3.2951071e+00
  -3.6139435e+00
  -3.8984235e+00
  -4.0087292e+00
  -4.5999533e+00
  -4.6516261e+00
  -5.1653925e+00
  -4.9983446e+00
  -4.8802188e+00
  -4.5439809e+00
  -3.2272276e+00
  -3.0908542e+00
  -1.0470638e-01
   2.2210144e+00
   1.9821131e+00
   2.6496132e+00
  -4.5324322e-01
  -2.6493255e+00
  -1.5727347e+00
  -2.2893694e+00
  -3.6489026e+00
  -3.5277542e+00
  -1.8520546e+00
  -1.2281951e+00
  -5.0239958e-01
   6.1340922e-01
  -1.1811151e-01
  -1.3729015e+00
  -2.1675505e+00
  -2.6207957e+00
  -3.0744642e+00
  -2.8413655e+00
  -2.7130958e+00
  -3.0325961e+00
  -2.7796092e+00
  -2.5670736e+00
  -2.6746812e+00
  -3.1149006e+00
  -3.4423137e+00
  -3.6489613e+00
  -4.0234351e+00
  -4.1451702e+00
  -4.5623221e+00
  -4.6766024e+00
  -4.7135506e+00
  -4.3286490e+00
  -3.5908072e+00
  -3.0041461e+00
  -6.5730000e-01
   1.4995024e+00
   2.0947227e+00
   1.4145404e+00
  -8.6703426e-01
  -2.0143452e+00
  -1.8256687e+00
  -1.0650413e+00
  -1.2036324e+00
  -2.8036318e+00
  -2.8792713e+00
  -1.9330665e+00
  -1.3318192e+00
  -4.3560079e-01
  -3.5708445e-01
  -1.7090462e+00
  -2.3305597e+00
  -2.2071416e+00
  -2.4099748e+00
  -2.2692871e+00
  -2.4360740e+00
  -2.5534456e+00
  -2.3435125e+00
  -2.2161236e+00
  -2.2340951e+00
  -2.5831163e+00
  -2.8143833e+00
  -3.0991302e+00
  -3.3297725e+00
  -3.4984422e+00
  -3.8233478e+00
  -3.9923539e+00
  -4.1484613e+00
  -3.9346895e+00
  -3.7135458e+00
  -3.0674257e+00
  -1.7146050e+00
  -1.7108351e-01
   9.4048613e-01
  -5.5560157e-02
  -1.1711031e+00
  -1.7313812e+00
  -2.0779810e+00
  -8.3408557e-02
   2.4264318e-01
  -1.9652575e+00
  -2.5823481e+00
  -1.9749168e+00
  -1.4655745e+00
  -8.9858335e-01
  -8.3739656e-01
  -1.8686181e+00
  -2.0853758e+00
  -1.7551808e+00
  -2.0288732e+00
  -2.0060372e+00
  -2.1794965e+00
  -2.2382879e+00
  -2.1248329e+00
  -2.0313406e+00
  -1.9747096e+00
  -2.2033198e+00
  -2.3207751e+00
  -2.6366053e+00
  -2.7743364e+00
  -2.9547414e+00
  -3.1777527e+00
  -3.3524160e+00
  -3.6061997e+00
  -3.5903339e+00
  -3.8048837e+00
  -3.2671770e+00
  -2.8140116e+00
  -1.9725912e+00
  -6.1662193e-01
  -1.5220590e+00
  -1.5731625e+00
  -1.6818606e+00
  -2.2860980e+00
   5.8041442e-01
   1.1221754e+00
  -1.3743625e+00
  -2.1559236e+00
  -1.9197701e+00
  -1.6068077e+00
  -1.3603223e+00
  -1.4052777e+00
  -2.0470490e+00
  -1.9578850e+00
  -1.5691081e+00
  -1.8629600e+00
  -1.9251788e+00
  -2.0935609e+00
  -2.1190395e+00
  -2.0581043e+00
  -2.2172824e+00
  -2.1060048e+00
  -2.1167197e+00
  -2.0518881e+00
  -2.2881699e+00
  -2.4375043e+00
  -2.5442824e+00
  -2.6167353e+00
  -2.6798826e+00
  -3.0012881e+00
  -3.2929672e+00
  -3.8442873e+00
  -3.8549280e+00
  -4.2699191e+00
  -4.5115462e+00
  -3.5309421e+00
  -3.3234055e+00
  -2.3202978e+00
  -2.2007319e+00
  -2.4324468e+00
   6.0712251e-01
   8.0585258e-01
  -1.2688032e+00
  -1.3315172e+00
  -1.6220560e+00
  -1.8161745e+00
  -1.9420741e+00
  -2.3235629e+00
  -2.3194548e+00
  -2.1057277e+00
  -2.0094345e+00
  -2.1932789e+00
  -2.2776083e+00
  -2.4165956e+00
  -2.4612534e+00
  -2.3533985e+00
  -3.4408817e+00
  -3.2940768e+00
  -3.1563756e+00
  -3.0538893e+00
  -3.0887252e+00
  -3.2752686e+00
  -3.2243569e+00
  -3.1287013e+00
  -3.1129293e+00
  -3.2830124e+00
  -3.6548937e+00
  -4.1799159e+00
  -4.7486200e+00
  -5.3346837e+00
  -6.1793885e+00
  -5.9393530e+00
  -4.3788361e+00
  -3.5641904e+00
  -3.4237728e+00
  -2.5701861e+00
  -1.1272702e+00
  -1.2401396e+00
  -2.1858437e+00
  -1.7789745e+00
  -1.7978609e+00
  -2.5302877e+00
  -3.0203319e+00
  -3.3880610e+00
  -3.2769638e+00
  -3.2307482e+00
  -3.4062207e+00
  -3.4705554e+00
  -3.5952682e+00
  -3.7485201e+00
  -3.7467044e+00
  -3.5545208e+00
  -4.5306053e+00
  -4.3754663e+00
  -4.1720476e+00
  -4.1162033e+00
  -4.1184335e+00
  -4.2639265e+00
  -4.1616688e+00
  -4.0042772e+00
  -3.9261782e+00
  -3.9228523e+00
  -4.1948171e+00
  -4.5607529e+00
  -5.2119131e+00
  -5.7463031e+00
  -6.5445156e+00
  -6.5685749e+00
  -4.8019547e+00
  -4.2331686e+00
  -3.9484282e+00
  -2.7580900e+00
  -2.2542865e+00
  -2.2685502e+00
  -2.8803933e+00
  -2.6902628e+00
  -2.3862209e+00
  -3.2855484e+00
  -3.8823233e+00
  -4.1604962e+00
  -4.2227564e+00
  -4.1888666e+00
  -4.3697753e+00
  -4.4755425e+00
  -4.6973438e+00
  -4.8222108e+00
  -4.7846222e+00
  -4.6306348e+00
  -5.4591298e+00
  -5.3127894e+00
  -5.0845003e+00
  -5.0998297e+00
  -5.1458225e+00
  -5.2333760e+00
  -5.1357150e+00
  -4.9613123e+00
  -4.8169293e+00
  -4.6509042e+00
  -4.7412758e+00
  -4.8794746e+00
  -5.4074001e+00
  -5.7910295e+00
  -6.3332257e+00
  -6.4832397e+00
  -4.9593649e+00
  -4.5017185e+00
  -3.9953480e+00
  -2.8160233e+00
  -2.8838558e+00
  -2.7232234e+00
  -3.3712270e+00
  -3.5869043e+00
  -3.0450556e+00
  -3.9843411e+00
  -4.5783281e+00
  -4.7703214e+00
  -5.0390482e+00
  -4.9659772e+00
  -5.0872855e+00
  -5.2665792e+00
  -5.5929708e+00
  -5.6869159e+00
  -5.6276927e+00
  -5.5553932e+00
  -5.7127614e+00
  -5.6124170e+00
  -5.4427980e+00
  -5.5312228e+00
  -5.7453359e+00
  -5.7927455e+00
  -5.8115088e+00
  -5.6959021e+00
  -5.4712905e+00
  -5.2358178e+00
  -5.0407286e+00
  -4.8645287e+00
  -4.9531543e+00
  -5.0483759e+00
  -5.1813166e+00
  -5.3326510e+00
  -4.6543981e+00
  -3.7457227e+00
  -2.8903873e+00
  -2.3468233e+00
  -2.0851569e+00
  -1.8591589e+00
  -3.2038623e+00
  -3.8403201e+00
  -3.4652990e+00
  -4.2901999e+00
  -4.7029082e+00
  -4.9041919e+00
  -5.2164088e+00
  -5.0574635e+00
  -5.1221794e+00
  -5.3388102e+00
  -5.7259853e+00
  -5.8227761e+00
  -5.7889016e+00
  -5.8342963e+00
  -3.8925934e+00
  -3.8616650e+00
  -3.9226522e+00
  -4.0819449e+00
  -4.3301630e+00
  -4.4339619e+00
  -4.5516849e+00
  -4.5142150e+00
  -4.3736501e+00
  -4.2445345e+00
  -3.8840785e+00
  -3.5318656e+00
  -3.1248538e+00
  -2.8733354e+00
  -3.0753798e+00
  -3.3401542e+00
  -3.0425165e+00
  -1.6086578e+00
  -6.3431865e-01
  -3.8219383e-01
   9.6461892e-02
  -2.6016277e-01
  -1.4195402e+00
  -1.8294213e+00
  -2.0087421e+00
  -2.5344691e+00
  -2.9383836e+00
  -3.1281545e+00
  -3.1886742e+00
  -3.2445002e+00
  -3.3777232e+00
  -3.4980443e+00
  -3.7529559e+00
  -3.9561584e+00
  -3.9786019e+00
  -3.9757323e+00
  -1.2663811e+00
  -1.3026220e+00
  -1.5420499e+00
  -1.7523761e+00
  -1.9436941e+00
  -2.0243244e+00
  -2.1034141e+00
  -2.1143529e+00
  -2.0828345e+00
  -2.0490026e+00
  -1.7581093e+00
  -1.4466540e+00
  -8.5323530e-01
  -5.1954156e-01
  -8.6201555e-01
  -9.8935109e-01
  -7.6578474e-01
   1.3373083e-01
   8.1470001e-01
   1.2450602e+00
   1.3292841e+00
   6.7350781e-01
   6.8361014e-01
   7.2196501e-01
   3.0966026e-01
   2.0628497e-01
  -1.8205884e-01
  -3.1542927e-01
  -3.2789612e-01
  -5.9480280e-01
  -7.3437190e-01
  -9.1396344e-01
  -1.0841490e+00
  -1.2882459e+00
  -1.3431214e+00
  -1.2865949e+00
   1.6135788e+00
   1.5064332e+00
   1.1952688e+00
   9.9236965e-01
   8.1580462e-01
   8.2605547e-01
   8.2217759e-01
   8.2651039e-01
   8.3478725e-01
   8.0553508e-01
   9.6624196e-01
   1.1354437e+00
   1.7039236e+00
   1.9290465e+00
   1.7119100e+00
   1.9644073e+00
   1.8331652e+00
   1.5239363e+00
   1.5629407e+00
   2.1081979e+00
   1.9906993e+00
   1.5170829e+00
   2.6502165e+00
   3.1124845e+00
   2.7751303e+00
   3.0606781e+00
   2.8964159e+00
   2.8786135e+00
   2.7850036e+00
   2.4929481e+00
   2.3585212e+00
   2.0243087e+00
   1.8449882e+00
   1.6838117e+00
   1.6309822e+00
   1.6397047e+00
   4.0570428e+00
   3.8952496e+00
   3.6349032e+00
   3.5044720e+00
   3.3141619e+00
   3.4112823e+00
   3.4617459e+00
   3.5737349e+00
   3.6394155e+00
   3.6163707e+00
   3.7059798e+00
   3.7208788e+00
   4.1094620e+00
   4.1137586e+00
   4.3068736e+00
   4.9254735e+00
   4.1404610e+00
   2.5772630e+00
   1.8146863e+00
   2.2987492e+00
   2.4541220e+00
   2.4481138e+00
   3.9791849e+00
   4.6302522e+00
   4.6450556e+00
   5.1297351e+00
   5.3033727e+00
   5.5150193e+00
   5.3799550e+00
   5.2600511e+00
   5.1057866e+00
   4.6569320e+00
   4.4160540e+00
   4.2553656e+00
   4.2372585e+00
   4.1224258e+00
   5.3277400e+00
   5.1472120e+00
   4.9832671e+00
   4.9323714e+00
   4.8062186e+00
   4.9105471e+00
   4.9767564e+00
   5.2064748e+00
   5.3151763e+00
   5.3922361e+00
   5.5399241e+00
   5.5426434e+00
   5.7414306e+00
   5.6026120e+00
   6.1716875e+00
   6.7037844e+00
   5.4613714e+00
   3.6336524e+00
   2.4717106e+00
   2.8188312e+00
   3.3453180e+00
   3.4364156e+00
   4.3597288e+00
   4.8270906e+00
   5.2030771e+00
   5.6963506e+00
   6.0419925e+00
   6.4963697e+00
   6.5451746e+00
   6.6308478e+00
   6.4473895e+00
   6.0764408e+00
   5.8458341e+00
   5.6291564e+00
   5.6413689e+00
   5.4585470e+00
   5.1628881e+00
   5.0078483e+00
   4.8950644e+00
   4.8684497e+00
   4.9304395e+00
   5.0274286e+00
   5.1356564e+00
   5.3061976e+00
   5.3999100e+00
   5.6081839e+00
   5.8049960e+00
   5.9689050e+00
   6.0391607e+00
   5.9804907e+00
   6.4850631e+00
   6.4583597e+00
   5.6245470e+00
   4.8286877e+00
   4.1657691e+00
   4.4149237e+00
   4.4915171e+00
   3.9426575e+00
   3.9037316e+00
   3.9873071e+00
   4.3744230e+00
   4.9357324e+00
   5.2360177e+00
   5.5722761e+00
   5.8462133e+00
   6.0041742e+00
   5.8637218e+00
   5.6868277e+00
   5.6029797e+00
   5.4799042e+00
   5.4899454e+00
   5.3612905e+00
   3.7396574e+00
   3.7059400e+00
   3.6919305e+00
   3.7167542e+00
   3.8900428e+00
   4.0145588e+00
   4.1668234e+00
   4.1792159e+00
   4.3211942e+00
   4.5343590e+00
   4.6086321e+00
   4.8201571e+00
   4.7624178e+00
   4.9210043e+00
   5.1228676e+00
   4.7278671e+00
   4.7777290e+00
   5.1194019e+00
   5.2106562e+00
   5.2144961e+00
   4.4778452e+00
   3.4003105e+00
   2.7696385e+00
   2.5825827e+00
   2.6503155e+00
   3.2851949e+00
   3.6412127e+00
   3.5125561e+00
   3.6979706e+00
   3.8544121e+00
   3.7798724e+00
   3.7054682e+00
   3.7877545e+00
   3.9451878e+00
   3.9653318e+00
   3.8826833e+00
   1.2917105e+00
   1.5194522e+00
   1.7428988e+00
   1.8928564e+00
   1.9738781e+00
   1.9911277e+00
   2.0670125e+00
   2.0796318e+00
   2.2701333e+00
   2.3174231e+00
   2.1823907e+00
   2.1834438e+00
   2.0632019e+00
   2.3006485e+00
   2.3297451e+00
   2.0303891e+00
   2.3669741e+00
   2.7525325e+00
   2.8278704e+00
   2.6438959e+00
   2.1605475e+00
   1.5469372e+00
   9.4275683e-01
   6.5321267e-01
   3.9121470e-01
   6.2946981e-01
   9.3005258e-01
   6.8470526e-01
   7.2181040e-01
   8.4413224e-01
   7.7905846e-01
   7.4550271e-01
   8.9270866e-01
   1.1427979e+00
   1.1924726e+00
   1.1931939e+00
  -1.3763887e+00
  -1.0633162e+00
  -8.3354580e-01
  -7.2474694e-01
  -7.6932099e-01
  -8.8904727e-01
  -9.5152563e-01
  -9.8316199e-01
  -1.0207644e+00
  -1.1633065e+00
  -1.3087344e+00
  -1.3379796e+00
  -1.3654958e+00
  -1.3825942e+00
  -1.5655899e+00
  -1.7376211e+00
  -1.6320603e+00
  -1.5398806e+00
  -1.5566890e+00
  -1.4424387e+00
  -1.1534929e+00
  -1.0553280e+00
  -1.2197098e+00
  -1.4187791e+00
  -1.7754943e+00
  -2.2171805e+00
  -2.4764915e+00
  -2.6094813e+00
  -2.5852713e+00
  -2.5554559e+00
  -2.5751307e+00
  -2.4838116e+00
  -2.2957127e+00
  -2.1185887e+00
  -1.9447347e+00
  -1.6886501e+00
  -1.1489952e+00
  -1.2397297e+00
  -1.3750997e+00
  -1.4668136e+00
  -1.4977215e+00
  -1.4718497e+00
  -1.4367489e+00
  -1.4302661e+00
  -1.4623005e+00
  -1.4884087e+00
  -1.4666871e+00
  -1.4160315e+00
  -1.4106601e+00
  -1.4785884e+00
  -1.5505314e+00
  -1.5085211e+00
  -1.3044480e+00
  -1.0528851e+00
  -9.0670830e-01
  -8.8713365e-01
  -9.8083586e-01
  -1.0985824e+00
  -1.1564507e+00
  -1.1088879e+00
  -1.0661539e+00
  -1.1246390e+00
  -1.2780365e+00
  -1.4476919e+00
  -1.6287939e+00
  -1.7775968e+00
  -1.8389058e+00
  -1.7845421e+00
  -1.6314466e+00
  -1.4581275e+00
  -1.2806241e+00
  -1.1628102e+00
